/*--------------------------------*- C++ -*----------------------------------*\
| =========                 |                                                 |
| \\      /  F ield         | OpenFOAM: The Open Source CFD Toolbox           |
|  \\    /   O peration     | Version:  2.4.0                                 |
|   \\  /    A nd           | Web:      www.OpenFOAM.org                      |
|    \\/     M anipulation  |                                                 |
\*---------------------------------------------------------------------------*/
FoamFile
{
    version     2.0;
    format      ascii;
    class       volScalarField;
    location    "4.1";
    object      p;
}
// * * * * * * * * * * * * * * * * * * * * * * * * * * * * * * * * * * * * * //

dimensions      [0 2 -2 0 0 0 0];

internalField   nonuniform List<scalar> 
4800
(
5.08807e-06
-0.00159429
-0.00327777
-0.00452604
-0.00501429
-0.00459103
-0.003209
-0.000871871
0.00237565
0.00643782
0.00160366
-2.89863e-05
-0.0012253
-0.00193843
-0.00204465
-0.0014338
-5.81769e-05
0.0020988
0.00502759
0.00868172
0.00332705
0.00111767
-8.66214e-05
-0.000644049
-0.000623973
3.21146e-05
0.00135583
0.00337447
0.00611019
0.00955996
0.00449485
0.00162824
0.00024925
-0.000323606
-0.000319032
0.000277339
0.00148567
0.00335183
0.00594247
0.00931476
0.00455375
0.00116552
-0.00039896
-0.0010615
-0.00116681
-0.000726665
0.000285436
0.00195434
0.00441924
0.00784503
0.00313573
-0.000563557
-0.0022805
-0.00308359
-0.00338682
-0.00320846
-0.0024931
-0.0010897
0.00125529
0.00491955
6.2041e-05
-0.00370743
-0.00552146
-0.0065012
-0.00708661
-0.00728714
-0.00699797
-0.00597573
-0.00380613
0.000320721
-0.00467026
-0.00826958
-0.0101165
-0.0112976
-0.0122437
-0.0129504
-0.0132536
-0.0128061
-0.0110174
-0.0062292
-0.0108968
-0.0141128
-0.0159268
-0.0173172
-0.0186804
-0.0200071
-0.0210802
-0.0214534
-0.0204394
-0.0148187
-0.0183025
-0.0209767
-0.0226938
-0.0242711
-0.0260622
-0.0280875
-0.0301451
-0.0317931
-0.0327903
-0.0284057
6.50088e-06
-0.00161501
-0.00330911
-0.00456636
-0.00505997
-0.00463894
-0.00325707
-0.000918059
0.00233369
0.00640274
0.00162161
-3.34876e-05
-0.00120787
-0.00191085
-0.002012
-0.00139795
-2.22251e-05
0.00213222
0.0050569
0.008707
0.00335764
0.00109166
-8.77758e-05
-0.000642929
-0.000625311
3.08569e-05
0.00135443
0.00337238
0.0061073
0.00955818
0.00453926
0.00159155
0.000249489
-0.000320278
-0.000319965
0.000275907
0.00148376
0.00334868
0.005937
0.00930993
0.00460806
0.00112236
-0.000393919
-0.00105074
-0.00116028
-0.000720436
0.000290996
0.00195762
0.00441581
0.00783826
0.00319504
-0.000611317
-0.00227391
-0.0030699
-0.00337731
-0.00319903
-0.00248388
-0.00108228
0.00124935
0.00490068
0.000121936
-0.00375637
-0.00551441
-0.00648623
-0.00707518
-0.0072753
-0.00698487
-0.00596004
-0.00381393
0.000272751
-0.00461547
-0.00831665
-0.01011
-0.0112831
-0.0122318
-0.0129383
-0.0132399
-0.0127819
-0.0110404
-0.00639621
-0.0108512
-0.0141555
-0.0159224
-0.017305
-0.0186693
-0.0199951
-0.021064
-0.0213967
-0.0204225
-0.0151937
-0.0182695
-0.0210136
-0.022693
-0.0242642
-0.0260548
-0.0280768
-0.0301223
-0.0316523
-0.0324609
-0.0285189
6.75796e-06
-0.00161486
-0.00330897
-0.00456625
-0.00505989
-0.00463888
-0.00325702
-0.00091802
0.00233373
0.00640276
0.00162176
-3.33513e-05
-0.00120774
-0.00191074
-0.00201191
-0.00139788
-2.2174e-05
0.00213226
0.00505693
0.00870703
0.00335777
0.00109179
-8.76621e-05
-0.000642835
-0.000625234
3.09184e-05
0.00135448
0.00337242
0.00610733
0.00955821
0.00453936
0.00159165
0.000249582
-0.000320198
-0.000319898
0.000275962
0.0014838
0.00334871
0.00593703
0.00930996
0.00460814
0.00112244
-0.000393845
-0.00105067
-0.00116022
-0.000720388
0.000291036
0.00195766
0.00441583
0.00783828
0.0031951
-0.000611255
-0.00227385
-0.00306985
-0.00337727
-0.00319899
-0.00248385
-0.00108225
0.00124937
0.0049007
0.000121988
-0.00375633
-0.00551436
-0.00648619
-0.00707515
-0.00727527
-0.00698484
-0.00596001
-0.00381391
0.000272769
-0.00461543
-0.00831661
-0.01011
-0.0112831
-0.0122318
-0.0129383
-0.0132399
-0.0127819
-0.0110404
-0.00639619
-0.0108512
-0.0141555
-0.0159224
-0.017305
-0.0186692
-0.019995
-0.021064
-0.0213967
-0.0204225
-0.0151936
-0.0182694
-0.0210136
-0.022693
-0.0242641
-0.0260548
-0.0280768
-0.0301222
-0.0316522
-0.0324609
-0.0285189
7.94597e-06
-0.00159343
-0.00327731
-0.00452572
-0.00501406
-0.00459086
-0.00320888
-0.000871772
0.00237573
0.00643788
0.00160451
-2.84678e-05
-0.0012249
-0.00193812
-0.00204443
-0.00143363
-5.80452e-05
0.0020989
0.00502768
0.00868178
0.0033275
0.00111806
-8.62938e-05
-0.000643788
-0.00062377
3.22748e-05
0.00135596
0.00337457
0.00611027
0.00956002
0.00449516
0.00162853
0.000249505
-0.000323392
-0.000318857
0.000277482
0.00148579
0.00335192
0.00594254
0.00931482
0.00455397
0.00116574
-0.000398763
-0.00106133
-0.00116666
-0.000726543
0.000285539
0.00195443
0.00441931
0.00784509
0.00313589
-0.000563397
-0.00228035
-0.00308345
-0.0033867
-0.00320836
-0.00249301
-0.00108963
0.00125535
0.0049196
6.21505e-05
-0.00370731
-0.00552135
-0.0065011
-0.00708651
-0.00728706
-0.00699789
-0.00597566
-0.00380608
0.000320767
-0.00467017
-0.00826949
-0.0101164
-0.0112976
-0.0122437
-0.0129503
-0.0132535
-0.0128061
-0.0110173
-0.00622916
-0.0108967
-0.0141127
-0.0159268
-0.0173171
-0.0186804
-0.0200071
-0.0210802
-0.0214533
-0.0204394
-0.0148187
-0.0183025
-0.0209767
-0.0226938
-0.0242711
-0.0260621
-0.0280875
-0.030145
-0.031793
-0.0327903
-0.0284057
0.0111617
0.01636
0.0218635
0.0275442
0.0333173
0.0391334
0.0449686
0.0508174
0.0566878
0.0626001
0.0685868
0.0746938
0.0809806
0.0875185
0.094384
0.101646
0.109343
0.117458
0.125872
0.134346
0.0129646
0.0177383
0.022873
0.0282611
0.0338198
0.0394912
0.0452392
0.0510452
0.0569055
0.0628297
0.068839
0.0749661
0.0812536
0.0877509
0.0945083
0.101567
0.108944
0.116606
0.124455
0.132298
0.0136588
0.0182683
0.0232654
0.028547
0.0340288
0.0396488
0.0453652
0.0511535
0.0570037
0.0629184
0.068911
0.0750048
0.0812314
0.0876284
0.0942357
0.101089
0.108208
0.115581
0.123141
0.130744
0.0134287
0.0180826
0.0231306
0.0284609
0.033984
0.0396361
0.0453753
0.0511766
0.0570278
0.0629273
0.0688823
0.0749075
0.0810247
0.0872626
0.093656
0.100245
0.10707
0.114161
0.121512
0.129054
0.0122307
0.0171784
0.0224858
0.0280278
0.0337106
0.0394761
0.045291
0.0511368
0.0570042
0.0628905
0.0687974
0.0747306
0.0807009
0.0867264
0.0928361
0.0990771
0.105517
0.112245
0.119355
0.126917
0.0100146
0.0156093
0.0214227
0.0273421
0.0332885
0.0392299
0.0451567
0.0510669
0.05696
0.0628347
0.0686882
0.0745166
0.080317
0.0860925
0.0918605
0.097668
0.10361
0.109844
0.116598
0.124219
0.00691195
0.0136433
0.0202128
0.0266289
0.0328842
0.0390119
0.0450485
0.0510182
0.0569331
0.0627949
0.0685955
0.0743198
0.0799483
0.0854629
0.0908581
0.0961647
0.101493
0.107058
0.113253
0.120935
0.0033389
0.0118088
0.0192885
0.0261982
0.0326996
0.0389462
0.0450409
0.051037
0.0569567
0.0628014
0.0685562
0.0741926
0.0796715
0.0849476
0.08998
0.0947636
0.0994029
0.104125
0.109452
0.117049
0.00134552
0.0117903
0.0195919
0.0265315
0.0329723
0.0391486
0.0451941
0.0511616
0.0570652
0.0628962
0.0686281
0.0742166
0.0795994
0.0846963
0.0894123
0.09367
0.0975195
0.100979
0.104403
0.110709
0.00589607
0.0171222
0.022768
0.0283005
0.0339643
0.0397231
0.0455581
0.0514325
0.0573095
0.0631521
0.0689143
0.0745324
0.0799154
0.0849325
0.0893964
0.0930445
0.095522
0.0965342
0.0952767
0.0968167
0.0111353
0.0163416
0.0218512
0.0275365
0.0333126
0.0391304
0.0449665
0.0508156
0.0566859
0.0625977
0.0685837
0.0746897
0.0809755
0.0875125
0.0943776
0.10164
0.109339
0.117459
0.12588
0.134365
0.0129869
0.0177569
0.0228878
0.0282724
0.0338283
0.0394976
0.0452443
0.0510495
0.0569098
0.0628342
0.068844
0.0749716
0.0812593
0.0877561
0.0945117
0.101567
0.108938
0.116592
0.124433
0.132268
0.0136615
0.0182731
0.0232707
0.028552
0.0340331
0.0396522
0.0453679
0.0511555
0.0570053
0.0629197
0.0689121
0.0750057
0.081232
0.0876287
0.0942354
0.101087
0.108205
0.115576
0.123135
0.130739
0.0134331
0.0180897
0.0231376
0.0284672
0.033989
0.0396398
0.045378
0.0511784
0.057029
0.0629282
0.0688829
0.0749079
0.081025
0.0872628
0.093656
0.100245
0.107069
0.114158
0.121507
0.129049
0.0122427
0.0171918
0.0224967
0.0280363
0.0337166
0.0394801
0.0452936
0.0511384
0.0570053
0.0628913
0.068798
0.0747312
0.0807017
0.0867273
0.0928369
0.0990772
0.105516
0.112242
0.119345
0.126902
0.01004
0.0156311
0.0214363
0.0273512
0.0332939
0.0392328
0.0451582
0.0510676
0.0569603
0.0628349
0.0686884
0.0745169
0.0803176
0.0860935
0.0918616
0.0976687
0.103611
0.109842
0.116581
0.124182
0.00697957
0.013688
0.0202335
0.0266397
0.0328888
0.0390133
0.0450487
0.0510179
0.0569329
0.0627947
0.0685955
0.0743202
0.0799491
0.0854642
0.0908598
0.0961656
0.101492
0.107052
0.11321
0.120831
0.00345375
0.0118555
0.019298
0.0262018
0.0326991
0.0389443
0.0450391
0.0510355
0.0569555
0.0628003
0.0685553
0.0741919
0.0796711
0.084948
0.0899816
0.0947641
0.0994015
0.10413
0.109414
0.116884
0.00148897
0.0117267
0.0195206
0.026501
0.0329565
0.039139
0.0451881
0.051157
0.0570608
0.0628913
0.0686221
0.0742094
0.0795913
0.0846887
0.089408
0.093671
0.0975387
0.101068
0.104523
0.110531
0.00673673
0.0172656
0.0227785
0.0283236
0.0339792
0.0397302
0.0455621
0.0514353
0.057312
0.0631549
0.0689177
0.0745367
0.0799207
0.0849382
0.0894008
0.093042
0.0955127
0.0965654
0.095215
0.0957524
0.0111353
0.0163416
0.0218512
0.0275365
0.0333126
0.0391304
0.0449665
0.0508156
0.0566859
0.0625977
0.0685837
0.0746897
0.0809755
0.0875125
0.0943776
0.10164
0.109339
0.117459
0.12588
0.134365
0.0129869
0.017757
0.0228878
0.0282724
0.0338283
0.0394976
0.0452443
0.0510495
0.0569098
0.0628342
0.068844
0.0749716
0.0812593
0.0877561
0.0945117
0.101567
0.108938
0.116592
0.124433
0.132268
0.0136616
0.0182731
0.0232707
0.028552
0.0340331
0.0396522
0.0453679
0.0511555
0.0570053
0.0629197
0.0689121
0.0750057
0.081232
0.0876287
0.0942354
0.101087
0.108205
0.115576
0.123135
0.130739
0.0134331
0.0180897
0.0231376
0.0284672
0.033989
0.0396398
0.045378
0.0511784
0.057029
0.0629282
0.0688829
0.0749079
0.081025
0.0872628
0.093656
0.100245
0.107069
0.114158
0.121507
0.129049
0.0122427
0.0171918
0.0224967
0.0280364
0.0337166
0.0394801
0.0452936
0.0511384
0.0570053
0.0628913
0.068798
0.0747312
0.0807017
0.0867273
0.0928369
0.0990772
0.105516
0.112242
0.119345
0.126902
0.0100401
0.0156311
0.0214363
0.0273512
0.0332939
0.0392328
0.0451582
0.0510676
0.0569603
0.0628349
0.0686884
0.0745169
0.0803176
0.0860935
0.0918616
0.0976687
0.103611
0.109842
0.116581
0.124182
0.00697959
0.013688
0.0202335
0.0266397
0.0328888
0.0390133
0.0450487
0.0510179
0.0569329
0.0627947
0.0685955
0.0743202
0.0799491
0.0854642
0.0908598
0.0961656
0.101492
0.107052
0.11321
0.120831
0.00345376
0.0118555
0.019298
0.0262018
0.0326991
0.0389443
0.0450391
0.0510355
0.0569555
0.0628003
0.0685553
0.0741919
0.0796711
0.084948
0.0899816
0.0947641
0.0994015
0.10413
0.109414
0.116884
0.00148898
0.0117267
0.0195206
0.026501
0.0329566
0.039139
0.0451881
0.051157
0.0570608
0.0628913
0.0686221
0.0742094
0.0795913
0.0846887
0.089408
0.093671
0.0975387
0.101068
0.104523
0.110531
0.00673674
0.0172656
0.0227785
0.0283236
0.0339792
0.0397302
0.0455621
0.0514353
0.057312
0.0631549
0.0689177
0.0745367
0.0799207
0.0849382
0.0894008
0.093042
0.0955126
0.0965654
0.095215
0.0957524
0.0111618
0.0163601
0.0218635
0.0275442
0.0333174
0.0391334
0.0449686
0.0508174
0.0566878
0.0626001
0.0685868
0.0746938
0.0809806
0.0875185
0.094384
0.101646
0.109343
0.117458
0.125872
0.134346
0.0129646
0.0177383
0.022873
0.0282611
0.0338198
0.0394913
0.0452392
0.0510452
0.0569055
0.0628297
0.068839
0.0749662
0.0812536
0.0877509
0.0945083
0.101567
0.108944
0.116606
0.124455
0.132298
0.0136588
0.0182683
0.0232655
0.028547
0.0340288
0.0396488
0.0453652
0.0511535
0.0570037
0.0629184
0.068911
0.0750048
0.0812314
0.0876284
0.0942358
0.101089
0.108208
0.115581
0.123141
0.130744
0.0134288
0.0180827
0.0231306
0.0284609
0.033984
0.0396361
0.0453754
0.0511766
0.0570278
0.0629273
0.0688823
0.0749075
0.0810247
0.0872626
0.093656
0.100245
0.10707
0.114161
0.121512
0.129054
0.0122308
0.0171784
0.0224859
0.0280279
0.0337106
0.0394761
0.0452911
0.0511368
0.0570043
0.0628906
0.0687974
0.0747306
0.0807009
0.0867264
0.0928361
0.0990771
0.105517
0.112245
0.119355
0.126917
0.0100146
0.0156094
0.0214227
0.0273421
0.0332885
0.0392299
0.0451568
0.0510669
0.05696
0.0628348
0.0686883
0.0745166
0.080317
0.0860925
0.0918605
0.097668
0.10361
0.109844
0.116598
0.124219
0.00691199
0.0136433
0.0202128
0.0266289
0.0328842
0.0390119
0.0450485
0.0510182
0.0569331
0.0627949
0.0685955
0.0743198
0.0799483
0.0854629
0.0908581
0.0961647
0.101493
0.107058
0.113253
0.120935
0.00333894
0.0118088
0.0192885
0.0261982
0.0326996
0.0389462
0.045041
0.051037
0.0569567
0.0628014
0.0685562
0.0741926
0.0796715
0.0849476
0.08998
0.0947636
0.0994029
0.104125
0.109452
0.117049
0.00134555
0.0117903
0.0195919
0.0265315
0.0329723
0.0391486
0.0451941
0.0511616
0.0570652
0.0628962
0.0686281
0.0742166
0.0795994
0.0846963
0.0894123
0.09367
0.0975195
0.100979
0.104403
0.110709
0.0058961
0.0171223
0.022768
0.0283006
0.0339643
0.0397231
0.0455581
0.0514325
0.0573095
0.0631521
0.0689143
0.0745324
0.0799154
0.0849325
0.0893964
0.0930445
0.095522
0.0965343
0.0952767
0.0968167
0.142511
0.149918
0.156147
0.160883
0.163961
0.165382
0.165326
0.164159
0.162436
0.160837
0.139838
0.146703
0.152549
0.157114
0.160261
0.161993
0.162458
0.161948
0.160801
0.159234
0.138121
0.144889
0.150702
0.1553
0.158544
0.160428
0.161079
0.160744
0.159604
0.15755
0.136544
0.143499
0.14952
0.154319
0.157741
0.159766
0.160506
0.160187
0.158892
0.156301
0.134752
0.142134
0.148573
0.153733
0.157437
0.159661
0.160512
0.160209
0.158788
0.155814
0.132726
0.140806
0.147864
0.153531
0.157615
0.160102
0.161111
0.160868
0.159402
0.15624
0.130668
0.13973
0.147557
0.153817
0.158329
0.161115
0.162322
0.162197
0.160783
0.157628
0.129018
0.139353
0.148
0.154836
0.159731
0.162786
0.164193
0.164223
0.162949
0.159975
0.128019
0.14036
0.149782
0.157001
0.162075
0.165254
0.166791
0.166969
0.165891
0.163237
0.132398
0.145968
0.154558
0.16112
0.165737
0.168683
0.170172
0.170433
0.169564
0.167321
0.142543
0.149963
0.156202
0.160943
0.16402
0.165437
0.16537
0.164189
0.162453
0.160836
0.139801
0.14666
0.152502
0.157065
0.160213
0.16195
0.162421
0.161922
0.160796
0.159213
0.138122
0.144894
0.150708
0.155307
0.15855
0.160433
0.161079
0.160742
0.159622
0.157518
0.136551
0.143511
0.149534
0.154334
0.157754
0.159777
0.16051
0.160188
0.158919
0.156261
0.13476
0.142145
0.148584
0.153744
0.157446
0.159668
0.160511
0.160207
0.15882
0.155768
0.132737
0.140818
0.147876
0.153542
0.157624
0.160108
0.161109
0.160867
0.159438
0.156192
0.130691
0.139746
0.147571
0.15383
0.158338
0.161121
0.16232
0.162195
0.160819
0.15758
0.129159
0.139409
0.148024
0.154852
0.159739
0.162789
0.16419
0.164221
0.162983
0.159928
0.128348
0.140377
0.149759
0.156993
0.162069
0.16525
0.166785
0.166966
0.165921
0.163195
0.132285
0.145593
0.154391
0.161072
0.165718
0.168676
0.170167
0.170431
0.169589
0.167286
0.142543
0.149963
0.156202
0.160943
0.16402
0.165437
0.16537
0.164189
0.162453
0.160836
0.139801
0.14666
0.152502
0.157065
0.160213
0.16195
0.162421
0.161922
0.160796
0.159213
0.138122
0.144894
0.150708
0.155307
0.15855
0.160433
0.161079
0.160742
0.159622
0.157518
0.136551
0.143511
0.149534
0.154334
0.157754
0.159777
0.16051
0.160188
0.158919
0.156261
0.13476
0.142145
0.148584
0.153744
0.157446
0.159668
0.160511
0.160207
0.15882
0.155768
0.132737
0.140818
0.147876
0.153542
0.157624
0.160108
0.161109
0.160867
0.159438
0.156192
0.130691
0.139746
0.147571
0.15383
0.158338
0.161121
0.16232
0.162195
0.160819
0.15758
0.129159
0.139409
0.148024
0.154852
0.159739
0.162789
0.16419
0.164221
0.162983
0.159928
0.128348
0.140377
0.149759
0.156993
0.162069
0.16525
0.166785
0.166966
0.165921
0.163195
0.132285
0.145593
0.154391
0.161072
0.165718
0.168676
0.170167
0.170431
0.169589
0.167286
0.142511
0.149918
0.156147
0.160883
0.163961
0.165382
0.165326
0.164159
0.162436
0.160837
0.139838
0.146703
0.152549
0.157114
0.160261
0.161993
0.162458
0.161948
0.160801
0.159234
0.138121
0.144889
0.150702
0.1553
0.158544
0.160428
0.161079
0.160744
0.159604
0.15755
0.136544
0.143499
0.14952
0.154319
0.157741
0.159766
0.160506
0.160187
0.158892
0.156301
0.134752
0.142134
0.148573
0.153733
0.157437
0.159661
0.160512
0.160209
0.158788
0.155814
0.132726
0.140806
0.147864
0.153531
0.157615
0.160102
0.161111
0.160868
0.159402
0.15624
0.130668
0.13973
0.147557
0.153817
0.158329
0.161115
0.162322
0.162197
0.160783
0.157628
0.129018
0.139353
0.148
0.154836
0.159731
0.162786
0.164193
0.164223
0.162949
0.159975
0.128019
0.14036
0.149782
0.157001
0.162075
0.165254
0.166791
0.166969
0.165891
0.163237
0.132398
0.145968
0.154558
0.16112
0.165737
0.168683
0.170172
0.170433
0.169564
0.167321
0.166651
0.1621
0.164104
0.167698
0.170828
0.173074
0.174299
0.174551
0.173872
0.172077
0.177816
0.172503
0.172546
0.174413
0.176418
0.178027
0.178968
0.179184
0.178678
0.177319
0.183397
0.180259
0.179995
0.180965
0.182226
0.183341
0.184032
0.184208
0.183851
0.182879
0.188856
0.187153
0.186875
0.187364
0.18814
0.188888
0.189379
0.189516
0.189281
0.188627
0.194443
0.193554
0.193354
0.193608
0.194084
0.194575
0.194913
0.195018
0.194877
0.194474
0.200131
0.199708
0.199599
0.199738
0.200027
0.200339
0.200563
0.200641
0.200569
0.200358
0.205923
0.205769
0.205727
0.205802
0.205964
0.206144
0.206276
0.206326
0.206301
0.206236
0.211807
0.211829
0.21182
0.211841
0.211899
0.211966
0.212011
0.212022
0.212023
0.212072
0.21781
0.217939
0.217936
0.21789
0.217839
0.217786
0.217731
0.217686
0.217688
0.217819
0.223969
0.22416
0.224126
0.223983
0.223793
0.22359
0.223406
0.223273
0.223248
0.223429
0.230352
0.230553
0.230438
0.230147
0.229768
0.229365
0.229004
0.228741
0.228648
0.228836
0.23705
0.237184
0.23692
0.236411
0.23577
0.235098
0.234496
0.234047
0.233832
0.233966
0.244181
0.244124
0.243612
0.242793
0.241801
0.240776
0.239858
0.239154
0.238748
0.238732
0.251888
0.25143
0.250537
0.249298
0.247855
0.246389
0.245075
0.24404
0.243353
0.243051
0.260349
0.259114
0.257669
0.255893
0.253906
0.251925
0.250149
0.248711
0.24764
0.246852
0.269676
0.267145
0.264895
0.26247
0.259885
0.257368
0.255108
0.253216
0.251641
0.250121
0.279927
0.275189
0.27187
0.268762
0.265632
0.262673
0.260003
0.257666
0.255476
0.252905
0.290778
0.282486
0.277889
0.274249
0.270831
0.267729
0.264901
0.26225
0.259376
0.255376
0.302219
0.288051
0.281783
0.277985
0.274869
0.272271
0.269844
0.267232
0.263714
0.257881
0.313205
0.288301
0.280353
0.277801
0.276488
0.275732
0.274788
0.272955
0.269061
0.261025
0.167492
0.162243
0.164219
0.167766
0.170854
0.173086
0.174303
0.174554
0.173894
0.172051
0.177959
0.17244
0.172593
0.174458
0.17644
0.17804
0.178975
0.179189
0.178697
0.177301
0.183407
0.180189
0.180004
0.180986
0.18224
0.183352
0.184039
0.184213
0.183866
0.182867
0.188879
0.187124
0.186879
0.187375
0.18815
0.188897
0.189385
0.189521
0.189291
0.18862
0.194457
0.19354
0.193354
0.193613
0.194089
0.194581
0.194918
0.195022
0.194884
0.19447
0.200137
0.199701
0.199597
0.19974
0.20003
0.200343
0.200567
0.200644
0.200573
0.200357
0.205925
0.205767
0.205726
0.205802
0.205965
0.206147
0.206279
0.206327
0.206303
0.206236
0.211806
0.21183
0.211819
0.211841
0.2119
0.211967
0.212012
0.212023
0.212022
0.212073
0.217808
0.217942
0.217935
0.21789
0.21784
0.217786
0.217732
0.217686
0.217686
0.217822
0.223966
0.224164
0.224126
0.223982
0.223793
0.22359
0.223407
0.223274
0.223244
0.223432
0.230347
0.230558
0.230438
0.230146
0.229768
0.229364
0.229004
0.228741
0.228643
0.228841
0.237044
0.237189
0.236919
0.236409
0.235769
0.235097
0.234496
0.234047
0.233828
0.233971
0.244175
0.244125
0.24361
0.242791
0.2418
0.240775
0.239858
0.239155
0.238745
0.238737
0.251883
0.251425
0.250533
0.249295
0.247853
0.246387
0.245075
0.244042
0.243355
0.243054
0.260348
0.259096
0.257663
0.255889
0.253902
0.251923
0.250149
0.248714
0.24765
0.246853
0.269689
0.267107
0.264887
0.262467
0.259881
0.257367
0.255108
0.253221
0.251662
0.250116
0.279978
0.27512
0.271863
0.268762
0.265627
0.262672
0.260003
0.257675
0.255516
0.25289
0.290843
0.282312
0.277866
0.274247
0.270823
0.267728
0.264903
0.262263
0.25944
0.255347
0.302334
0.287728
0.281789
0.278028
0.274883
0.272283
0.269852
0.267253
0.263813
0.257832
0.314536
0.288409
0.280648
0.277985
0.276556
0.275765
0.274804
0.272985
0.269204
0.260948
0.167492
0.162243
0.164219
0.167766
0.170854
0.173086
0.174303
0.174554
0.173894
0.172051
0.177959
0.17244
0.172593
0.174458
0.17644
0.17804
0.178975
0.179189
0.178697
0.177301
0.183407
0.180189
0.180004
0.180986
0.18224
0.183352
0.184039
0.184213
0.183866
0.182867
0.188879
0.187124
0.186879
0.187375
0.18815
0.188897
0.189385
0.189521
0.189291
0.18862
0.194457
0.19354
0.193354
0.193613
0.194089
0.194581
0.194918
0.195022
0.194884
0.19447
0.200137
0.199701
0.199597
0.19974
0.20003
0.200343
0.200567
0.200644
0.200573
0.200357
0.205925
0.205767
0.205726
0.205802
0.205965
0.206147
0.206279
0.206327
0.206303
0.206236
0.211806
0.21183
0.211819
0.211841
0.2119
0.211967
0.212012
0.212023
0.212022
0.212073
0.217808
0.217942
0.217935
0.21789
0.21784
0.217786
0.217732
0.217686
0.217686
0.217822
0.223966
0.224164
0.224126
0.223982
0.223793
0.22359
0.223407
0.223274
0.223244
0.223432
0.230347
0.230558
0.230438
0.230146
0.229768
0.229364
0.229004
0.228741
0.228643
0.228841
0.237044
0.237189
0.236919
0.236409
0.235769
0.235097
0.234496
0.234047
0.233828
0.233971
0.244175
0.244125
0.24361
0.242791
0.2418
0.240775
0.239858
0.239155
0.238745
0.238737
0.251883
0.251425
0.250533
0.249295
0.247853
0.246387
0.245075
0.244042
0.243355
0.243054
0.260348
0.259096
0.257663
0.255889
0.253902
0.251923
0.250149
0.248714
0.24765
0.246853
0.269689
0.267107
0.264887
0.262467
0.259881
0.257367
0.255108
0.253221
0.251662
0.250116
0.279978
0.27512
0.271863
0.268762
0.265627
0.262672
0.260003
0.257675
0.255516
0.25289
0.290843
0.282312
0.277866
0.274247
0.270823
0.267728
0.264903
0.262263
0.25944
0.255347
0.302334
0.287728
0.281789
0.278028
0.274883
0.272283
0.269852
0.267253
0.263813
0.257832
0.314536
0.288409
0.280648
0.277985
0.276556
0.275765
0.274804
0.272985
0.269204
0.260948
0.166651
0.1621
0.164104
0.167698
0.170828
0.173074
0.174299
0.174551
0.173872
0.172077
0.177816
0.172503
0.172546
0.174413
0.176418
0.178027
0.178968
0.179184
0.178678
0.177319
0.183397
0.180259
0.179995
0.180965
0.182226
0.183341
0.184032
0.184208
0.183851
0.182879
0.188856
0.187153
0.186875
0.187364
0.18814
0.188888
0.189379
0.189516
0.189281
0.188627
0.194443
0.193554
0.193354
0.193608
0.194084
0.194575
0.194913
0.195018
0.194877
0.194474
0.200131
0.199708
0.199599
0.199738
0.200027
0.200339
0.200563
0.200641
0.200569
0.200358
0.205923
0.205769
0.205727
0.205802
0.205964
0.206144
0.206276
0.206326
0.206301
0.206236
0.211807
0.211829
0.21182
0.211841
0.211899
0.211966
0.212011
0.212022
0.212023
0.212072
0.21781
0.217939
0.217936
0.21789
0.217839
0.217786
0.217731
0.217686
0.217688
0.217819
0.223969
0.22416
0.224126
0.223983
0.223793
0.22359
0.223406
0.223273
0.223248
0.223429
0.230352
0.230553
0.230438
0.230147
0.229768
0.229365
0.229004
0.228741
0.228648
0.228836
0.23705
0.237184
0.23692
0.236411
0.23577
0.235098
0.234496
0.234047
0.233832
0.233966
0.244181
0.244124
0.243612
0.242793
0.241801
0.240776
0.239858
0.239154
0.238748
0.238732
0.251888
0.25143
0.250537
0.249298
0.247855
0.246389
0.245075
0.24404
0.243353
0.243051
0.260349
0.259114
0.257669
0.255893
0.253906
0.251925
0.250149
0.248711
0.24764
0.246852
0.269676
0.267145
0.264895
0.26247
0.259885
0.257368
0.255107
0.253216
0.251641
0.250121
0.279927
0.275189
0.27187
0.268762
0.265632
0.262673
0.260003
0.257666
0.255476
0.252905
0.290778
0.282486
0.277889
0.274249
0.270831
0.267729
0.264901
0.26225
0.259376
0.255376
0.302219
0.288051
0.281783
0.277985
0.274869
0.272271
0.269844
0.267232
0.263714
0.257881
0.313205
0.288301
0.280353
0.277801
0.276488
0.275732
0.274788
0.272955
0.269061
0.261025
0.252771
0.261379
0.266605
0.270704
0.274265
0.277513
0.279727
0.279909
0.276269
0.265797
0.223646
0.239451
0.250674
0.260224
0.269309
0.277964
0.285046
0.288885
0.286607
0.273769
0.206168
0.22149
0.23485
0.248354
0.262822
0.2778
0.291454
0.30104
0.301911
0.287398
0.192659
0.206497
0.220696
0.237129
0.256576
0.278409
0.300265
0.318138
0.324876
0.310628
0.182834
0.195494
0.210177
0.228949
0.25296
0.281929
0.313529
0.342755
0.359479
0.349921
0.176942
0.189295
0.204814
0.225913
0.254376
0.290779
0.333722
0.378182
0.411307
0.415384
0.174795
0.187896
0.20501
0.228924
0.262183
0.306654
0.362903
0.427623
0.486858
0.521334
0.175505
0.190088
0.209364
0.236512
0.274989
0.328433
0.400507
0.491291
0.591075
0.694937
0.177446
0.193148
0.213862
0.243059
0.285156
0.346047
0.434043
0.557369
0.726209
1.00606
0.178798
0.194008
0.213535
0.240751
0.280348
0.339678
0.43273
0.587028
0.873391
1.49051
0.253111
0.260916
0.266478
0.270694
0.274263
0.277521
0.279732
0.279942
0.276465
0.265685
0.224065
0.239376
0.250608
0.260189
0.269286
0.277958
0.285038
0.288921
0.28687
0.273616
0.206423
0.221508
0.234818
0.248313
0.262782
0.277773
0.291423
0.301073
0.302251
0.287203
0.192749
0.206481
0.220643
0.23706
0.256502
0.278342
0.300191
0.318154
0.325286
0.310389
0.18286
0.195461
0.210107
0.228852
0.252846
0.281807
0.31339
0.342731
0.359912
0.349666
0.176949
0.189258
0.204734
0.225793
0.254217
0.290579
0.333479
0.378064
0.411662
0.415337
0.17481
0.187874
0.204942
0.228801
0.261986
0.306341
0.362472
0.427288
0.486835
0.521824
0.175549
0.190122
0.209385
0.236513
0.274937
0.328232
0.400129
0.490943
0.589779
0.69462
0.177514
0.193261
0.214047
0.243349
0.285586
0.346608
0.434785
0.557971
0.722977
1.00377
0.178849
0.194047
0.213553
0.240754
0.280361
0.339752
0.433087
0.587462
0.869702
1.49977
0.253111
0.260916
0.266478
0.270694
0.274263
0.277521
0.279732
0.279942
0.276465
0.265685
0.224065
0.239376
0.250608
0.260189
0.269286
0.277958
0.285038
0.288921
0.28687
0.273616
0.206423
0.221508
0.234818
0.248313
0.262782
0.277773
0.291423
0.301073
0.302251
0.287203
0.192749
0.206481
0.220643
0.23706
0.256502
0.278342
0.300191
0.318154
0.325286
0.310389
0.18286
0.195461
0.210107
0.228852
0.252846
0.281807
0.31339
0.342731
0.359912
0.349666
0.176949
0.189258
0.204734
0.225793
0.254217
0.290579
0.333479
0.378064
0.411662
0.415337
0.17481
0.187874
0.204942
0.228801
0.261986
0.306341
0.362472
0.427288
0.486835
0.521824
0.175549
0.190122
0.209385
0.236513
0.274937
0.328232
0.400129
0.490943
0.589779
0.69462
0.177514
0.193261
0.214047
0.243349
0.285586
0.346608
0.434785
0.557971
0.722977
1.00377
0.178849
0.194047
0.213553
0.240754
0.280361
0.339752
0.433087
0.587462
0.869702
1.49977
0.252771
0.261379
0.266605
0.270704
0.274265
0.277513
0.279727
0.279909
0.276269
0.265797
0.223646
0.239451
0.250674
0.260224
0.269309
0.277964
0.285046
0.288885
0.286607
0.273769
0.206168
0.22149
0.23485
0.248354
0.262822
0.2778
0.291454
0.30104
0.301911
0.287398
0.192659
0.206497
0.220696
0.237129
0.256576
0.278409
0.300265
0.318138
0.324876
0.310628
0.182834
0.195494
0.210177
0.228949
0.25296
0.281929
0.313529
0.342755
0.359479
0.349921
0.176942
0.189295
0.204814
0.225913
0.254376
0.290779
0.333722
0.378182
0.411307
0.415384
0.174795
0.187896
0.20501
0.228924
0.262183
0.306654
0.362903
0.427623
0.486858
0.521334
0.175505
0.190088
0.209364
0.236512
0.274989
0.328433
0.400507
0.491292
0.591075
0.694937
0.177446
0.193148
0.213862
0.243059
0.285156
0.346047
0.434043
0.557369
0.726209
1.00606
0.178798
0.194008
0.213535
0.240751
0.280348
0.339678
0.43273
0.587028
0.873391
1.49051
-0.153762
-0.133094
-0.115049
-0.0984079
-0.0817906
-0.0649902
-0.0479982
-0.0308496
-0.013605
0.00366453
0.0208827
0.0379775
0.054883
0.0715504
0.0880066
0.10444
0.121333
0.139726
0.16292
0.200682
-0.139799
-0.126315
-0.111793
-0.0965416
-0.0806105
-0.0642097
-0.0474743
-0.0305014
-0.0133752
0.00382963
0.0210479
0.0382212
0.05531
0.0723176
0.089316
0.106512
0.124302
0.143308
0.16504
0.192944
-0.136587
-0.124593
-0.110894
-0.0960358
-0.08034
-0.0640708
-0.0474013
-0.0304536
-0.0133216
0.00391983
0.02121
0.0385
0.0557565
0.0729729
0.0901881
0.107519
0.125177
0.143457
0.162914
0.184448
-0.137776
-0.125475
-0.111598
-0.0966068
-0.0808079
-0.064442
-0.0476787
-0.0306381
-0.0134084
0.00394386
0.0213655
0.0388115
0.0562415
0.07362
0.0909198
0.108129
0.125249
0.14228
0.159278
0.176347
-0.140469
-0.127493
-0.113128
-0.0977567
-0.0816655
-0.0650701
-0.0481224
-0.0309272
-0.0135578
0.00393244
0.0214995
0.0391
0.0566813
0.0741727
0.091476
0.108463
0.124957
0.140756
0.155689
0.169716
-0.142895
-0.129303
-0.114471
-0.0987384
-0.0823718
-0.0655666
-0.0484568
-0.0311312
-0.0136492
0.00394652
0.0216178
0.0393189
0.056983
0.0745066
0.0917331
0.108468
0.124409
0.139283
0.152878
0.165256
-0.143393
-0.129563
-0.114597
-0.098786
-0.0823738
-0.0655407
-0.0484114
-0.0310685
-0.0135677
0.00404948
0.0217428
0.0394592
0.0571182
0.0745939
0.0917018
0.108196
0.123777
0.138163
0.151214
0.163149
-0.141087
-0.127615
-0.113032
-0.0975724
-0.0814543
-0.0648543
-0.0479028
-0.0306922
-0.0132889
0.00425435
0.021886
0.0395406
0.0571253
0.0745033
0.0914834
0.107822
0.12325
0.137546
0.150678
0.163003
-0.135989
-0.123651
-0.110045
-0.0953763
-0.0798715
-0.0637307
-0.0471148
-0.0301464
-0.0129185
0.00449518
0.0220275
0.0395978
0.0571037
0.0744074
0.0913245
0.107631
0.123096
0.137554
0.151042
0.16399
-0.127728
-0.117687
-0.10584
-0.0924741
-0.0779055
-0.0624209
-0.0462562
-0.0295939
-0.0125714
0.00470511
0.0221454
0.0396674
0.0571679
0.0745114
0.0915238
0.107993
0.123692
0.138445
0.152242
0.165406
-0.154145
-0.132977
-0.115035
-0.0984303
-0.0818034
-0.0649978
-0.0480035
-0.030853
-0.0136068
0.00366416
0.0208833
0.0379783
0.054883
0.0715475
0.0879969
0.104419
0.12131
0.139677
0.162589
0.200083
-0.139741
-0.126144
-0.111716
-0.0965047
-0.080584
-0.0641912
-0.0474617
-0.0304929
-0.0133697
0.00383304
0.0210503
0.038224
0.0553153
0.0723284
0.0893353
0.106544
0.124361
0.143379
0.164939
0.192687
-0.136647
-0.124568
-0.110869
-0.0960175
-0.0803252
-0.0640601
-0.0473939
-0.0304484
-0.013318
0.00392223
0.0212115
0.038501
0.0557572
0.0729733
0.0901868
0.107514
0.125171
0.143439
0.162823
0.184363
-0.137821
-0.125474
-0.111589
-0.0965975
-0.0807995
-0.0644355
-0.0476739
-0.0306348
-0.0134061
0.0039455
0.0213667
0.0388123
0.0562419
0.0736196
0.0909175
0.108123
0.125238
0.142258
0.159228
0.176317
-0.140496
-0.127501
-0.113129
-0.0977567
-0.0816645
-0.0650689
-0.0481215
-0.0309266
-0.0135574
0.0039327
0.0214998
0.0391004
0.056682
0.0741737
0.0914769
0.108462
0.124955
0.14075
0.155673
0.169711
-0.142933
-0.129328
-0.114488
-0.0987506
-0.0823802
-0.0655725
-0.048461
-0.0311342
-0.0136513
0.00394499
0.0216168
0.0393185
0.0569833
0.0745078
0.0917356
0.108468
0.124411
0.139285
0.15288
0.165262
-0.143434
-0.129594
-0.11462
-0.0988029
-0.0823859
-0.0655493
-0.0484175
-0.0310729
-0.0135709
0.00404704
0.0217409
0.039458
0.0571176
0.0745945
0.091704
0.1082
0.123784
0.138175
0.15123
0.163169
-0.141123
-0.12764
-0.113049
-0.0975828
-0.0814608
-0.0648583
-0.0479052
-0.0306937
-0.0132902
0.00425296
0.0218842
0.0395385
0.0571231
0.0745017
0.0914836
0.107826
0.12326
0.137565
0.150707
0.163042
-0.136088
-0.123713
-0.110082
-0.095397
-0.0798822
-0.0637356
-0.0471166
-0.0301468
-0.0129185
0.00449453
0.0220258
0.0395945
0.0570987
0.0744008
0.0913172
0.107625
0.123094
0.137562
0.151066
0.164033
-0.127671
-0.117648
-0.105813
-0.092456
-0.0778935
-0.0624133
-0.0462517
-0.0295917
-0.0125709
0.00470464
0.0221444
0.0396665
0.057168
0.0745143
0.0915318
0.108009
0.123719
0.138485
0.152293
0.165461
-0.154145
-0.132977
-0.115035
-0.0984303
-0.0818034
-0.0649978
-0.0480035
-0.030853
-0.0136068
0.00366416
0.0208833
0.0379783
0.054883
0.0715475
0.0879969
0.104419
0.12131
0.139677
0.162589
0.200083
-0.139741
-0.126144
-0.111716
-0.0965047
-0.080584
-0.0641912
-0.0474617
-0.0304929
-0.0133697
0.00383304
0.0210503
0.038224
0.0553153
0.0723284
0.0893353
0.106544
0.124361
0.143379
0.164939
0.192687
-0.136647
-0.124568
-0.110869
-0.0960175
-0.0803252
-0.0640601
-0.0473939
-0.0304484
-0.013318
0.00392223
0.0212115
0.038501
0.0557572
0.0729733
0.0901868
0.107514
0.125171
0.143439
0.162823
0.184363
-0.137821
-0.125474
-0.111589
-0.0965975
-0.0807995
-0.0644355
-0.0476739
-0.0306348
-0.0134061
0.0039455
0.0213667
0.0388123
0.0562419
0.0736196
0.0909175
0.108123
0.125238
0.142258
0.159228
0.176317
-0.140496
-0.127501
-0.113129
-0.0977567
-0.0816645
-0.0650689
-0.0481215
-0.0309266
-0.0135574
0.0039327
0.0214998
0.0391004
0.056682
0.0741737
0.0914768
0.108462
0.124955
0.14075
0.155673
0.169711
-0.142933
-0.129328
-0.114488
-0.0987506
-0.0823802
-0.0655725
-0.048461
-0.0311342
-0.0136513
0.00394498
0.0216168
0.0393185
0.0569833
0.0745078
0.0917356
0.108468
0.124411
0.139285
0.15288
0.165262
-0.143434
-0.129594
-0.11462
-0.0988029
-0.0823859
-0.0655493
-0.0484175
-0.0310729
-0.0135709
0.00404704
0.0217409
0.039458
0.0571176
0.0745945
0.091704
0.1082
0.123784
0.138175
0.15123
0.163169
-0.141123
-0.12764
-0.113049
-0.0975828
-0.0814608
-0.0648583
-0.0479052
-0.0306937
-0.0132902
0.00425296
0.0218842
0.0395385
0.0571231
0.0745017
0.0914836
0.107826
0.12326
0.137565
0.150707
0.163042
-0.136088
-0.123713
-0.110082
-0.095397
-0.0798822
-0.0637356
-0.0471166
-0.0301468
-0.0129185
0.00449453
0.0220258
0.0395945
0.0570987
0.0744008
0.0913172
0.107625
0.123094
0.137562
0.151066
0.164033
-0.127671
-0.117648
-0.105813
-0.092456
-0.0778935
-0.0624133
-0.0462517
-0.0295917
-0.0125709
0.00470464
0.0221444
0.0396665
0.057168
0.0745143
0.0915318
0.108009
0.123719
0.138485
0.152293
0.165461
-0.153762
-0.133094
-0.115049
-0.0984079
-0.0817906
-0.0649902
-0.0479982
-0.0308496
-0.013605
0.00366453
0.0208827
0.0379775
0.054883
0.0715504
0.0880066
0.10444
0.121333
0.139726
0.16292
0.200682
-0.139799
-0.126315
-0.111793
-0.0965416
-0.0806105
-0.0642097
-0.0474743
-0.0305014
-0.0133752
0.00382963
0.0210479
0.0382212
0.05531
0.0723176
0.089316
0.106512
0.124302
0.143308
0.16504
0.192944
-0.136587
-0.124593
-0.110894
-0.0960358
-0.08034
-0.0640708
-0.0474013
-0.0304536
-0.0133216
0.00391983
0.02121
0.0385
0.0557565
0.0729729
0.0901881
0.107519
0.125177
0.143457
0.162914
0.184448
-0.137776
-0.125475
-0.111598
-0.0966068
-0.0808079
-0.064442
-0.0476787
-0.0306381
-0.0134084
0.00394386
0.0213655
0.0388115
0.0562415
0.07362
0.0909198
0.108129
0.125249
0.14228
0.159278
0.176347
-0.140469
-0.127493
-0.113128
-0.0977567
-0.0816655
-0.0650701
-0.0481224
-0.0309272
-0.0135578
0.00393244
0.0214995
0.0391
0.0566813
0.0741727
0.091476
0.108463
0.124957
0.140756
0.155689
0.169716
-0.142895
-0.129303
-0.114471
-0.0987384
-0.0823718
-0.0655666
-0.0484568
-0.0311312
-0.0136492
0.00394652
0.0216178
0.0393189
0.056983
0.0745066
0.0917331
0.108468
0.124409
0.139283
0.152878
0.165256
-0.143393
-0.129563
-0.114597
-0.098786
-0.0823738
-0.0655407
-0.0484114
-0.0310685
-0.0135677
0.00404948
0.0217428
0.0394592
0.0571182
0.0745939
0.0917018
0.108196
0.123777
0.138163
0.151214
0.163149
-0.141087
-0.127615
-0.113032
-0.0975724
-0.0814543
-0.0648543
-0.0479028
-0.0306922
-0.0132889
0.00425435
0.021886
0.0395406
0.0571253
0.0745033
0.0914834
0.107822
0.12325
0.137546
0.150678
0.163003
-0.135989
-0.123651
-0.110045
-0.0953763
-0.0798715
-0.0637307
-0.0471148
-0.0301464
-0.0129185
0.00449518
0.0220275
0.0395978
0.0571037
0.0744074
0.0913244
0.107631
0.123096
0.137554
0.151042
0.16399
-0.127728
-0.117687
-0.10584
-0.0924741
-0.0779055
-0.0624209
-0.0462562
-0.0295939
-0.0125714
0.00470511
0.0221454
0.0396674
0.0571679
0.0745114
0.0915238
0.107993
0.123692
0.138445
0.152242
0.165406
-0.157198
-0.15992
-0.16037
-0.159297
-0.157231
-0.154641
-0.152085
-0.150124
-0.150407
-0.156469
-0.164624
-0.168429
-0.168814
-0.167082
-0.164068
-0.160299
-0.156249
-0.152225
-0.148757
-0.146425
-0.173809
-0.178865
-0.178919
-0.176204
-0.172062
-0.167143
-0.161889
-0.156466
-0.150928
-0.145042
-0.186078
-0.192336
-0.191426
-0.1871
-0.181445
-0.175264
-0.168928
-0.16242
-0.155489
-0.147649
-0.203734
-0.210448
-0.207148
-0.199993
-0.192039
-0.184166
-0.176574
-0.168974
-0.160834
-0.151547
-0.231191
-0.235534
-0.226743
-0.21459
-0.202992
-0.192642
-0.183377
-0.174525
-0.165268
-0.154882
-0.277339
-0.270846
-0.250363
-0.229709
-0.21251
-0.198658
-0.187272
-0.177071
-0.16689
-0.155825
-0.361266
-0.319141
-0.276767
-0.24298
-0.217893
-0.199726
-0.186146
-0.174937
-0.164375
-0.153295
-0.538236
-0.375421
-0.293501
-0.243988
-0.211455
-0.19061
-0.17678
-0.166307
-0.15684
-0.146976
-0.923242
-0.430243
-0.263136
-0.205288
-0.175752
-0.160295
-0.152356
-0.147161
-0.142086
-0.135812
-0.157169
-0.159981
-0.160384
-0.159299
-0.157231
-0.154638
-0.152096
-0.150121
-0.150236
-0.156603
-0.164578
-0.168516
-0.168824
-0.167069
-0.16405
-0.16027
-0.156214
-0.152156
-0.148559
-0.146285
-0.173746
-0.178986
-0.17892
-0.176174
-0.17203
-0.167106
-0.161853
-0.156425
-0.15087
-0.145062
-0.185999
-0.1925
-0.191408
-0.187043
-0.181397
-0.17522
-0.168894
-0.162394
-0.15547
-0.147677
-0.203647
-0.21065
-0.207089
-0.199901
-0.191975
-0.18412
-0.176546
-0.168961
-0.160833
-0.151569
-0.231153
-0.235711
-0.226592
-0.214454
-0.20292
-0.192606
-0.183368
-0.174539
-0.165296
-0.154921
-0.277579
-0.270783
-0.249986
-0.229473
-0.212399
-0.198613
-0.187265
-0.177094
-0.166928
-0.15587
-0.361596
-0.318401
-0.276346
-0.24287
-0.217885
-0.199762
-0.1862
-0.174994
-0.164428
-0.153341
-0.536122
-0.372966
-0.294257
-0.245103
-0.212223
-0.191178
-0.17721
-0.166617
-0.157058
-0.147127
-0.931159
-0.425967
-0.262909
-0.205484
-0.175393
-0.15993
-0.152114
-0.146991
-0.141963
-0.135727
-0.157169
-0.159981
-0.160384
-0.159299
-0.157231
-0.154638
-0.152096
-0.150121
-0.150236
-0.156603
-0.164578
-0.168516
-0.168824
-0.167069
-0.16405
-0.16027
-0.156214
-0.152156
-0.148559
-0.146285
-0.173746
-0.178986
-0.17892
-0.176174
-0.17203
-0.167106
-0.161853
-0.156425
-0.15087
-0.145062
-0.185999
-0.1925
-0.191408
-0.187043
-0.181397
-0.17522
-0.168894
-0.162394
-0.15547
-0.147677
-0.203647
-0.21065
-0.207089
-0.199901
-0.191975
-0.18412
-0.176546
-0.168961
-0.160833
-0.151569
-0.231153
-0.235711
-0.226592
-0.214454
-0.20292
-0.192606
-0.183368
-0.174539
-0.165296
-0.154921
-0.277579
-0.270783
-0.249986
-0.229473
-0.212399
-0.198613
-0.187265
-0.177094
-0.166928
-0.15587
-0.361596
-0.318401
-0.276346
-0.24287
-0.217885
-0.199762
-0.1862
-0.174994
-0.164428
-0.153341
-0.536122
-0.372966
-0.294257
-0.245103
-0.212223
-0.191178
-0.17721
-0.166617
-0.157058
-0.147127
-0.931159
-0.425967
-0.262909
-0.205484
-0.175393
-0.15993
-0.152114
-0.146991
-0.141963
-0.135727
-0.157198
-0.15992
-0.16037
-0.159297
-0.157231
-0.154641
-0.152085
-0.150124
-0.150407
-0.156469
-0.164624
-0.168429
-0.168814
-0.167082
-0.164068
-0.160299
-0.156249
-0.152225
-0.148757
-0.146425
-0.173809
-0.178865
-0.178919
-0.176204
-0.172062
-0.167143
-0.161889
-0.156466
-0.150928
-0.145042
-0.186078
-0.192336
-0.191426
-0.1871
-0.181445
-0.175264
-0.168928
-0.16242
-0.155489
-0.147649
-0.203734
-0.210448
-0.207148
-0.199993
-0.192039
-0.184166
-0.176574
-0.168974
-0.160834
-0.151547
-0.231191
-0.235534
-0.226743
-0.21459
-0.202992
-0.192642
-0.183377
-0.174525
-0.165268
-0.154882
-0.277339
-0.270846
-0.250363
-0.229709
-0.21251
-0.198658
-0.187272
-0.177071
-0.16689
-0.155825
-0.361266
-0.319141
-0.276767
-0.24298
-0.217893
-0.199726
-0.186146
-0.174937
-0.164375
-0.153295
-0.538236
-0.375421
-0.293501
-0.243988
-0.211455
-0.19061
-0.17678
-0.166307
-0.15684
-0.146976
-0.923242
-0.430243
-0.263136
-0.205289
-0.175752
-0.160295
-0.152356
-0.147161
-0.142086
-0.135812
-0.0264668
-0.0285161
-0.0300712
-0.0317613
-0.0338987
-0.0365971
-0.0398827
-0.0437707
-0.0501171
-0.0640303
-0.0349411
-0.0363597
-0.0376744
-0.0393041
-0.0414619
-0.0442196
-0.0475664
-0.0513706
-0.0564243
-0.0655613
-0.0433559
-0.0442102
-0.0452364
-0.0466571
-0.048573
-0.0509747
-0.0537622
-0.0566971
-0.0598458
-0.0642963
-0.0514719
-0.0518736
-0.0526105
-0.0537487
-0.055302
-0.0572084
-0.059326
-0.0614179
-0.0633036
-0.0653048
-0.0591698
-0.0592517
-0.0597315
-0.0605753
-0.0617426
-0.0631505
-0.0646534
-0.0660554
-0.0671513
-0.0677801
-0.0664319
-0.0663124
-0.0665873
-0.0671669
-0.0679846
-0.0689572
-0.0699578
-0.0708363
-0.0714069
-0.0714275
-0.073297
-0.0730724
-0.0731987
-0.0735638
-0.0740956
-0.0747237
-0.0753496
-0.075865
-0.0761205
-0.0758918
-0.0798334
-0.0795735
-0.0796019
-0.0798071
-0.080123
-0.0804969
-0.0808587
-0.0811352
-0.0812141
-0.0809107
-0.0861172
-0.0858671
-0.0858386
-0.0859331
-0.0860967
-0.0862934
-0.0864781
-0.0866045
-0.0865919
-0.0862973
-0.0922187
-0.092004
-0.0919489
-0.0919729
-0.0920352
-0.0921151
-0.0921873
-0.0922251
-0.0921722
-0.0919221
-0.098196
-0.0980297
-0.097969
-0.0979521
-0.097951
-0.0979576
-0.0979625
-0.0979531
-0.0978906
-0.0976965
-0.104093
-0.103982
-0.103929
-0.103892
-0.103852
-0.103814
-0.103781
-0.103752
-0.103699
-0.103562
-0.109941
-0.10989
-0.109856
-0.109809
-0.109744
-0.109676
-0.109623
-0.109593
-0.109564
-0.109483
-0.115758
-0.115777
-0.115771
-0.11572
-0.115631
-0.115534
-0.115469
-0.115452
-0.115466
-0.115445
-0.121553
-0.121666
-0.121695
-0.121638
-0.121515
-0.121379
-0.121297
-0.121306
-0.121396
-0.121462
-0.12733
-0.127577
-0.127655
-0.127581
-0.127396
-0.12719
-0.127077
-0.127133
-0.127347
-0.127597
-0.133095
-0.133545
-0.133687
-0.133571
-0.133276
-0.132941
-0.13276
-0.132874
-0.133304
-0.133986
-0.138866
-0.139624
-0.139847
-0.139647
-0.139157
-0.138594
-0.138262
-0.13841
-0.139176
-0.141043
-0.144697
-0.145911
-0.146228
-0.145871
-0.14506
-0.144113
-0.143482
-0.143589
-0.145051
-0.150503
-0.150719
-0.152578
-0.152984
-0.152356
-0.151043
-0.149467
-0.14823
-0.148025
-0.150886
-0.163399
-0.0264476
-0.0285468
-0.0300763
-0.0317664
-0.0339135
-0.0366348
-0.0399864
-0.0439364
-0.050296
-0.0650959
-0.0349331
-0.036382
-0.0376805
-0.03931
-0.0414723
-0.0442374
-0.0476095
-0.0514086
-0.0563037
-0.0656229
-0.0433553
-0.0442234
-0.0452408
-0.0466601
-0.048576
-0.0509764
-0.0537676
-0.0566917
-0.0597571
-0.0642651
-0.0514756
-0.0518793
-0.0526134
-0.0537502
-0.0553028
-0.057208
-0.059327
-0.0614193
-0.0632844
-0.0653142
-0.0591757
-0.0592518
-0.059733
-0.0605761
-0.0617426
-0.0631498
-0.0646525
-0.0660549
-0.0671502
-0.0677827
-0.0664383
-0.0663091
-0.0665878
-0.0671671
-0.0679838
-0.0689561
-0.069956
-0.0708347
-0.0714111
-0.0714231
-0.073303
-0.0730675
-0.0731986
-0.0735637
-0.0740947
-0.0747228
-0.0753481
-0.0758645
-0.076128
-0.0758861
-0.0798385
-0.0795682
-0.0796016
-0.079807
-0.0801224
-0.0804963
-0.0808577
-0.0811354
-0.081222
-0.0809055
-0.0861212
-0.0858621
-0.0858381
-0.0859331
-0.0860962
-0.086293
-0.0864775
-0.086605
-0.0865987
-0.0862932
-0.0922217
-0.0919999
-0.0919486
-0.091973
-0.092035
-0.0921149
-0.0921869
-0.0922255
-0.0921776
-0.091919
-0.0981982
-0.0980267
-0.0979689
-0.0979523
-0.0979509
-0.0979574
-0.0979621
-0.0979533
-0.0978946
-0.0976942
-0.104095
-0.10398
-0.10393
-0.103892
-0.103852
-0.103814
-0.103781
-0.103752
-0.103702
-0.10356
-0.109942
-0.109889
-0.109857
-0.10981
-0.109744
-0.109675
-0.109622
-0.109592
-0.109566
-0.109482
-0.115758
-0.115778
-0.115772
-0.115721
-0.115632
-0.115534
-0.115467
-0.115451
-0.115466
-0.115444
-0.121553
-0.121669
-0.121698
-0.12164
-0.121515
-0.121378
-0.121295
-0.121303
-0.121393
-0.121462
-0.12733
-0.127583
-0.12766
-0.127584
-0.127398
-0.127189
-0.127074
-0.127127
-0.127341
-0.1276
-0.133093
-0.133556
-0.133694
-0.133576
-0.133279
-0.132941
-0.132756
-0.132867
-0.133293
-0.133996
-0.138861
-0.139642
-0.139856
-0.139654
-0.139162
-0.138594
-0.138259
-0.138401
-0.13913
-0.141004
-0.144688
-0.145939
-0.14624
-0.14588
-0.145068
-0.144117
-0.14349
-0.143586
-0.144924
-0.150354
-0.150702
-0.15262
-0.152999
-0.152366
-0.151055
-0.149485
-0.148282
-0.148116
-0.150898
-0.163844
-0.0264476
-0.0285468
-0.0300763
-0.0317664
-0.0339135
-0.0366348
-0.0399864
-0.0439364
-0.050296
-0.0650959
-0.0349331
-0.036382
-0.0376805
-0.03931
-0.0414723
-0.0442374
-0.0476095
-0.0514086
-0.0563037
-0.0656229
-0.0433553
-0.0442234
-0.0452408
-0.0466601
-0.048576
-0.0509763
-0.0537675
-0.0566917
-0.0597571
-0.064265
-0.0514756
-0.0518793
-0.0526134
-0.0537502
-0.0553028
-0.057208
-0.059327
-0.0614193
-0.0632844
-0.0653142
-0.0591757
-0.0592518
-0.059733
-0.0605761
-0.0617426
-0.0631498
-0.0646525
-0.0660548
-0.0671502
-0.0677827
-0.0664383
-0.0663091
-0.0665878
-0.0671671
-0.0679838
-0.0689561
-0.069956
-0.0708347
-0.0714111
-0.071423
-0.073303
-0.0730675
-0.0731986
-0.0735637
-0.0740947
-0.0747228
-0.0753481
-0.0758645
-0.076128
-0.0758861
-0.0798385
-0.0795682
-0.0796016
-0.079807
-0.0801224
-0.0804963
-0.0808577
-0.0811354
-0.081222
-0.0809055
-0.0861212
-0.0858621
-0.0858381
-0.0859331
-0.0860962
-0.086293
-0.0864775
-0.086605
-0.0865987
-0.0862931
-0.0922217
-0.0919999
-0.0919486
-0.091973
-0.092035
-0.0921149
-0.0921869
-0.0922255
-0.0921776
-0.091919
-0.0981982
-0.0980267
-0.0979689
-0.0979523
-0.0979509
-0.0979574
-0.0979621
-0.0979533
-0.0978946
-0.0976942
-0.104095
-0.10398
-0.10393
-0.103892
-0.103852
-0.103814
-0.103781
-0.103752
-0.103702
-0.10356
-0.109942
-0.109889
-0.109857
-0.10981
-0.109744
-0.109675
-0.109622
-0.109592
-0.109566
-0.109482
-0.115758
-0.115778
-0.115772
-0.115721
-0.115632
-0.115534
-0.115467
-0.115451
-0.115466
-0.115444
-0.121553
-0.121669
-0.121698
-0.12164
-0.121515
-0.121378
-0.121295
-0.121303
-0.121393
-0.121462
-0.12733
-0.127583
-0.12766
-0.127584
-0.127398
-0.127189
-0.127074
-0.127127
-0.127341
-0.1276
-0.133093
-0.133556
-0.133694
-0.133576
-0.133279
-0.132941
-0.132756
-0.132867
-0.133293
-0.133996
-0.138861
-0.139642
-0.139856
-0.139654
-0.139162
-0.138594
-0.138259
-0.138401
-0.13913
-0.141004
-0.144688
-0.145939
-0.14624
-0.14588
-0.145068
-0.144117
-0.14349
-0.143586
-0.144924
-0.150354
-0.150702
-0.15262
-0.152999
-0.152366
-0.151055
-0.149485
-0.148282
-0.148116
-0.150898
-0.163844
-0.0264668
-0.0285161
-0.0300711
-0.0317612
-0.0338987
-0.036597
-0.0398826
-0.0437707
-0.0501171
-0.0640303
-0.0349411
-0.0363597
-0.0376744
-0.0393041
-0.0414619
-0.0442196
-0.0475664
-0.0513705
-0.0564242
-0.0655613
-0.0433559
-0.0442102
-0.0452364
-0.0466571
-0.048573
-0.0509747
-0.0537622
-0.056697
-0.0598458
-0.0642962
-0.0514719
-0.0518736
-0.0526105
-0.0537487
-0.055302
-0.0572084
-0.059326
-0.0614179
-0.0633036
-0.0653048
-0.0591698
-0.0592517
-0.0597315
-0.0605753
-0.0617426
-0.0631505
-0.0646534
-0.0660554
-0.0671513
-0.0677801
-0.0664319
-0.0663124
-0.0665873
-0.0671669
-0.0679846
-0.0689572
-0.0699578
-0.0708363
-0.0714069
-0.0714275
-0.073297
-0.0730724
-0.0731987
-0.0735638
-0.0740956
-0.0747237
-0.0753495
-0.075865
-0.0761205
-0.0758918
-0.0798334
-0.0795735
-0.0796019
-0.0798071
-0.080123
-0.0804968
-0.0808586
-0.0811352
-0.0812141
-0.0809107
-0.0861172
-0.0858671
-0.0858386
-0.0859331
-0.0860967
-0.0862933
-0.0864781
-0.0866045
-0.0865919
-0.0862973
-0.0922187
-0.092004
-0.0919489
-0.0919729
-0.0920352
-0.0921151
-0.0921873
-0.0922251
-0.0921722
-0.0919221
-0.098196
-0.0980297
-0.097969
-0.0979521
-0.097951
-0.0979576
-0.0979625
-0.0979531
-0.0978906
-0.0976965
-0.104093
-0.103982
-0.103929
-0.103892
-0.103852
-0.103814
-0.103781
-0.103752
-0.103699
-0.103562
-0.109941
-0.109889
-0.109856
-0.109809
-0.109744
-0.109676
-0.109623
-0.109593
-0.109564
-0.109483
-0.115758
-0.115777
-0.115771
-0.11572
-0.115631
-0.115534
-0.115469
-0.115452
-0.115466
-0.115445
-0.121553
-0.121666
-0.121695
-0.121638
-0.121515
-0.121379
-0.121297
-0.121306
-0.121396
-0.121462
-0.12733
-0.127577
-0.127655
-0.127581
-0.127396
-0.12719
-0.127077
-0.127133
-0.127347
-0.127597
-0.133095
-0.133545
-0.133687
-0.133571
-0.133276
-0.132941
-0.13276
-0.132874
-0.133304
-0.133986
-0.138866
-0.139624
-0.139847
-0.139647
-0.139157
-0.138594
-0.138262
-0.13841
-0.139176
-0.141043
-0.144697
-0.145911
-0.146228
-0.145871
-0.14506
-0.144113
-0.143482
-0.143589
-0.145051
-0.150503
-0.150719
-0.152578
-0.152984
-0.152356
-0.151043
-0.149467
-0.14823
-0.148025
-0.150886
-0.163399
)
;

boundaryField
{
    carasuperior
    {
        type            zeroGradient;
    }
    lateralizquierda
    {
        type            zeroGradient;
    }
    lateralderecha
    {
        type            zeroGradient;
    }
    carainferior
    {
        type            zeroGradient;
    }
    carainteriores
    {
        type            zeroGradient;
    }
    defaultFaces
    {
        type            empty;
    }
}


// ************************************************************************* //
