/*--------------------------------*- C++ -*----------------------------------*\
| =========                 |                                                 |
| \\      /  F ield         | OpenFOAM: The Open Source CFD Toolbox           |
|  \\    /   O peration     | Version:  2.4.0                                 |
|   \\  /    A nd           | Web:      www.OpenFOAM.org                      |
|    \\/     M anipulation  |                                                 |
\*---------------------------------------------------------------------------*/
FoamFile
{
    version     2.0;
    format      ascii;
    class       volScalarField;
    location    "1.03";
    object      T;
}
// * * * * * * * * * * * * * * * * * * * * * * * * * * * * * * * * * * * * * //

dimensions      [0 0 0 1 0 0 0];

internalField   nonuniform List<scalar> 
1600
(
101.414
104.24
107.064
109.884
112.697
115.502
118.297
121.081
123.851
126.606
129.344
132.064
134.764
137.443
140.1
142.733
145.341
147.924
150.48
153.01
155.513
157.989
160.438
162.86
165.256
167.627
169.973
172.296
174.596
176.876
179.137
181.381
183.608
185.822
188.024
190.215
192.398
194.575
196.747
198.916
101.415
104.243
107.069
109.89
112.705
115.512
118.309
121.094
123.866
126.623
129.363
132.084
134.786
137.466
140.123
142.757
145.366
147.949
150.507
153.037
155.54
158.015
160.464
162.885
165.281
167.65
169.995
172.317
174.616
176.895
179.154
181.396
183.622
185.835
188.035
190.224
192.405
194.58
196.75
198.917
101.416
104.248
107.078
109.903
112.721
115.531
118.332
121.121
123.896
126.655
129.398
132.122
134.826
137.509
140.169
142.804
145.415
148
150.558
153.089
155.592
158.067
160.515
162.936
165.33
167.698
170.042
172.361
174.658
176.933
179.19
181.428
183.651
185.859
188.056
190.241
192.419
194.59
196.756
198.919
101.419
104.256
107.091
109.921
112.745
115.56
118.366
121.16
123.939
126.704
129.451
132.179
134.887
137.573
140.236
142.874
145.487
148.074
150.633
153.165
155.669
158.144
160.592
163.012
165.404
167.77
170.11
172.426
174.719
176.991
179.242
181.476
183.693
185.897
188.087
190.268
192.439
194.604
196.764
198.922
101.423
104.267
107.109
109.946
112.776
115.599
118.411
121.211
123.997
126.767
129.52
132.254
134.967
137.657
140.324
142.966
145.582
148.172
150.733
153.266
155.77
158.246
160.693
163.111
165.501
167.864
170.201
172.513
174.801
177.067
179.313
181.54
183.751
185.947
188.13
190.303
192.467
194.624
196.776
198.926
101.427
104.28
107.13
109.976
112.816
115.646
118.467
121.275
124.069
126.846
129.606
132.346
135.065
137.761
140.433
143.08
145.7
148.292
150.856
153.39
155.896
158.371
160.817
163.234
165.621
167.981
170.314
172.62
174.903
177.162
179.4
181.62
183.822
186.009
188.183
190.346
192.501
194.648
196.791
198.931
101.432
104.296
107.156
110.013
112.862
115.703
118.533
121.351
124.153
126.94
129.708
132.456
135.182
137.885
140.563
143.214
145.839
148.435
151.001
153.538
156.044
158.52
160.965
163.38
165.765
168.12
170.448
172.749
175.024
177.276
179.506
181.716
183.908
186.084
188.247
190.399
192.542
194.678
196.809
198.937
101.438
104.314
107.187
110.055
112.916
115.769
118.61
121.438
124.252
127.048
129.826
132.582
135.317
138.027
140.712
143.369
145.999
148.599
151.169
153.708
156.216
158.692
161.136
163.549
165.93
168.282
170.604
172.898
175.166
177.408
179.628
181.827
184.008
186.172
188.322
190.461
192.59
194.712
196.829
198.944
101.445
104.334
107.221
110.103
112.978
115.843
118.698
121.538
124.364
127.171
129.959
132.726
135.47
138.188
140.88
143.545
146.18
148.785
151.358
153.9
156.409
158.885
161.329
163.739
166.118
168.464
170.781
173.067
175.326
177.559
179.768
181.955
184.122
186.273
188.408
190.532
192.646
194.752
196.853
198.951
101.453
104.358
107.26
110.157
113.047
115.927
118.796
121.65
124.489
127.309
130.109
132.886
135.64
138.368
141.069
143.74
146.382
148.992
151.569
154.114
156.624
159.101
161.543
163.952
166.326
168.668
170.978
173.257
175.506
177.728
179.925
182.098
184.251
186.386
188.505
190.612
192.708
194.797
196.88
198.96
101.462
104.384
107.304
110.218
113.124
116.021
118.905
121.775
124.628
127.461
130.274
133.064
135.829
138.567
141.276
143.956
146.604
149.219
151.801
154.348
156.86
159.337
161.779
164.184
166.555
168.892
171.194
173.465
175.705
177.915
180.099
182.258
184.395
186.512
188.614
190.701
192.778
194.847
196.911
198.97
101.471
104.413
107.351
110.285
113.209
116.124
119.026
121.912
124.78
127.629
130.456
133.259
136.036
138.784
141.503
144.191
146.846
149.467
152.053
154.603
157.117
159.594
162.034
164.437
166.804
169.135
171.43
173.692
175.921
178.119
180.289
182.433
184.552
186.652
188.733
190.8
192.856
194.903
196.944
198.982
101.482
104.444
107.404
110.358
113.303
116.237
119.158
122.062
124.948
127.813
130.655
133.472
136.261
139.021
141.75
144.446
147.109
149.736
152.326
154.879
157.395
159.872
162.31
164.71
167.073
169.397
171.685
173.937
176.155
178.341
180.496
182.623
184.725
186.804
188.864
190.908
192.941
194.964
196.981
198.994
101.494
104.479
107.462
110.438
113.405
116.361
119.302
122.226
125.13
128.013
130.871
133.703
136.506
139.278
142.017
144.723
147.393
150.025
152.62
155.176
157.693
160.17
162.607
165.003
167.361
169.679
171.958
174.201
176.407
178.579
180.719
182.829
184.911
186.969
189.007
191.027
193.033
195.03
197.021
199.007
101.506
104.517
107.525
110.526
113.517
116.496
119.459
122.405
125.329
128.231
131.106
133.954
136.771
139.556
142.306
145.021
147.699
150.338
152.937
155.496
158.014
160.49
162.925
165.318
167.669
169.98
172.251
174.483
176.677
178.835
180.959
183.05
185.112
187.148
189.161
191.155
193.134
195.103
197.065
199.022
101.52
104.559
107.594
110.622
113.64
116.644
119.631
122.599
125.546
128.467
131.361
134.226
137.058
139.856
142.619
145.343
148.029
150.674
153.278
155.84
158.359
160.834
163.266
165.655
168.001
170.304
172.565
174.786
176.966
179.109
181.215
183.287
185.328
187.34
189.328
191.294
193.244
195.182
197.113
199.038
101.536
104.605
107.67
110.727
113.773
116.804
119.818
122.811
125.781
128.724
131.638
134.521
137.369
140.182
142.957
145.692
148.386
151.038
153.646
156.211
158.73
161.205
163.634
166.018
168.357
170.652
172.903
175.111
177.277
179.403
181.49
183.542
185.56
187.547
189.508
191.445
193.363
195.267
197.164
199.055
101.552
104.655
107.753
110.842
113.919
116.98
120.023
123.043
126.037
129.004
131.939
134.841
137.707
140.535
143.323
146.069
148.772
151.431
154.044
156.611
159.132
161.605
164.032
166.41
168.742
171.027
173.266
175.461
177.611
179.719
181.786
183.816
185.809
187.77
189.701
191.607
193.491
195.36
197.22
199.073
101.571
104.709
107.843
110.967
114.078
117.172
120.246
123.295
126.317
129.309
132.267
135.19
138.074
140.918
143.72
146.478
149.191
151.857
154.476
157.046
159.567
162.04
164.462
166.835
169.159
171.434
173.66
175.839
177.972
180.061
182.106
184.111
186.077
188.009
189.909
191.781
193.63
195.461
197.281
199.093
101.591
104.769
107.943
111.105
114.253
117.383
120.49
123.571
126.623
129.642
132.625
135.57
138.474
141.336
144.153
146.923
149.646
152.32
154.945
157.518
160.04
162.511
164.93
167.297
169.612
171.875
174.088
176.251
178.365
180.431
182.453
184.431
186.368
188.268
190.134
191.97
193.78
195.57
197.347
199.115
101.613
104.836
108.052
111.257
114.446
117.614
120.758
123.874
126.958
130.006
133.016
135.985
138.911
141.792
144.625
147.409
150.143
152.825
155.455
158.032
160.556
163.025
165.439
167.799
170.105
172.356
174.553
176.698
178.792
180.835
182.83
184.778
186.684
188.549
190.378
192.175
193.943
195.688
197.42
199.139
101.637
104.909
108.173
111.424
114.658
117.869
121.053
124.207
127.325
130.406
133.445
136.44
139.389
142.29
145.14
147.939
150.684
153.376
156.013
158.593
161.118
163.585
165.995
168.347
170.642
172.88
175.062
177.187
179.258
181.276
183.242
185.158
187.029
188.856
190.644
192.398
194.121
195.818
197.498
199.165
101.664
104.989
108.306
111.608
114.891
118.149
121.378
124.573
127.729
130.845
133.915
136.939
139.913
142.835
145.704
148.518
151.276
153.978
156.621
159.206
161.731
164.196
166.601
168.946
171.23
173.453
175.617
177.721
179.768
181.758
183.692
185.574
187.406
189.192
190.935
192.641
194.314
195.959
197.585
199.194
101.694
105.079
108.454
111.813
115.15
118.46
121.737
124.976
128.174
131.327
134.432
137.486
140.487
143.432
146.321
149.152
151.924
154.635
157.286
159.875
162.401
164.864
167.264
169.599
171.871
174.079
176.224
178.306
180.326
182.286
184.186
186.03
187.821
189.56
191.255
192.909
194.526
196.114
197.68
199.225
101.727
105.178
108.618
112.039
115.437
118.803
122.133
125.422
128.665
131.859
135.001
138.088
141.117
144.087
146.997
149.846
152.632
155.354
158.012
160.605
163.133
165.593
167.987
170.314
172.573
174.765
176.889
178.947
180.938
182.865
184.729
186.532
188.277
189.967
191.607
193.203
194.76
196.284
197.784
199.26
101.764
105.289
108.8
112.292
115.755
119.184
122.573
125.915
129.208
132.446
135.627
138.749
141.809
144.806
147.739
150.606
153.407
156.14
158.806
161.404
163.932
166.39
168.778
171.095
173.34
175.514
177.617
179.648
181.61
183.502
185.326
187.084
188.779
190.415
191.996
193.529
195.018
196.472
197.9
199.298
101.806
105.412
109.004
112.573
116.11
119.608
123.06
126.461
129.807
133.093
136.317
139.476
142.569
145.594
148.551
151.437
154.254
156.999
159.673
162.275
164.804
167.259
169.641
171.947
174.178
176.334
178.413
180.418
182.346
184.201
185.982
187.693
189.334
190.911
192.427
193.89
195.305
196.681
198.028
199.341
101.852
105.551
109.233
112.887
116.506
120.08
123.602
127.067
130.47
133.808
137.078
140.277
143.404
146.459
149.44
152.347
155.179
157.937
160.619
163.225
165.755
168.207
170.582
172.877
175.093
177.229
179.285
181.26
183.155
184.97
186.706
188.364
189.948
191.46
192.906
194.291
195.624
196.913
198.17
199.388
101.904
105.707
109.489
113.24
116.949
120.606
124.205
127.74
131.205
134.598
137.915
141.157
144.32
147.405
150.412
153.34
156.19
158.96
161.65
164.261
166.791
169.24
171.607
173.891
176.092
178.208
180.238
182.183
184.042
185.815
187.502
189.106
190.627
192.07
193.438
194.739
195.981
197.174
198.33
199.441
101.964
105.883
109.778
113.637
117.446
121.195
124.878
128.487
132.019
135.47
138.838
142.123
145.325
148.442
151.475
154.425
157.291
160.073
162.772
165.387
167.918
170.364
172.723
174.996
177.18
179.275
181.28
183.194
185.015
186.744
188.381
189.926
191.38
192.748
194.032
195.24
196.381
197.466
198.508
199.501
102.031
106.082
110.106
114.085
118.005
121.856
125.629
129.318
132.92
136.433
139.855
143.185
146.425
149.575
152.635
155.606
158.489
161.284
163.991
166.61
169.141
171.583
173.935
176.196
178.364
180.438
182.417
184.299
186.082
187.766
189.349
190.833
192.217
193.503
194.697
195.803
196.832
197.797
198.71
199.569
102.108
106.311
110.48
114.594
118.638
122.599
126.469
130.244
133.92
137.496
140.973
144.35
147.628
150.811
153.897
156.89
159.79
162.597
165.313
167.936
170.467
172.906
175.25
177.499
179.651
181.704
183.656
185.506
187.251
188.888
190.417
191.837
193.147
194.348
195.443
196.438
197.343
198.173
198.94
199.647
102.197
106.575
110.91
115.176
119.356
123.437
127.412
131.276
135.029
138.67
142.201
145.625
148.943
152.157
155.27
158.284
161.2
164.019
166.743
169.37
171.901
174.336
176.673
178.91
181.046
183.079
185.006
186.824
188.53
190.121
191.596
192.95
194.183
195.294
196.284
197.158
197.926
198.603
199.203
199.737
102.302
106.883
111.409
115.846
120.176
124.386
128.47
132.427
136.257
139.964
143.55
147.019
150.375
153.62
156.759
159.793
162.724
165.555
168.286
170.917
173.448
175.88
178.209
180.436
182.557
184.57
186.472
188.259
189.929
191.475
192.896
194.185
195.34
196.357
197.236
197.981
198.597
199.101
199.51
199.843
102.427
107.25
111.996
116.626
121.118
125.464
129.661
133.711
137.619
141.389
145.028
148.54
151.932
155.207
158.369
161.422
164.368
167.209
169.947
172.581
175.113
177.541
179.864
182.081
184.188
186.183
188.062
189.822
191.456
192.961
194.329
195.555
196.633
197.556
198.321
198.927
199.377
199.687
199.873
199.971
102.58
107.696
112.699
117.542
122.208
126.694
131.003
135.144
139.125
142.956
146.643
150.196
153.62
156.922
160.106
163.176
166.135
168.986
171.73
174.368
176.9
179.325
181.643
183.851
185.946
187.925
189.785
191.519
193.122
194.588
195.909
197.077
198.081
198.913
199.563
200.025
200.295
200.389
200.313
200.128
102.779
108.259
113.559
118.634
123.478
128.102
132.518
136.743
140.791
144.675
148.406
151.994
155.447
158.772
161.974
165.059
168.03
170.889
173.639
176.28
178.813
181.237
183.55
185.751
187.837
189.803
191.646
193.359
194.936
196.37
197.65
198.767
199.706
200.455
200.996
201.314
201.396
201.247
200.857
200.323
103.052
109.002
114.638
119.95
124.966
129.715
134.226
138.523
142.627
146.556
150.323
153.94
157.417
160.761
163.979
167.077
170.058
172.924
175.679
178.324
180.858
183.281
185.591
187.788
189.866
191.823
193.654
195.351
196.908
198.317
199.565
200.641
201.529
202.208
202.657
202.847
202.744
202.334
201.563
200.584
103.511
110.042
116.012
121.545
126.71
131.563
136.148
140.501
144.648
148.61
152.404
156.043
159.538
162.897
166.128
169.235
172.224
175.097
177.857
180.504
183.04
185.463
187.773
189.967
192.042
193.993
195.815
197.503
199.047
200.439
201.666
202.715
203.566
204.198
204.579
204.675
204.423
203.771
202.575
201.023
104.359
111.626
117.872
123.554
128.81
133.721
138.345
142.727
146.897
150.877
154.685
158.336
161.841
165.208
168.445
171.558
174.551
177.428
180.19
182.84
185.377
187.801
190.11
192.302
194.375
196.323
198.142
199.824
201.361
202.744
203.96
204.993
205.824
206.429
206.773
206.816
206.482
205.693
204.205
202.073
)
;

boundaryField
{
    carasuperior
    {
        type            fixedGradient;
        gradient        uniform 100;
    }
    lateralizquierda
    {
        type            fixedValue;
        value           uniform 100;
    }
    lateralderecha
    {
        type            fixedValue;
        value           uniform 200;
    }
    carainferior
    {
        type            zeroGradient;
    }
    frontAndBack
    {
        type            empty;
    }
}


// ************************************************************************* //
