/*--------------------------------*- C++ -*----------------------------------*\
| =========                 |                                                 |
| \\      /  F ield         | OpenFOAM: The Open Source CFD Toolbox           |
|  \\    /   O peration     | Version:  2.4.0                                 |
|   \\  /    A nd           | Web:      www.OpenFOAM.org                      |
|    \\/     M anipulation  |                                                 |
\*---------------------------------------------------------------------------*/
FoamFile
{
    version     2.0;
    format      ascii;
    class       volScalarField;
    location    "0.7";
    object      T;
}
// * * * * * * * * * * * * * * * * * * * * * * * * * * * * * * * * * * * * * //

dimensions      [0 0 0 1 0 0 0];

internalField   nonuniform List<scalar> 
1600
(
101.406
104.217
107.025
109.829
112.627
115.418
118.199
120.969
123.727
126.47
129.197
131.907
134.598
137.269
139.918
142.545
145.149
147.728
150.282
152.811
155.314
157.791
160.243
162.669
165.07
167.446
169.8
172.131
174.44
176.731
179.003
181.258
183.498
185.725
187.941
190.147
192.345
194.536
196.724
198.908
101.407
104.219
107.03
109.836
112.636
115.428
118.211
120.983
123.742
126.487
129.215
131.927
134.619
137.291
139.942
142.569
145.174
147.754
150.308
152.837
155.34
157.818
160.269
162.694
165.094
167.47
169.822
172.152
174.461
176.749
179.02
181.274
183.512
185.738
187.952
190.156
192.352
194.541
196.727
198.909
101.409
104.225
107.038
109.848
112.652
115.447
118.234
121.009
123.771
126.519
129.251
131.965
134.66
137.334
139.987
142.617
145.223
147.804
150.36
152.889
155.393
157.87
160.32
162.745
165.144
167.518
169.868
172.196
174.502
176.788
179.055
181.306
183.541
185.763
187.973
190.173
192.365
194.551
196.732
198.911
101.411
104.233
107.052
109.867
112.675
115.476
118.268
121.048
123.815
126.568
129.304
132.022
134.72
137.398
140.054
142.687
145.295
147.878
150.435
152.966
155.47
157.947
160.397
162.82
165.217
167.589
169.937
172.261
174.563
176.845
179.108
181.353
183.583
185.8
188.004
190.199
192.386
194.566
196.741
198.914
101.415
104.243
107.069
109.891
112.707
115.515
118.313
121.099
123.873
126.631
129.373
132.096
134.8
137.483
140.143
142.779
145.39
147.976
150.535
153.067
155.571
158.048
160.497
162.919
165.315
167.684
170.028
172.348
174.645
176.921
179.178
181.417
183.641
185.85
188.047
190.234
192.413
194.585
196.753
198.918
101.419
104.256
107.091
109.922
112.746
115.562
118.369
121.163
123.944
126.71
129.459
132.189
134.898
137.587
140.251
142.892
145.507
148.096
150.657
153.191
155.697
158.174
160.622
163.042
165.435
167.801
170.141
172.455
174.747
177.017
179.266
181.497
183.712
185.912
188.1
190.278
192.447
194.61
196.768
198.923
101.424
104.272
107.117
109.958
112.793
115.619
118.435
121.239
124.029
126.804
129.56
132.298
135.015
137.71
140.381
143.027
145.646
148.239
150.803
153.339
155.845
158.322
160.77
163.189
165.578
167.94
170.275
172.584
174.869
177.131
179.371
181.593
183.798
185.988
188.165
190.331
192.488
194.639
196.785
198.929
101.43
104.29
107.148
110
112.847
115.684
118.512
121.327
124.127
126.912
129.678
132.425
135.15
137.852
140.53
143.182
145.806
148.403
150.971
153.509
156.017
158.494
160.941
163.357
165.744
168.102
170.431
172.733
175.01
177.263
179.494
181.705
183.898
186.076
188.24
190.393
192.537
194.674
196.806
198.936
101.437
104.311
107.182
110.049
112.908
115.759
118.599
121.427
124.239
127.035
129.812
132.568
135.303
138.013
140.699
143.357
145.987
148.589
151.16
153.701
156.21
158.688
161.134
163.548
165.931
168.284
170.608
172.903
175.171
177.414
179.634
181.833
184.013
186.176
188.326
190.464
192.592
194.714
196.83
198.944
101.445
104.334
107.221
110.103
112.978
115.843
118.698
121.539
124.364
127.172
129.961
132.729
135.473
138.193
140.887
143.552
146.189
148.796
151.371
153.914
156.425
158.903
161.348
163.76
166.14
168.488
170.805
173.092
175.351
177.583
179.791
181.976
184.142
186.29
188.423
190.544
192.655
194.759
196.857
198.953
101.454
104.36
107.264
110.163
113.055
115.937
118.807
121.663
124.503
127.325
130.127
132.906
135.662
138.392
141.094
143.768
146.411
149.023
151.603
154.149
156.661
159.14
161.584
163.993
166.369
168.712
171.022
173.3
175.549
177.77
179.965
182.136
184.285
186.416
188.531
190.633
192.725
194.809
196.887
198.963
101.464
104.389
107.312
110.23
113.14
116.04
118.927
121.8
124.656
127.493
130.309
133.101
135.869
138.609
141.321
144.003
146.653
149.271
151.855
154.404
156.918
159.397
161.839
164.246
166.618
168.955
171.258
173.528
175.766
177.975
180.155
182.311
184.443
186.555
188.651
190.732
192.802
194.864
196.921
198.974
101.474
104.421
107.365
110.303
113.233
116.153
119.059
121.95
124.823
127.676
130.507
133.314
136.094
138.846
141.568
144.258
146.916
149.539
152.128
154.68
157.195
159.674
162.115
164.519
166.886
169.217
171.512
173.773
176
178.196
180.362
182.501
184.615
186.708
188.782
190.84
192.887
194.925
196.958
198.986
101.486
104.456
107.423
110.384
113.336
116.277
119.204
122.114
125.006
127.876
130.723
133.545
136.339
139.103
141.835
144.535
147.2
149.829
152.422
154.977
157.494
159.972
162.411
164.812
167.175
169.499
171.786
174.037
176.252
178.435
180.585
182.707
184.802
186.873
188.924
190.959
192.98
194.992
196.998
198.999
101.498
104.494
107.486
110.471
113.448
116.412
119.361
122.293
125.205
128.094
130.958
133.796
136.604
139.38
142.124
144.833
147.506
150.142
152.739
155.296
157.814
160.292
162.73
165.127
167.483
169.801
172.079
174.319
176.522
178.69
180.825
182.928
185.003
187.052
189.079
191.087
193.081
195.065
197.042
199.014
101.512
104.535
107.555
110.567
113.57
116.559
119.533
122.488
125.421
128.331
131.213
134.068
136.891
139.681
142.437
145.155
147.836
150.478
153.08
155.64
158.159
160.636
163.071
165.464
167.815
170.124
172.393
174.621
176.811
178.964
181.081
183.165
185.219
187.244
189.246
191.226
193.191
195.144
197.089
199.03
101.528
104.581
107.631
110.672
113.703
116.72
119.72
122.7
125.656
128.588
131.49
134.363
137.202
140.007
142.774
145.504
148.193
150.841
153.448
156.011
158.531
161.007
163.439
165.827
168.171
170.472
172.73
174.946
177.122
179.258
181.357
183.42
185.451
187.451
189.425
191.376
193.309
195.229
197.141
199.047
101.544
104.631
107.713
110.787
113.849
116.896
119.924
122.931
125.913
128.867
131.792
134.683
137.54
140.36
143.14
145.881
148.579
151.234
153.846
156.412
158.933
161.407
163.836
166.219
168.556
170.847
173.093
175.296
177.456
179.574
181.652
183.693
185.7
187.673
189.619
191.538
193.438
195.322
197.197
199.065
101.563
104.686
107.804
110.913
114.009
117.088
120.147
123.183
126.193
129.172
132.12
135.032
137.907
140.743
143.538
146.29
148.998
151.661
154.277
156.846
159.368
161.841
164.267
166.644
168.972
171.253
173.487
175.675
177.817
179.915
181.972
183.989
185.968
187.913
189.827
191.713
193.576
195.422
197.258
199.086
101.583
104.746
107.903
111.051
114.184
117.299
120.392
123.46
126.498
129.505
132.477
135.412
138.307
141.161
143.971
146.735
149.453
152.124
154.746
157.318
159.841
162.313
164.734
167.105
169.425
171.695
173.915
176.086
178.209
180.286
182.318
184.308
186.258
188.172
190.052
191.902
193.727
195.531
197.324
199.107
101.605
104.812
108.013
111.202
114.376
117.53
120.66
123.762
126.833
129.87
132.869
135.828
138.744
141.616
144.442
147.221
149.95
152.629
155.257
157.833
160.356
162.826
165.244
167.607
169.918
172.175
174.38
176.533
178.636
180.689
182.695
184.656
186.574
188.453
190.296
192.107
193.89
195.65
197.396
199.131
101.629
104.885
108.133
111.369
114.588
117.785
120.955
124.095
127.201
130.269
133.297
136.283
139.222
142.115
144.958
147.751
150.491
153.179
155.814
158.393
160.918
163.386
165.799
168.155
170.455
172.699
174.888
177.022
179.102
181.13
183.107
185.036
186.919
188.759
190.562
192.329
194.067
195.779
197.475
199.157
101.656
104.966
108.267
111.554
114.822
118.065
121.28
124.461
127.605
130.708
133.768
136.781
139.746
142.66
145.522
148.33
151.083
153.781
156.422
159.006
161.531
163.998
166.405
168.753
171.042
173.272
175.443
177.556
179.611
181.611
183.557
185.451
187.296
189.095
190.852
192.573
194.26
195.92
197.561
199.186
101.686
105.055
108.415
111.758
115.08
118.376
121.638
124.865
128.05
131.191
134.285
137.329
140.32
143.257
146.139
148.964
151.731
154.439
157.087
159.674
162.201
164.665
167.067
169.407
171.684
173.898
176.05
178.14
180.169
182.139
184.051
185.907
187.71
189.463
191.172
192.84
194.472
196.075
197.656
199.217
101.719
105.154
108.579
111.985
115.367
118.719
122.035
125.311
128.541
131.723
134.854
137.93
140.95
143.912
146.815
149.658
152.439
155.158
157.813
160.405
162.932
165.394
167.791
170.121
172.385
174.583
176.714
178.78
180.781
182.718
184.593
186.408
188.166
189.869
191.524
193.134
194.706
196.245
197.761
199.252
101.756
105.265
108.761
112.237
115.686
119.1
122.475
125.804
129.084
132.31
135.48
138.592
141.642
144.631
147.557
150.418
153.214
155.944
158.607
161.203
163.731
166.191
168.581
170.902
173.152
175.332
177.442
179.482
181.452
183.354
185.19
186.96
188.668
190.317
191.912
193.459
194.964
196.433
197.876
199.29
101.798
105.389
108.965
112.519
116.041
119.524
122.962
126.35
129.683
132.957
136.17
139.319
142.403
145.42
148.369
151.249
154.061
156.803
159.474
162.075
164.604
167.06
169.444
171.754
173.99
176.151
178.238
180.25
182.189
184.053
185.846
187.568
189.223
190.813
192.343
193.82
195.251
196.642
198.004
199.333
101.844
105.527
109.194
112.833
116.437
119.996
123.504
126.956
130.347
133.672
136.931
140.119
143.238
146.284
149.258
152.159
154.986
157.74
160.42
163.025
165.555
168.008
170.385
172.684
174.905
177.047
179.11
181.093
182.997
184.822
186.569
188.239
189.836
191.362
192.821
194.222
195.57
196.874
198.147
199.38
101.897
105.683
109.45
113.186
116.88
120.523
124.108
127.629
131.081
134.462
137.769
140.999
144.154
147.231
150.23
153.152
155.997
158.763
161.451
164.06
166.59
169.041
171.41
173.698
175.903
178.025
180.062
182.016
183.884
185.667
187.365
188.981
190.515
191.971
193.354
194.669
195.926
197.134
198.306
199.433
101.956
105.859
109.739
113.582
117.377
121.112
124.78
128.376
131.895
135.334
138.692
141.966
145.158
148.267
151.293
154.237
157.098
159.876
162.573
165.186
167.717
170.164
172.526
174.802
176.991
179.092
181.104
183.025
184.856
186.595
188.243
189.8
191.268
192.649
193.947
195.17
196.326
197.427
198.485
199.493
102.023
106.059
110.067
114.031
117.936
121.773
125.532
129.208
132.797
136.297
139.708
143.028
146.259
149.4
152.453
155.418
158.296
161.087
163.792
166.41
168.94
171.383
173.738
176.002
178.175
180.255
182.24
184.13
185.923
187.617
189.211
190.707
192.104
193.404
194.611
195.733
196.777
197.757
198.687
199.561
102.1
106.288
110.441
114.54
118.569
122.515
126.372
130.133
133.797
137.361
140.826
144.193
147.462
150.636
153.716
156.702
159.597
162.4
165.113
167.735
170.266
172.705
175.052
177.304
179.461
181.52
183.479
185.337
187.091
188.739
190.279
191.711
193.033
194.248
195.357
196.367
197.288
198.133
198.916
199.639
102.189
106.552
110.871
115.122
119.287
123.354
127.314
131.165
134.905
138.535
142.055
145.468
148.776
151.983
155.088
158.096
161.007
163.822
166.543
169.169
171.7
174.136
176.475
178.715
180.856
182.895
184.828
186.654
188.37
189.972
191.457
192.824
194.069
195.193
196.198
197.087
197.87
198.563
199.179
199.729
102.294
106.86
111.37
115.792
120.107
124.302
128.373
132.316
136.134
139.829
143.404
146.862
150.209
153.446
156.577
159.605
162.531
165.358
168.086
170.716
173.247
175.679
178.011
180.241
182.366
184.385
186.294
188.09
189.768
191.325
192.756
194.058
195.225
196.256
197.15
197.91
198.541
199.061
199.485
199.835
102.419
107.226
111.957
116.572
121.049
125.381
129.564
133.601
137.495
141.254
144.881
148.384
151.766
155.032
158.187
161.234
164.175
167.012
169.747
172.38
174.911
177.34
179.666
181.885
183.997
185.998
187.884
189.652
191.295
192.81
194.189
195.428
196.518
197.455
198.234
198.855
199.321
199.647
199.849
199.963
102.573
107.673
112.66
117.488
122.139
126.611
130.906
135.034
139.002
142.821
146.497
150.04
153.455
156.748
159.924
162.988
165.942
168.789
171.53
174.167
176.698
179.124
181.444
183.655
185.755
187.74
189.606
191.348
192.961
194.437
195.769
196.949
197.966
198.812
199.476
199.953
200.239
200.348
200.289
200.12
102.771
108.235
113.52
118.58
123.41
128.019
132.421
136.633
140.668
144.54
148.26
151.837
155.281
158.598
161.793
164.872
167.837
170.693
173.44
176.079
178.611
181.036
183.351
185.555
187.645
189.617
191.467
193.188
194.775
196.218
197.51
198.638
199.591
200.353
200.908
201.242
201.339
201.206
200.832
200.315
103.044
108.978
114.599
119.896
124.897
129.632
134.129
138.413
142.505
146.421
150.177
153.784
157.251
160.587
163.798
166.889
169.865
172.728
175.48
178.122
180.656
183.08
185.392
187.592
189.675
191.637
193.475
195.18
196.746
198.165
199.425
200.513
201.413
202.106
202.569
202.774
202.687
202.293
201.538
200.576
103.504
110.018
115.974
121.492
126.642
131.48
136.051
140.391
144.526
148.476
152.259
155.888
159.373
162.724
165.947
169.048
172.031
174.9
177.657
180.303
182.838
185.262
187.574
189.771
191.85
193.807
195.636
197.332
198.885
200.287
201.525
202.585
203.45
204.095
204.491
204.602
204.366
203.73
202.55
201.015
104.351
111.603
117.834
123.5
128.742
133.638
138.249
142.618
146.775
150.743
154.54
158.18
161.675
165.034
168.264
171.371
174.359
177.231
179.991
182.638
185.175
187.599
189.911
192.106
194.183
196.137
197.962
199.652
201.199
202.592
203.819
204.864
205.707
206.326
206.685
206.743
206.424
205.652
204.18
202.065
)
;

boundaryField
{
    carasuperior
    {
        type            fixedGradient;
        gradient        uniform 100;
    }
    lateralizquierda
    {
        type            fixedValue;
        value           uniform 100;
    }
    lateralderecha
    {
        type            fixedValue;
        value           uniform 200;
    }
    carainferior
    {
        type            zeroGradient;
    }
    frontAndBack
    {
        type            empty;
    }
}


// ************************************************************************* //
