/*--------------------------------*- C++ -*----------------------------------*\
| =========                 |                                                 |
| \\      /  F ield         | OpenFOAM: The Open Source CFD Toolbox           |
|  \\    /   O peration     | Version:  2.4.0                                 |
|   \\  /    A nd           | Web:      www.OpenFOAM.org                      |
|    \\/     M anipulation  |                                                 |
\*---------------------------------------------------------------------------*/
FoamFile
{
    version     2.0;
    format      ascii;
    class       volScalarField;
    location    "0.74";
    object      T;
}
// * * * * * * * * * * * * * * * * * * * * * * * * * * * * * * * * * * * * * //

dimensions      [0 0 0 1 0 0 0];

internalField   nonuniform List<scalar> 
1600
(
101.409
104.225
107.039
109.849
112.652
115.448
118.234
121.009
123.771
126.518
129.249
131.963
134.657
137.331
139.983
142.612
145.217
147.797
150.352
152.882
155.385
157.861
160.312
162.737
165.136
167.51
169.861
172.189
174.496
176.782
179.05
181.302
183.537
185.76
187.97
190.171
192.364
194.55
196.732
198.911
101.41
104.228
107.043
109.855
112.66
115.458
118.246
121.022
123.786
126.535
129.268
131.983
134.678
137.353
140.006
142.636
145.242
147.823
150.379
152.908
155.411
157.888
160.338
162.762
165.16
167.534
169.884
172.211
174.516
176.801
179.068
181.317
183.551
185.772
187.981
190.18
192.371
194.555
196.735
198.912
101.411
104.233
107.052
109.867
112.676
115.477
118.269
121.049
123.816
126.568
129.303
132.021
134.719
137.396
140.052
142.683
145.291
147.873
150.43
152.96
155.463
157.94
160.39
162.813
165.21
167.582
169.93
172.255
174.557
176.84
179.103
181.349
183.58
185.797
188.002
190.197
192.384
194.565
196.741
198.914
101.414
104.241
107.066
109.886
112.7
115.506
118.303
121.088
123.859
126.616
129.356
132.078
134.78
137.46
140.119
142.753
145.363
147.948
150.506
153.037
155.541
158.017
160.466
162.888
165.284
167.654
169.999
172.32
174.619
176.897
179.156
181.397
183.623
185.834
188.034
190.223
192.405
194.579
196.749
198.917
101.418
104.252
107.083
109.911
112.732
115.545
118.348
121.139
123.917
126.68
129.425
132.152
134.859
137.545
140.207
142.845
145.458
148.045
150.605
153.138
155.642
158.118
160.567
162.987
165.381
167.748
170.089
172.406
174.7
176.973
179.226
181.461
183.68
185.884
188.076
190.258
192.432
194.599
196.761
198.921
101.422
104.265
107.105
109.941
112.771
115.592
118.403
121.203
123.988
126.758
129.511
132.245
134.958
137.649
140.316
142.959
145.576
148.166
150.728
153.262
155.767
158.244
160.691
163.11
165.501
167.865
170.202
172.514
174.802
177.068
179.314
181.541
183.751
185.947
188.13
190.302
192.466
194.623
196.776
198.926
101.427
104.28
107.131
109.977
112.817
115.649
118.47
121.279
124.073
126.852
129.613
132.354
135.074
137.772
140.445
143.093
145.715
148.308
150.873
153.409
155.916
158.393
160.839
163.256
165.645
168.004
170.337
172.643
174.924
177.182
179.419
181.637
183.837
186.022
188.194
190.355
192.507
194.653
196.794
198.932
101.433
104.298
107.161
110.02
112.871
115.714
118.547
121.366
124.172
126.96
129.731
132.481
135.209
137.914
140.594
143.248
145.875
148.473
151.041
153.58
156.087
158.564
161.01
163.425
165.81
168.166
170.492
172.792
175.065
177.315
179.542
181.748
183.937
186.11
188.269
190.417
192.556
194.688
196.814
198.939
101.44
104.319
107.196
110.068
112.933
115.789
118.634
121.466
124.283
127.083
129.864
132.624
135.362
138.075
140.763
143.424
146.056
148.659
151.231
153.772
156.281
158.758
161.203
163.616
165.998
168.348
170.669
172.961
175.226
177.466
179.682
181.876
184.052
186.211
188.355
190.488
192.611
194.727
196.838
198.946
101.448
104.343
107.235
110.122
113.002
115.873
118.733
121.578
124.409
127.221
130.014
132.785
135.533
138.255
140.951
143.619
146.258
148.865
151.441
153.985
156.496
158.973
161.418
163.828
166.206
168.552
170.866
173.151
175.406
177.635
179.839
182.02
184.181
186.324
188.452
190.568
192.674
194.772
196.865
198.955
101.457
104.369
107.278
110.183
113.079
115.967
118.842
121.703
124.547
127.374
130.179
132.962
135.721
138.454
141.159
143.835
146.48
149.093
151.673
154.22
156.732
159.21
161.653
164.061
166.435
168.776
171.083
173.359
175.605
177.822
180.012
182.179
184.324
186.45
188.56
190.657
192.744
194.822
196.896
198.966
101.466
104.397
107.326
110.249
113.165
116.07
118.962
121.84
124.7
127.541
130.361
133.157
135.928
138.671
141.386
144.07
146.722
149.341
151.925
154.475
156.989
159.467
161.909
164.314
166.684
169.019
171.319
173.586
175.821
178.026
180.203
182.354
184.482
186.59
188.68
190.756
192.821
194.878
196.929
198.977
101.477
104.429
107.379
110.323
113.258
116.183
119.094
121.99
124.868
127.725
130.56
133.37
136.153
138.908
141.633
144.325
146.985
149.609
152.198
154.751
157.266
159.744
162.184
164.587
166.953
169.281
171.574
173.831
176.055
178.248
180.41
182.544
184.654
186.742
188.811
190.865
192.906
194.939
196.966
198.989
101.489
104.464
107.437
110.403
113.361
116.307
119.239
122.154
125.05
127.925
130.776
133.601
136.398
139.165
141.9
144.602
147.268
149.899
152.492
155.048
157.565
160.042
162.481
164.88
167.241
169.563
171.847
174.095
176.307
178.486
180.633
182.75
184.841
186.907
188.954
190.983
192.999
195.006
197.006
199.002
101.501
104.502
107.5
110.491
113.472
116.442
119.396
122.333
125.249
128.143
131.011
133.852
136.663
139.443
142.189
144.9
147.575
150.211
152.809
155.367
157.885
160.362
162.799
165.194
167.55
169.865
172.14
174.377
176.577
178.742
180.872
182.971
185.042
187.086
189.108
191.111
193.1
195.078
197.05
199.017
101.515
104.544
107.569
110.587
113.595
116.589
119.568
122.527
125.465
128.379
131.266
134.124
136.95
139.743
142.501
145.222
147.905
150.548
153.15
155.711
158.23
160.707
163.14
165.532
167.881
170.188
172.454
174.68
176.866
179.016
181.129
183.209
185.258
187.279
189.275
191.25
193.21
195.157
197.098
199.033
101.53
104.589
107.645
110.692
113.728
116.75
119.755
122.739
125.701
128.636
131.543
134.419
137.262
140.069
142.839
145.571
148.262
150.911
153.518
156.082
158.602
161.077
163.508
165.895
168.237
170.536
172.791
175.005
177.177
179.309
181.404
183.463
185.489
187.485
189.455
191.401
193.328
195.243
197.149
199.05
101.547
104.639
107.727
110.807
113.874
116.926
119.959
122.971
125.957
128.916
131.844
134.739
137.599
140.422
143.205
145.948
148.648
151.304
153.916
156.483
159.003
161.478
163.906
166.287
168.622
170.911
173.155
175.355
177.511
179.625
181.7
183.737
185.738
187.708
189.648
191.563
193.457
195.335
197.205
199.068
101.565
104.694
107.818
110.932
114.033
117.118
120.182
123.223
126.237
129.221
132.172
135.088
137.967
140.805
143.603
146.357
149.067
151.73
154.348
156.917
159.439
161.912
164.336
166.712
169.039
171.317
173.549
175.733
177.872
179.967
182.02
184.032
186.007
187.947
189.856
191.738
193.595
195.436
197.266
199.088
101.586
104.754
107.917
111.07
114.209
117.329
120.427
123.499
126.543
129.554
132.53
135.468
138.367
141.223
144.035
146.802
149.522
152.194
154.817
157.389
159.912
162.383
164.804
167.173
169.491
171.759
173.976
176.144
178.264
180.338
182.366
184.352
186.297
188.206
190.081
191.926
193.746
195.545
197.333
199.11
101.608
104.82
108.027
111.222
114.401
117.56
120.695
123.802
126.878
129.918
132.921
135.884
138.804
141.679
144.507
147.287
150.018
152.699
155.327
157.904
160.427
162.897
165.313
167.675
169.984
172.239
174.442
176.592
178.691
180.741
182.743
184.7
186.613
188.487
190.325
192.131
193.909
195.664
197.405
199.134
101.632
104.893
108.147
111.389
114.613
117.815
120.99
124.135
127.245
130.318
133.35
136.339
139.282
142.177
145.023
147.817
150.56
153.249
155.884
158.464
160.989
163.457
165.869
168.223
170.522
172.764
174.95
177.08
179.157
181.182
183.155
185.079
186.958
188.794
190.591
192.354
194.086
195.793
197.483
199.16
101.659
104.974
108.281
111.573
114.847
118.095
121.315
124.501
127.649
130.757
133.82
136.837
139.805
142.722
145.586
148.397
151.152
153.851
156.493
159.077
161.602
164.068
166.475
168.822
171.109
173.336
175.505
177.615
179.667
181.663
183.605
185.495
187.335
189.129
190.882
192.597
194.279
195.934
197.57
199.189
101.689
105.063
108.428
111.778
115.105
118.405
121.673
124.904
128.094
131.24
134.337
137.385
140.379
143.319
146.204
149.031
151.799
154.509
157.158
159.746
162.272
164.736
167.137
169.475
171.75
173.962
176.112
178.199
180.225
182.191
184.099
185.951
187.749
189.498
191.201
192.864
194.492
196.089
197.664
199.22
101.722
105.163
108.593
112.004
115.392
118.749
122.07
125.35
128.585
131.772
134.906
137.986
141.009
143.975
146.88
149.725
152.508
155.228
157.884
160.476
163.004
165.465
167.861
170.19
172.452
174.647
176.776
178.839
180.837
182.771
184.642
186.452
188.205
189.904
191.553
193.159
194.725
196.259
197.769
199.255
101.759
105.274
108.775
112.257
115.71
119.13
122.509
125.843
129.128
132.358
135.532
138.648
141.702
144.693
147.621
150.485
153.282
156.014
158.678
161.275
163.803
166.262
168.651
170.97
173.219
175.397
177.504
179.541
181.508
183.407
185.238
187.004
188.708
190.352
191.942
193.484
194.983
196.447
197.884
199.293
101.801
105.397
108.979
112.538
116.065
119.554
122.997
126.39
129.727
133.006
136.222
139.375
142.462
145.482
148.433
151.316
154.129
156.873
159.545
162.146
164.675
167.131
169.514
171.822
174.057
176.216
178.3
180.31
182.245
184.106
185.895
187.613
189.262
190.848
192.373
193.845
195.27
196.656
198.013
199.336
101.847
105.536
109.207
112.852
116.461
120.026
123.539
126.996
130.391
133.721
136.983
140.175
143.297
146.346
149.322
152.226
155.055
157.81
160.491
163.096
165.626
168.079
170.455
172.753
174.972
177.112
179.172
181.152
183.053
184.874
186.617
188.284
189.876
191.397
192.851
194.246
195.589
196.888
198.155
199.383
101.899
105.691
109.464
113.205
116.904
120.552
124.142
127.668
131.125
134.51
137.821
141.055
144.213
147.293
150.295
153.219
156.065
158.833
161.522
164.132
166.662
169.111
171.48
173.767
175.97
178.09
180.125
182.075
183.94
185.719
187.414
189.025
190.555
192.006
193.384
194.694
195.946
197.148
198.314
199.436
101.958
105.867
109.753
113.602
117.401
121.142
124.815
128.416
131.939
135.382
138.744
142.022
145.217
148.329
151.358
154.303
157.166
159.946
162.644
165.258
167.788
170.235
172.596
174.871
177.058
179.157
181.166
183.085
184.913
186.648
188.292
189.845
191.308
192.684
193.977
195.195
196.346
197.441
198.493
199.496
102.026
106.067
110.081
114.05
117.961
121.802
125.566
129.247
132.841
136.346
139.76
143.084
146.318
149.462
152.517
155.485
158.364
161.157
163.862
166.481
169.012
171.454
173.808
176.071
178.242
180.32
182.303
184.19
185.979
187.67
189.26
190.751
192.144
193.439
194.642
195.758
196.797
197.772
198.695
199.564
102.103
106.296
110.455
114.559
118.593
122.545
126.407
130.173
133.841
137.409
140.878
144.248
147.521
150.698
153.78
156.769
159.665
162.47
165.184
167.807
170.338
172.777
175.122
177.373
179.528
181.585
183.542
185.397
187.148
188.792
190.328
191.756
193.074
194.283
195.388
196.392
197.307
198.147
198.925
199.641
102.192
106.56
110.885
115.141
119.312
123.383
127.349
131.205
134.949
138.583
142.107
145.524
148.835
152.044
155.153
158.163
161.076
163.892
166.614
169.24
171.771
174.207
176.545
178.785
180.924
182.96
184.891
186.714
188.427
190.025
191.506
192.868
194.11
195.229
196.228
197.113
197.89
198.577
199.188
199.731
102.296
106.868
111.384
115.811
120.132
124.332
128.407
132.355
136.178
139.877
143.455
146.918
150.268
153.508
156.642
159.672
162.6
165.428
168.157
170.787
173.318
175.75
178.081
180.31
182.434
184.451
186.357
188.15
189.825
191.378
192.806
194.103
195.266
196.292
197.181
197.935
198.561
199.075
199.494
199.838
102.422
107.235
111.971
116.591
121.074
125.41
129.598
133.64
137.539
141.302
144.933
148.439
151.825
155.094
158.252
161.301
164.243
167.082
169.818
172.452
174.983
177.412
179.736
181.955
184.065
186.064
187.948
189.712
191.352
192.863
194.239
195.473
196.559
197.491
198.265
198.881
199.341
199.661
199.857
199.966
102.575
107.681
112.674
117.507
122.164
126.64
130.941
135.073
139.046
142.869
146.549
150.095
153.513
156.81
159.989
163.055
166.011
168.859
171.601
174.238
176.77
179.196
181.515
183.725
185.823
187.806
189.669
191.409
193.018
194.491
195.819
196.994
198.007
198.848
199.507
199.979
200.259
200.363
200.297
200.123
102.774
108.244
113.534
118.599
123.434
128.048
132.456
136.672
140.712
144.588
148.311
151.893
155.34
158.659
161.857
164.938
167.906
170.762
173.51
176.15
178.683
181.107
183.422
185.625
187.713
189.683
191.53
193.249
194.832
196.272
197.56
198.684
199.632
200.389
200.939
201.268
201.359
201.221
200.841
200.317
103.047
108.987
114.613
119.915
124.922
129.662
134.163
138.452
142.548
146.469
150.229
153.839
157.31
160.649
163.862
166.956
169.933
172.797
175.55
178.194
180.727
183.151
185.463
187.661
189.743
191.703
193.538
195.241
196.804
198.219
199.474
200.558
201.454
202.142
202.6
202.8
202.708
202.307
201.547
200.579
103.506
110.027
115.988
121.511
126.666
131.509
136.086
140.43
144.569
148.524
152.31
155.943
159.431
162.785
166.011
169.114
172.099
174.97
177.728
180.374
182.91
185.333
187.644
189.84
191.918
193.873
195.7
197.392
198.942
200.341
201.575
202.631
203.491
204.131
204.522
204.627
204.386
203.744
202.559
201.018
104.354
111.611
117.847
123.519
128.766
133.667
138.283
142.657
146.818
150.79
154.591
158.236
161.734
165.096
168.328
171.437
174.427
177.301
180.061
182.71
185.246
187.671
189.981
192.176
194.251
196.203
198.026
199.713
201.256
202.646
203.869
204.909
205.749
206.362
206.716
206.769
206.445
205.666
204.189
202.068
)
;

boundaryField
{
    carasuperior
    {
        type            fixedGradient;
        gradient        uniform 100;
    }
    lateralizquierda
    {
        type            fixedValue;
        value           uniform 100;
    }
    lateralderecha
    {
        type            fixedValue;
        value           uniform 200;
    }
    carainferior
    {
        type            zeroGradient;
    }
    frontAndBack
    {
        type            empty;
    }
}


// ************************************************************************* //
