/*--------------------------------*- C++ -*----------------------------------*\
| =========                 |                                                 |
| \\      /  F ield         | OpenFOAM: The Open Source CFD Toolbox           |
|  \\    /   O peration     | Version:  2.4.0                                 |
|   \\  /    A nd           | Web:      www.OpenFOAM.org                      |
|    \\/     M anipulation  |                                                 |
\*---------------------------------------------------------------------------*/
FoamFile
{
    version     2.0;
    format      ascii;
    class       volScalarField;
    location    "0.425";
    object      T;
}
// * * * * * * * * * * * * * * * * * * * * * * * * * * * * * * * * * * * * * //

dimensions      [0 0 0 1 0 0 0];

internalField   nonuniform List<scalar> 
1600
(
101.291
103.872
106.453
109.034
111.613
114.191
116.768
119.342
121.914
124.483
127.048
129.61
132.167
134.719
137.266
139.807
142.341
144.868
147.389
149.902
152.406
154.903
157.392
159.873
162.346
164.812
167.27
169.721
172.166
174.604
177.038
179.466
181.891
184.312
186.73
189.146
191.56
193.972
196.384
198.795
101.292
103.875
106.458
109.04
111.621
114.201
116.779
119.355
121.929
124.499
127.066
129.629
132.188
134.741
137.289
139.831
142.366
144.894
147.415
149.928
152.433
154.93
157.418
159.899
162.371
164.836
167.293
169.743
172.186
174.623
177.055
179.482
181.905
184.324
186.741
189.155
191.567
193.977
196.387
198.796
101.293
103.88
106.466
109.052
111.637
114.22
116.802
119.381
121.958
124.532
127.102
129.667
132.228
134.784
137.334
139.878
142.415
144.944
147.466
149.98
152.485
154.982
157.47
159.95
162.421
164.884
167.339
169.787
172.228
174.662
177.091
179.515
181.934
184.35
186.762
189.172
191.58
193.987
196.393
198.798
101.296
103.888
106.48
109.07
111.66
114.249
116.835
119.42
122.001
124.579
127.154
129.723
132.288
134.848
137.401
139.947
142.486
145.018
147.541
150.056
152.562
155.059
157.547
160.026
162.495
164.956
167.408
169.853
172.29
174.72
177.144
179.563
181.977
184.387
186.794
189.199
191.601
194.002
196.401
198.801
101.3
103.898
106.497
109.095
111.691
114.287
116.88
119.471
122.058
124.642
127.222
129.797
132.367
134.931
137.488
140.038
142.581
145.115
147.64
150.157
152.664
155.161
157.648
160.125
162.593
165.051
167.5
169.94
172.372
174.797
177.215
179.627
182.035
184.438
186.837
189.234
191.629
194.022
196.413
198.805
101.304
103.911
106.518
109.125
111.73
114.334
116.935
119.534
122.129
124.72
127.307
129.889
132.465
135.034
137.596
140.151
142.697
145.235
147.763
150.281
152.789
155.286
157.773
160.248
162.714
165.168
167.613
170.048
172.475
174.893
177.304
179.708
182.107
184.501
186.891
189.279
191.663
194.046
196.428
198.81
101.309
103.927
106.544
109.161
111.776
114.39
117.001
119.609
122.213
124.813
127.408
129.997
132.58
135.156
137.725
140.285
142.836
145.377
147.908
150.428
152.937
155.435
157.921
160.395
162.857
165.309
167.749
170.178
172.597
175.008
177.41
179.805
182.194
184.577
186.956
189.332
191.705
194.076
196.446
198.816
101.315
103.945
106.574
109.203
111.83
114.455
117.077
119.696
122.31
124.92
127.525
130.123
132.714
135.298
137.873
140.439
142.995
145.541
148.075
150.598
153.108
155.606
158.092
160.564
163.024
165.471
167.905
170.328
172.74
175.141
177.534
179.918
182.295
184.666
187.032
189.394
191.754
194.111
196.467
198.823
101.322
103.965
106.609
109.251
111.891
114.529
117.164
119.795
122.421
125.042
127.657
130.266
132.866
135.458
138.041
140.614
143.175
145.726
148.264
150.79
153.302
155.8
158.285
160.755
163.212
165.654
168.083
170.499
172.902
175.294
177.675
180.047
182.41
184.767
187.119
189.466
191.81
194.151
196.491
198.831
101.33
103.989
106.647
109.305
111.96
114.613
117.262
119.906
122.546
125.179
127.806
130.425
133.036
135.637
138.228
140.808
143.376
145.932
148.474
151.003
153.517
156.016
158.499
160.968
163.421
165.858
168.281
170.689
173.083
175.464
177.833
180.191
182.541
184.882
187.217
189.547
191.873
194.197
196.519
198.84
101.338
104.014
106.69
109.365
112.037
114.705
117.37
120.03
122.684
125.331
127.971
130.602
133.223
135.835
138.435
141.023
143.598
146.159
148.705
151.237
153.752
156.252
158.735
161.201
163.65
166.083
168.498
170.898
173.282
175.652
178.008
180.352
182.685
185.009
187.326
189.637
191.944
194.247
196.549
198.85
101.348
104.043
106.738
109.431
112.121
114.808
117.49
120.166
122.836
125.498
128.152
130.796
133.429
136.051
138.661
141.257
143.839
146.406
148.957
151.491
154.009
156.508
158.99
161.454
163.899
166.326
168.735
171.126
173.5
175.857
178.199
180.528
182.844
185.149
187.446
189.736
192.021
194.303
196.583
198.861
101.359
104.075
106.791
109.504
112.215
114.921
117.622
120.316
123.003
125.681
128.35
131.008
133.654
136.287
138.907
141.512
144.101
146.674
149.229
151.767
154.285
156.785
159.266
161.726
164.167
166.588
168.99
171.371
173.734
176.079
178.407
180.719
183.017
185.302
187.578
189.845
192.107
194.364
196.62
198.873
101.37
104.11
106.848
109.584
112.317
115.044
117.766
120.48
123.185
125.881
128.566
131.238
133.898
136.543
139.174
141.787
144.384
146.963
149.523
152.063
154.583
157.083
159.561
162.019
164.455
166.87
169.263
171.635
173.986
176.318
178.63
180.925
183.204
185.468
187.721
189.964
192.2
194.431
196.66
198.887
101.383
104.148
106.912
109.672
112.429
115.179
117.923
120.658
123.384
126.098
128.8
131.489
134.163
136.821
139.462
142.085
144.69
147.274
149.838
152.382
154.903
157.402
159.879
162.332
164.763
167.171
169.555
171.917
174.256
176.573
178.87
181.146
183.405
185.647
187.876
190.093
192.301
194.504
196.704
198.901
101.397
104.189
106.981
109.768
112.551
115.327
118.095
120.853
123.6
126.334
129.055
131.761
134.45
137.121
139.774
142.407
145.019
147.61
150.179
152.724
155.247
157.745
160.219
162.668
165.093
167.493
169.868
172.218
174.544
176.846
179.126
181.383
183.621
185.84
188.042
190.232
192.411
194.583
196.752
198.917
101.412
104.235
107.056
109.873
112.684
115.488
118.282
121.065
123.835
126.592
129.332
132.056
134.761
137.446
140.111
142.755
145.375
147.973
150.546
153.094
155.617
158.114
160.585
163.03
165.448
167.839
170.203
172.541
174.853
177.139
179.4
181.637
183.852
186.046
188.222
190.382
192.529
194.669
196.803
198.934
101.429
104.285
107.139
109.988
112.83
115.664
118.487
121.296
124.092
126.872
129.633
132.376
135.099
137.799
140.477
143.131
145.761
148.365
150.943
153.494
156.017
158.513
160.981
163.42
165.83
168.212
170.565
172.889
175.185
177.453
179.694
181.909
184.1
186.267
188.414
190.543
192.657
194.761
196.859
198.953
101.447
104.34
107.23
110.114
112.99
115.856
118.71
121.549
124.372
127.177
129.962
132.725
135.466
138.183
140.875
143.54
146.179
148.79
151.373
153.927
156.451
158.946
161.409
163.843
166.245
168.616
170.956
173.265
175.544
177.792
180.011
182.202
184.366
186.505
188.622
190.717
192.796
194.861
196.92
198.973
101.467
104.4
107.33
110.252
113.166
116.068
118.955
121.826
124.679
127.51
130.32
133.106
135.867
138.601
141.307
143.985
146.634
149.253
151.841
154.398
156.923
159.415
161.875
164.301
166.694
169.054
171.38
173.673
175.933
178.16
180.355
182.519
184.655
186.762
188.845
190.905
192.945
194.97
196.986
198.994
101.489
104.466
107.439
110.404
113.359
116.299
119.224
122.13
125.014
127.876
130.712
133.522
136.304
139.057
141.779
144.471
147.13
149.757
152.351
154.911
157.436
159.926
162.381
164.801
167.184
169.531
171.842
174.117
176.356
178.56
180.729
182.864
184.968
187.041
189.087
191.108
193.107
195.087
197.057
199.018
101.514
104.54
107.56
110.572
113.571
116.555
119.52
122.463
125.383
128.276
131.142
133.978
136.782
139.555
142.295
145.001
147.671
150.307
152.907
155.47
157.996
160.484
162.934
165.346
167.718
170.052
172.346
174.602
176.818
178.996
181.137
183.24
185.309
187.345
189.351
191.329
193.283
195.216
197.136
199.044
101.541
104.621
107.694
110.757
113.806
116.836
119.845
122.83
125.788
128.716
131.613
134.477
137.307
140.101
142.859
145.58
148.263
150.908
153.514
156.081
158.607
161.093
163.538
165.941
168.302
170.621
172.897
175.131
177.323
179.474
181.583
183.652
185.683
187.677
189.639
191.57
193.474
195.356
197.221
199.072
101.571
104.71
107.842
110.962
114.065
117.147
120.205
123.235
126.234
129.2
132.131
135.025
137.882
140.699
143.477
146.214
148.91
151.565
154.178
156.748
159.275
161.758
164.197
166.591
168.94
171.243
173.5
175.711
177.877
179.997
182.072
184.104
186.093
188.042
189.955
191.835
193.685
195.509
197.315
199.103
101.604
104.81
108.007
111.189
114.353
117.492
120.603
123.682
126.726
129.733
132.701
135.628
138.513
141.355
144.153
146.908
149.618
152.283
154.903
157.477
160.004
162.485
164.917
167.302
169.637
171.923
174.16
176.347
178.484
180.571
182.61
184.6
186.544
188.444
190.304
192.126
193.916
195.678
197.419
199.138
101.641
104.921
108.19
111.442
114.672
117.874
121.043
124.176
127.27
130.321
133.329
136.291
139.206
142.074
144.895
147.668
150.393
153.069
155.696
158.273
160.801
163.278
165.704
168.078
170.4
172.668
174.883
177.043
179.15
181.202
183.201
185.147
187.042
188.888
190.689
192.449
194.172
195.864
197.533
199.176
101.683
105.045
108.394
111.724
115.027
118.298
121.532
124.724
127.871
130.97
134.02
137.019
139.967
142.863
145.708
148.5
151.239
153.927
156.561
159.143
161.671
164.145
166.564
168.927
171.234
173.483
175.674
177.807
179.881
181.896
183.852
185.75
187.592
189.379
191.116
192.806
194.456
196.071
197.66
199.218
101.729
105.184
108.623
112.039
115.424
118.771
122.075
125.331
128.535
131.686
134.782
137.821
140.803
143.729
146.597
149.409
152.165
154.864
157.506
160.092
162.62
165.09
167.501
169.853
172.144
174.374
176.541
178.644
180.684
182.659
184.57
186.416
188.2
189.924
191.59
193.204
194.772
196.301
197.802
199.265
101.782
105.34
108.88
112.392
115.868
119.299
122.68
126.005
129.271
132.477
135.621
138.702
141.72
144.676
147.571
150.403
153.175
155.886
158.536
161.125
163.654
166.12
168.523
170.863
173.138
175.347
177.489
179.562
181.565
183.498
185.36
187.152
188.874
190.528
192.118
193.648
195.126
196.559
197.96
199.318
101.841
105.516
109.17
112.79
116.366
119.889
123.353
126.753
130.086
133.351
136.545
139.67
142.726
145.714
148.634
151.488
154.276
156.999
159.657
162.25
164.778
167.24
169.636
171.964
174.222
176.41
178.525
180.566
182.532
184.421
186.233
187.966
189.622
191.201
192.707
194.145
195.523
196.85
198.137
199.377
101.908
105.716
109.498
113.239
116.927
120.551
124.106
127.586
130.99
134.315
137.563
140.733
143.828
146.848
149.794
152.669
155.474
158.209
160.875
163.472
165.999
168.457
170.845
173.16
175.402
177.568
179.656
181.665
183.593
185.436
187.195
188.867
190.452
191.951
193.367
194.704
195.97
197.178
198.338
199.445
101.986
105.945
109.872
113.749
117.56
121.295
124.948
128.513
131.991
135.381
138.683
141.899
145.033
148.085
151.058
153.954
156.775
159.522
162.195
164.796
167.323
169.777
172.156
174.459
176.684
178.828
180.89
182.867
184.755
186.553
188.257
189.865
191.376
192.789
194.108
195.334
196.478
197.551
198.566
199.522
102.075
106.209
110.303
114.332
118.279
122.134
125.891
129.547
133.101
136.556
139.913
143.176
146.348
149.433
152.432
155.349
158.186
160.944
163.625
166.228
168.755
171.205
173.576
175.867
178.075
180.198
182.234
184.179
186.028
187.78
189.428
190.971
192.406
193.73
194.943
196.05
197.057
197.978
198.827
199.611
102.18
106.518
110.802
115.003
119.1
123.085
126.951
130.699
134.332
137.852
141.264
144.572
147.782
150.897
153.922
156.858
159.71
162.479
165.167
167.774
170.301
172.746
175.109
177.388
179.581
181.685
183.695
185.609
187.421
189.127
190.722
192.199
193.556
194.787
195.89
196.867
197.723
198.473
199.132
199.717
102.305
106.885
111.39
115.783
120.044
124.164
128.144
131.986
135.695
139.279
142.744
146.096
149.341
152.485
155.533
158.489
161.355
164.134
166.828
169.438
171.964
174.406
176.762
179.03
181.209
183.293
185.281
187.166
188.943
190.606
192.148
193.563
194.842
195.979
196.969
197.808
198.499
199.056
199.493
199.844
102.459
107.332
112.094
116.7
121.135
125.396
129.488
133.421
137.204
140.848
144.362
147.754
151.032
154.203
157.272
160.244
163.123
165.911
168.611
171.224
173.749
176.188
178.538
180.797
182.963
185.031
186.998
188.857
190.603
192.227
193.722
195.078
196.284
197.33
198.205
198.901
199.413
199.755
199.931
200
102.657
107.895
112.955
117.794
122.407
126.806
131.006
135.022
138.873
142.57
146.127
149.554
152.861
156.055
159.142
162.129
165.019
167.815
170.52
173.136
175.662
178.098
180.443
182.695
184.85
186.905
188.855
190.692
192.412
194.003
195.457
196.762
197.903
198.865
199.631
200.185
200.509
200.609
200.473
200.194
102.93
108.639
114.035
119.112
123.897
128.422
132.716
136.806
140.712
144.454
148.047
151.503
154.833
158.046
161.149
164.148
167.047
169.851
172.561
175.179
177.705
180.14
182.482
184.729
186.877
188.922
190.858
192.68
194.379
195.945
197.367
198.631
199.719
200.613
201.287
201.712
201.853
201.692
201.176
200.455
103.391
109.68
115.412
120.71
125.644
130.273
134.641
138.787
142.736
146.512
150.131
153.609
156.957
160.185
163.299
166.308
169.215
172.024
174.738
177.359
179.887
182.322
184.662
186.906
189.05
191.088
193.017
194.828
196.513
198.063
199.463
200.699
201.752
202.597
203.204
203.535
203.528
203.126
202.186
200.893
104.239
111.266
117.274
122.72
127.746
132.433
136.842
141.016
144.987
148.781
152.415
155.904
159.262
162.497
165.618
168.632
171.543
174.355
177.072
179.695
182.223
184.658
186.998
189.24
191.381
193.417
195.341
197.147
198.825
200.365
201.754
202.975
204.007
204.825
205.395
205.673
205.583
205.046
203.814
201.942
)
;

boundaryField
{
    carasuperior
    {
        type            fixedGradient;
        gradient        uniform 100;
    }
    lateralizquierda
    {
        type            fixedValue;
        value           uniform 100;
    }
    lateralderecha
    {
        type            fixedValue;
        value           uniform 200;
    }
    carainferior
    {
        type            zeroGradient;
    }
    frontAndBack
    {
        type            empty;
    }
}


// ************************************************************************* //
