/*--------------------------------*- C++ -*----------------------------------*\
| =========                 |                                                 |
| \\      /  F ield         | OpenFOAM: The Open Source CFD Toolbox           |
|  \\    /   O peration     | Version:  2.4.0                                 |
|   \\  /    A nd           | Web:      www.OpenFOAM.org                      |
|    \\/     M anipulation  |                                                 |
\*---------------------------------------------------------------------------*/
FoamFile
{
    version     2.0;
    format      ascii;
    class       volScalarField;
    location    "1.02";
    object      T;
}
// * * * * * * * * * * * * * * * * * * * * * * * * * * * * * * * * * * * * * //

dimensions      [0 0 0 1 0 0 0];

internalField   nonuniform List<scalar> 
1600
(
101.414
104.24
107.064
109.883
112.697
115.502
118.297
121.08
123.85
126.605
129.344
132.064
134.764
137.443
140.099
142.732
145.34
147.923
150.479
153.009
155.512
157.988
160.437
162.859
165.255
167.626
169.972
172.295
174.596
176.876
179.137
181.38
183.608
185.822
188.024
190.215
192.398
194.575
196.747
198.916
101.415
104.243
107.069
109.89
112.705
115.512
118.309
121.094
123.866
126.622
129.362
132.083
134.785
137.465
140.122
142.756
145.365
147.949
150.506
153.036
155.539
158.014
160.463
162.885
165.28
167.65
169.995
172.316
174.616
176.894
179.154
181.396
183.622
185.834
188.034
190.224
192.405
194.58
196.75
198.917
101.416
104.248
107.077
109.902
112.721
115.531
118.331
121.12
123.895
126.655
129.397
132.122
134.826
137.508
140.168
142.804
145.414
147.999
150.557
153.088
155.591
158.067
160.515
162.935
165.329
167.698
170.041
172.36
174.657
176.933
179.189
181.428
183.65
185.859
188.055
190.241
192.419
194.589
196.755
198.919
101.419
104.256
107.091
109.921
112.745
115.56
118.366
121.159
123.939
126.703
129.45
132.178
134.886
137.572
140.235
142.874
145.487
148.073
150.633
153.164
155.668
158.144
160.591
163.011
165.403
167.769
170.109
172.425
174.718
176.99
179.242
181.475
183.693
185.896
188.087
190.267
192.439
194.604
196.764
198.922
101.423
104.267
107.108
109.945
112.776
115.598
118.411
121.211
123.997
126.767
129.52
132.253
134.966
137.657
140.323
142.965
145.582
148.171
150.732
153.265
155.769
158.245
160.692
163.11
165.5
167.863
170.2
172.512
174.8
177.066
179.312
181.539
183.75
185.946
188.129
190.302
192.466
194.624
196.776
198.926
101.427
104.28
107.13
109.976
112.815
115.646
118.466
121.274
124.068
126.846
129.605
132.345
135.064
137.76
140.432
143.079
145.699
148.291
150.855
153.389
155.895
158.37
160.816
163.233
165.621
167.98
170.313
172.62
174.902
177.161
179.4
181.619
183.821
186.009
188.183
190.346
192.501
194.648
196.791
198.931
101.432
104.295
107.156
110.012
112.862
115.703
118.533
121.35
124.153
126.939
129.707
132.455
135.181
137.884
140.562
143.213
145.838
148.434
151
153.537
156.043
158.519
160.964
163.379
165.764
168.12
170.447
172.748
175.023
177.275
179.505
181.715
183.907
186.084
188.247
190.399
192.542
194.678
196.808
198.937
101.438
104.314
107.187
110.055
112.916
115.768
118.61
121.438
124.251
127.047
129.825
132.582
135.316
138.026
140.711
143.368
145.998
148.598
151.168
153.707
156.215
158.691
161.135
163.548
165.929
168.281
170.603
172.897
175.165
177.408
179.628
181.827
184.007
186.172
188.322
190.461
192.59
194.712
196.829
198.943
101.445
104.334
107.221
110.103
112.978
115.843
118.697
121.538
124.363
127.171
129.959
132.725
135.469
138.187
140.88
143.544
146.179
148.784
151.358
153.899
156.408
158.884
161.328
163.738
166.117
168.464
170.78
173.067
175.326
177.559
179.767
181.954
184.122
186.272
188.408
190.532
192.646
194.752
196.853
198.951
101.453
104.358
107.26
110.157
113.047
115.927
118.795
121.65
124.488
127.308
130.108
132.886
135.639
138.367
141.068
143.739
146.381
148.991
151.568
154.113
156.623
159.1
161.542
163.951
166.325
168.667
170.977
173.256
175.505
177.728
179.924
182.098
184.251
186.386
188.505
190.612
192.708
194.797
196.88
198.96
101.462
104.384
107.303
110.218
113.124
116.02
118.905
121.774
124.627
127.461
130.274
133.063
135.828
138.566
141.275
143.955
146.603
149.218
151.8
154.347
156.859
159.336
161.778
164.184
166.554
168.891
171.194
173.464
175.704
177.914
180.098
182.257
184.394
186.512
188.613
190.701
192.778
194.847
196.91
198.97
101.471
104.413
107.351
110.284
113.209
116.124
119.025
121.911
124.78
127.629
130.455
133.258
136.035
138.783
141.502
144.19
146.845
149.466
152.052
154.602
157.116
159.593
162.033
164.437
166.803
169.134
171.43
173.691
175.92
178.119
180.289
182.432
184.552
186.651
188.733
190.8
192.855
194.903
196.944
198.982
101.482
104.444
107.404
110.358
113.303
116.237
119.157
122.061
124.947
127.812
130.654
133.471
136.26
139.02
141.749
144.446
147.108
149.735
152.325
154.878
157.394
159.871
162.309
164.709
167.072
169.396
171.684
173.937
176.155
178.34
180.495
182.622
184.724
186.803
188.864
190.908
192.94
194.964
196.981
198.994
101.494
104.479
107.462
110.438
113.405
116.36
119.301
122.225
125.13
128.012
130.87
133.702
136.505
139.277
142.016
144.722
147.392
150.025
152.619
155.175
157.692
160.169
162.606
165.002
167.36
169.678
171.958
174.2
176.407
178.579
180.718
182.828
184.911
186.969
189.006
191.026
193.033
195.03
197.021
199.007
101.506
104.517
107.525
110.526
113.517
116.496
119.459
122.404
125.329
128.23
131.105
133.953
136.77
139.555
142.305
145.02
147.698
150.337
152.936
155.495
158.013
160.489
162.924
165.317
167.669
169.98
172.251
174.482
176.676
178.834
180.958
183.049
185.112
187.148
189.161
191.155
193.134
195.103
197.065
199.022
101.52
104.559
107.594
110.622
113.639
116.643
119.631
122.599
125.545
128.466
131.36
134.225
137.057
139.855
142.618
145.343
148.028
150.673
153.277
155.839
158.358
160.833
163.265
165.654
168
170.303
172.565
174.785
176.966
179.108
181.215
183.287
185.328
187.34
189.328
191.294
193.244
195.182
197.112
199.037
101.536
104.605
107.67
110.727
113.773
116.804
119.818
122.811
125.78
128.723
131.637
134.52
137.368
140.181
142.956
145.691
148.385
151.037
153.645
156.21
158.729
161.204
163.633
166.017
168.356
170.651
172.902
175.11
177.276
179.402
181.49
183.541
185.559
187.547
189.507
191.444
193.362
195.267
197.164
199.055
101.552
104.654
107.752
110.841
113.918
116.98
120.022
123.042
126.037
129.003
131.939
134.84
137.706
140.534
143.322
146.068
148.771
151.43
154.043
156.61
159.131
161.605
164.031
166.409
168.741
171.026
173.266
175.46
177.61
179.718
181.786
183.815
185.808
187.769
189.701
191.606
193.491
195.36
197.22
199.073
101.57
104.709
107.843
110.967
114.078
117.172
120.245
123.295
126.317
129.308
132.267
135.189
138.073
140.918
143.719
146.477
149.19
151.856
154.475
157.045
159.566
162.039
164.461
166.834
169.158
171.433
173.659
175.839
177.972
180.06
182.105
184.11
186.077
188.009
189.909
191.781
193.63
195.46
197.281
199.093
101.591
104.769
107.942
111.105
114.253
117.383
120.49
123.571
126.622
129.641
132.624
135.569
138.474
141.335
144.152
146.922
149.645
152.319
154.944
157.517
160.04
162.51
164.929
167.296
169.611
171.874
174.087
176.25
178.364
180.431
182.452
184.43
186.367
188.268
190.134
191.97
193.78
195.57
197.347
199.115
101.613
104.835
108.052
111.257
114.445
117.614
120.758
123.873
126.957
130.006
133.016
135.985
138.91
141.791
144.624
147.408
150.142
152.824
155.454
158.031
160.555
163.024
165.438
167.798
170.104
172.355
174.553
176.698
178.791
180.834
182.829
184.778
186.683
188.549
190.378
192.175
193.943
195.688
197.419
199.139
101.637
104.908
108.172
111.424
114.657
117.868
121.053
124.206
127.325
130.405
133.444
136.439
139.388
142.289
145.139
147.938
150.683
153.375
156.012
158.592
161.117
163.584
165.994
168.346
170.641
172.879
175.061
177.186
179.257
181.275
183.241
185.158
187.028
188.855
190.644
192.398
194.12
195.817
197.498
199.165
101.664
104.989
108.306
111.608
114.891
118.149
121.377
124.572
127.729
130.844
133.915
136.938
139.912
142.834
145.703
148.517
151.275
153.977
156.62
159.205
161.73
164.195
166.6
168.945
171.229
173.452
175.616
177.721
179.767
181.757
183.692
185.574
187.406
189.191
190.935
192.641
194.314
195.959
197.585
199.194
101.694
105.079
108.454
111.812
115.15
118.459
121.736
124.976
128.174
131.327
134.432
137.485
140.486
143.431
146.32
149.151
151.923
154.634
157.285
159.874
162.4
164.863
167.263
169.599
171.87
174.079
176.223
178.305
180.325
182.285
184.186
186.03
187.82
189.56
191.254
192.908
194.526
196.113
197.679
199.225
101.727
105.178
108.618
112.039
115.436
118.803
122.133
125.421
128.665
131.859
135
138.087
141.116
144.087
146.997
149.845
152.631
155.353
158.011
160.604
163.132
165.592
167.986
170.313
172.572
174.764
176.888
178.946
180.937
182.865
184.728
186.531
188.276
189.966
191.607
193.203
194.76
196.284
197.784
199.26
101.764
105.289
108.8
112.291
115.755
119.184
122.572
125.915
129.207
132.445
135.627
138.748
141.808
144.805
147.738
150.605
153.406
156.139
158.805
161.403
163.931
166.389
168.777
171.094
173.339
175.513
177.616
179.648
181.609
183.501
185.325
187.083
188.779
190.414
191.996
193.528
195.018
196.472
197.899
199.298
101.806
105.412
109.004
112.573
116.11
119.607
123.06
126.461
129.806
133.093
136.317
139.476
142.568
145.593
148.55
151.436
154.253
156.998
159.672
162.274
164.803
167.258
169.64
171.946
174.177
176.333
178.413
180.417
182.346
184.2
185.982
187.692
189.334
190.91
192.427
193.889
195.305
196.681
198.028
199.341
101.852
105.551
109.232
112.887
116.505
120.079
123.602
127.067
130.47
133.807
137.077
140.276
143.403
146.458
149.439
152.346
155.178
157.936
160.618
163.225
165.754
168.207
170.581
172.876
175.093
177.229
179.284
181.259
183.154
184.969
186.705
188.364
189.947
191.459
192.905
194.291
195.624
196.913
198.17
199.388
101.904
105.707
109.489
113.24
116.948
120.606
124.205
127.739
131.204
134.597
137.915
141.156
144.319
147.405
150.411
153.339
156.189
158.959
161.649
164.26
166.79
169.239
171.606
173.891
176.091
178.207
180.238
182.183
184.041
185.814
187.502
189.105
190.627
192.069
193.438
194.739
195.981
197.174
198.329
199.441
101.963
105.882
109.778
113.636
117.445
121.195
124.877
128.487
132.018
135.469
138.838
142.123
145.324
148.441
151.474
154.424
157.29
160.072
162.771
165.386
167.917
170.363
172.722
174.995
177.179
179.274
181.279
183.193
185.014
186.743
188.38
189.925
191.38
192.747
194.032
195.24
196.381
197.466
198.508
199.501
102.031
106.082
110.106
114.085
118.005
121.856
125.629
129.318
132.92
136.432
139.854
143.184
146.424
149.574
152.634
155.605
158.488
161.283
163.99
166.61
169.141
171.582
173.934
176.195
178.363
180.438
182.416
184.298
186.081
187.765
189.349
190.832
192.216
193.503
194.696
195.803
196.832
197.797
198.71
199.569
102.108
106.311
110.48
114.594
118.637
122.599
126.469
130.244
133.92
137.496
140.972
144.349
147.628
150.81
153.897
156.889
159.789
162.596
165.312
167.935
170.466
172.905
175.249
177.498
179.65
181.703
183.656
185.505
187.25
188.888
190.417
191.836
193.146
194.347
195.442
196.438
197.343
198.173
198.94
199.647
102.197
106.575
110.909
115.176
119.356
123.437
127.411
131.275
135.028
138.669
142.201
145.624
148.942
152.156
155.269
158.283
161.199
164.018
166.742
169.369
171.9
174.335
176.672
178.909
181.045
183.078
185.005
186.823
188.529
190.121
191.595
192.95
194.182
195.293
196.283
197.158
197.926
198.603
199.203
199.737
102.301
106.883
111.408
115.846
120.176
124.385
128.469
132.426
136.257
139.963
143.549
147.018
150.374
153.619
156.758
159.792
162.723
165.554
168.285
170.916
173.447
175.879
178.208
180.435
182.556
184.569
186.471
188.259
189.928
191.475
192.895
194.184
195.339
196.356
197.236
197.981
198.596
199.101
199.51
199.843
102.427
107.25
111.996
116.625
121.118
125.464
129.66
133.71
137.618
141.388
145.027
148.539
151.931
155.206
158.368
161.421
164.367
167.208
169.946
172.58
175.112
177.54
179.863
182.08
184.187
186.182
188.062
189.821
191.455
192.96
194.328
195.555
196.632
197.556
198.321
198.927
199.377
199.687
199.873
199.971
102.58
107.696
112.699
117.542
122.208
126.694
131.003
135.144
139.125
142.955
146.643
150.195
153.62
156.921
160.105
163.175
166.134
168.985
171.729
174.367
176.899
179.324
181.642
183.85
185.945
187.924
189.784
191.518
193.121
194.588
195.909
197.076
198.081
198.913
199.563
200.025
200.295
200.389
200.313
200.128
102.779
108.259
113.559
118.633
123.478
128.101
132.518
136.743
140.79
144.674
148.405
151.993
155.446
158.771
161.974
165.058
168.029
170.889
173.638
176.279
178.812
181.236
183.549
185.75
187.836
189.802
191.645
193.358
194.936
196.369
197.65
198.766
199.706
200.454
200.995
201.314
201.396
201.247
200.857
200.323
103.052
109.002
114.637
119.95
124.965
129.715
134.225
138.523
142.627
146.555
150.322
153.939
157.416
160.76
163.978
167.076
170.057
172.923
175.678
178.323
180.857
183.28
185.59
187.787
189.865
191.822
193.653
195.35
196.908
198.316
199.565
200.641
201.528
202.208
202.656
202.846
202.744
202.334
201.562
200.584
103.511
110.042
116.012
121.545
126.71
131.562
136.147
140.5
144.647
148.61
152.404
156.043
159.537
162.897
166.127
169.234
172.223
175.096
177.856
180.503
183.039
185.462
187.772
189.966
192.041
193.992
195.815
197.502
199.046
200.438
201.666
202.714
203.565
204.197
204.579
204.674
204.423
203.771
202.575
201.023
104.359
111.626
117.872
123.553
128.809
133.72
138.345
142.727
146.896
150.876
154.685
158.335
161.84
165.207
168.444
171.557
174.55
177.427
180.189
182.839
185.376
187.8
190.109
192.302
194.374
196.322
198.141
199.823
201.361
202.744
203.959
204.992
205.823
206.428
206.772
206.816
206.482
205.693
204.205
202.073
)
;

boundaryField
{
    carasuperior
    {
        type            fixedGradient;
        gradient        uniform 100;
    }
    lateralizquierda
    {
        type            fixedValue;
        value           uniform 100;
    }
    lateralderecha
    {
        type            fixedValue;
        value           uniform 200;
    }
    carainferior
    {
        type            zeroGradient;
    }
    frontAndBack
    {
        type            empty;
    }
}


// ************************************************************************* //
