/*--------------------------------*- C++ -*----------------------------------*\
| =========                 |                                                 |
| \\      /  F ield         | OpenFOAM: The Open Source CFD Toolbox           |
|  \\    /   O peration     | Version:  2.4.0                                 |
|   \\  /    A nd           | Web:      www.OpenFOAM.org                      |
|    \\/     M anipulation  |                                                 |
\*---------------------------------------------------------------------------*/
FoamFile
{
    version     2.0;
    format      ascii;
    class       volScalarField;
    location    "4.2";
    object      p;
}
// * * * * * * * * * * * * * * * * * * * * * * * * * * * * * * * * * * * * * //

dimensions      [0 2 -2 0 0 0 0];

internalField   nonuniform List<scalar> 
4800
(
4.87547e-06
-0.00159481
-0.00327875
-0.00452753
-0.00501632
-0.00459359
-0.00321207
-0.000875401
0.0023717
0.00643351
0.00160354
-2.93444e-05
-0.00122601
-0.00193955
-0.00204623
-0.00143585
-6.07121e-05
0.00209579
0.00502412
0.00867783
0.00332735
0.00111759
-8.70432e-05
-0.000644853
-0.000625202
3.04241e-05
0.00135365
0.00337177
0.00610698
0.00955628
0.00449561
0.00162848
0.000249101
-0.000324138
-0.000319995
0.00027589
0.00148368
0.00334926
0.00593932
0.00931108
0.0045549
0.001166
-0.00039892
-0.00106187
-0.00116765
-0.000728054
0.000283416
0.00195164
0.00441587
0.00784107
0.00313706
-0.000563008
-0.00228043
-0.00308398
-0.00338775
-0.00321005
-0.00249545
-0.00109288
0.00125132
0.00491496
6.32159e-05
-0.00370704
-0.00552158
-0.00650184
-0.00708789
-0.00728923
-0.007001
-0.00597976
-0.0038111
0.000315111
-0.00466943
-0.00826958
-0.010117
-0.0112988
-0.0122456
-0.0129533
-0.0132576
-0.0128114
-0.0110237
-0.0062362
-0.0108966
-0.0141134
-0.015928
-0.017319
-0.0186832
-0.020011
-0.0210854
-0.02146
-0.0204474
-0.0148274
-0.0183033
-0.0209781
-0.0226958
-0.0242738
-0.0260658
-0.0280925
-0.0301515
-0.0318011
-0.0328
-0.0284165
6.17726e-06
-0.00161556
-0.0033101
-0.00456786
-0.00506202
-0.00464151
-0.00326014
-0.000921597
0.00232974
0.00639842
0.00162147
-3.38543e-05
-0.00120858
-0.00191197
-0.00201357
-0.0014
-2.47569e-05
0.00212921
0.00505343
0.00870311
0.00335793
0.00109159
-8.82003e-05
-0.000643735
-0.000626539
2.9167e-05
0.00135225
0.00336968
0.0061041
0.0095545
0.00454003
0.00159178
0.000249341
-0.000320808
-0.000320925
0.00027446
0.00148177
0.00334611
0.00593385
0.00930625
0.00460923
0.00112284
-0.000393872
-0.0010511
-0.00116111
-0.000721819
0.000288981
0.00195493
0.00441244
0.0078343
0.00319642
-0.00061076
-0.00227383
-0.00307028
-0.00337823
-0.00320061
-0.00248623
-0.00108546
0.00124539
0.00489608
0.000123291
-0.00375596
-0.00551451
-0.00648685
-0.00707646
-0.00727739
-0.00698789
-0.00596407
-0.0038189
0.000267132
-0.00461459
-0.00831664
-0.0101106
-0.0112842
-0.0122337
-0.0129412
-0.0132439
-0.0127871
-0.0110468
-0.00640324
-0.0108511
-0.0141561
-0.0159236
-0.0173068
-0.018672
-0.0199989
-0.0210692
-0.0214034
-0.0204305
-0.0152024
-0.0182702
-0.021015
-0.022695
-0.0242668
-0.0260584
-0.0280817
-0.0301287
-0.0316603
-0.0324706
-0.0285297
6.41967e-06
-0.00161541
-0.00330996
-0.00456776
-0.00506194
-0.00464145
-0.0032601
-0.000921561
0.00232977
0.00639844
0.00162162
-3.37242e-05
-0.00120846
-0.00191187
-0.00201349
-0.00139993
-2.47086e-05
0.00212925
0.00505346
0.00870314
0.00335806
0.00109171
-8.80929e-05
-0.000643645
-0.000626466
2.92253e-05
0.00135229
0.00336972
0.00610413
0.00955452
0.00454013
0.00159188
0.000249429
-0.000320732
-0.000320861
0.000274513
0.00148181
0.00334614
0.00593388
0.00930628
0.0046093
0.00112291
-0.000393803
-0.00105103
-0.00116105
-0.000721774
0.000289019
0.00195496
0.00441246
0.00783432
0.00319648
-0.000610703
-0.00227378
-0.00307023
-0.00337819
-0.00320057
-0.0024862
-0.00108543
0.00124541
0.0048961
0.000123337
-0.00375591
-0.00551447
-0.00648681
-0.00707642
-0.00727736
-0.00698787
-0.00596404
-0.00381888
0.000267148
-0.00461455
-0.0083166
-0.0101105
-0.0112842
-0.0122337
-0.0129412
-0.0132439
-0.0127871
-0.0110468
-0.00640322
-0.010851
-0.0141561
-0.0159235
-0.0173068
-0.018672
-0.0199989
-0.0210692
-0.0214034
-0.0204305
-0.0152024
-0.0182702
-0.021015
-0.0226949
-0.0242668
-0.0260584
-0.0280817
-0.0301287
-0.0316603
-0.0324706
-0.0285297
7.60384e-06
-0.00159399
-0.00327831
-0.00452723
-0.00501611
-0.00459343
-0.00321195
-0.000875308
0.00237177
0.00643356
0.00160435
-2.88482e-05
-0.00122563
-0.00193926
-0.00204602
-0.00143569
-6.05878e-05
0.00209589
0.0050242
0.00867789
0.00332778
0.00111797
-8.67341e-05
-0.000644606
-0.000625008
3.05769e-05
0.00135377
0.00337187
0.00610706
0.00955633
0.0044959
0.00162875
0.00024934
-0.000323936
-0.000319829
0.000276026
0.00148379
0.00334934
0.00593939
0.00931113
0.0045551
0.0011662
-0.000398737
-0.00106171
-0.00116751
-0.000727937
0.000283513
0.00195172
0.00441593
0.00784112
0.0031372
-0.000562859
-0.00228029
-0.00308385
-0.00338764
-0.00320995
-0.00249537
-0.00109281
0.00125138
0.004915
6.3316e-05
-0.00370692
-0.00552148
-0.00650174
-0.0070878
-0.00728915
-0.00700093
-0.0059797
-0.00381105
0.000315151
-0.00466935
-0.00826949
-0.0101169
-0.0112987
-0.0122456
-0.0129532
-0.0132576
-0.0128113
-0.0110237
-0.00623617
-0.0108966
-0.0141134
-0.015928
-0.0173189
-0.0186831
-0.0200109
-0.0210854
-0.02146
-0.0204474
-0.0148274
-0.0183032
-0.0209781
-0.0226957
-0.0242737
-0.0260658
-0.0280924
-0.0301515
-0.0318011
-0.0328
-0.0284165
0.0111571
0.0163552
0.0218584
0.0275389
0.0333119
0.0391278
0.0449629
0.0508116
0.056682
0.0625942
0.0685808
0.0746878
0.0809748
0.0875128
0.0943786
0.101641
0.109339
0.117455
0.12587
0.134344
0.0129603
0.0177337
0.0228681
0.028256
0.0338145
0.0394858
0.0452336
0.0510395
0.0568998
0.0628239
0.0688332
0.0749604
0.081248
0.0877454
0.0945031
0.101562
0.108939
0.116602
0.124452
0.132296
0.0136547
0.0182638
0.0232607
0.028542
0.0340236
0.0396434
0.0453597
0.0511479
0.056998
0.0629127
0.0689053
0.0749991
0.0812257
0.0876229
0.0942305
0.101084
0.108203
0.115577
0.123138
0.130742
0.0134246
0.0180781
0.0231258
0.0284558
0.0339787
0.0396307
0.0453698
0.051171
0.0570221
0.0629216
0.0688766
0.0749018
0.0810191
0.087257
0.0936507
0.10024
0.107065
0.114156
0.121509
0.129051
0.0122263
0.0171736
0.0224808
0.0280227
0.0337052
0.0394707
0.0452855
0.0511312
0.0569986
0.0628849
0.0687917
0.0747248
0.0806952
0.0867207
0.0928304
0.0990715
0.105512
0.11224
0.11935
0.126913
0.0100096
0.0156041
0.0214173
0.0273366
0.033283
0.0392244
0.0451512
0.0510613
0.0569543
0.0628291
0.0686825
0.0745108
0.0803112
0.0860867
0.0918545
0.0976619
0.103604
0.109838
0.116593
0.124214
0.00690615
0.0136375
0.020207
0.0266232
0.0328785
0.0390063
0.0450429
0.0510125
0.0569275
0.0627892
0.0685898
0.074314
0.0799424
0.0854568
0.0908518
0.0961582
0.101487
0.107051
0.113246
0.120928
0.00333215
0.0118024
0.0192824
0.0261923
0.0326938
0.0389405
0.0450353
0.0510314
0.0569511
0.0627957
0.0685505
0.0741869
0.0796656
0.0849414
0.0899735
0.0947566
0.0993954
0.104117
0.109443
0.11704
0.00133801
0.0117836
0.0195857
0.0265256
0.0329666
0.039143
0.0451885
0.0511561
0.0570596
0.0628907
0.0686225
0.0742109
0.0795935
0.0846901
0.0894057
0.0936628
0.0975115
0.10097
0.104393
0.110698
0.00588874
0.0171163
0.0227623
0.028295
0.0339588
0.0397177
0.0455527
0.051427
0.0573041
0.0631467
0.0689088
0.0745269
0.0799097
0.0849265
0.0893899
0.0930373
0.0955137
0.0965243
0.0952646
0.0968024
0.0111307
0.0163367
0.0218461
0.0275312
0.0333071
0.0391248
0.0449609
0.0508099
0.0566801
0.0625918
0.0685777
0.0746838
0.0809697
0.0875069
0.0943722
0.101635
0.109335
0.117455
0.125878
0.134364
0.0129827
0.0177524
0.0228829
0.0282673
0.033823
0.0394922
0.0452387
0.0510439
0.056904
0.0628284
0.0688382
0.0749659
0.0812537
0.0877506
0.0945065
0.101562
0.108934
0.116589
0.12443
0.132266
0.0136574
0.0182686
0.023266
0.028547
0.0340279
0.0396469
0.0453623
0.0511499
0.0569996
0.062914
0.0689063
0.075
0.0812264
0.0876232
0.0942301
0.101083
0.108201
0.115572
0.123132
0.130737
0.013429
0.0180852
0.0231328
0.0284621
0.0339837
0.0396344
0.0453725
0.0511728
0.0570233
0.0629225
0.0688772
0.0749022
0.0810194
0.0872572
0.0936506
0.100239
0.107064
0.114153
0.121503
0.129046
0.0122383
0.017187
0.0224917
0.0280311
0.0337112
0.0394746
0.045288
0.0511328
0.0569996
0.0628856
0.0687923
0.0747255
0.080696
0.0867216
0.0928313
0.0990716
0.105511
0.112237
0.11934
0.126898
0.0100351
0.0156259
0.021431
0.0273458
0.0332884
0.0392272
0.0451526
0.0510619
0.0569546
0.0628292
0.0686827
0.0745111
0.0803117
0.0860876
0.0918556
0.0976626
0.103605
0.109836
0.116575
0.124176
0.00697378
0.0136822
0.0202278
0.026634
0.0328831
0.0390077
0.045043
0.0510123
0.0569272
0.062789
0.0685898
0.0743144
0.0799432
0.0854582
0.0908536
0.0961591
0.101485
0.107045
0.113203
0.120824
0.003447
0.0118491
0.0192919
0.026196
0.0326934
0.0389386
0.0450335
0.0510299
0.0569498
0.0627947
0.0685496
0.0741861
0.0796652
0.0849418
0.089975
0.0947571
0.0993939
0.104122
0.109405
0.116875
0.00148147
0.01172
0.0195144
0.0264951
0.0329508
0.0391334
0.0451825
0.0511515
0.0570552
0.0628857
0.0686165
0.0742037
0.0795854
0.0846825
0.0894014
0.0936638
0.0975306
0.101059
0.104513
0.11052
0.00672949
0.0172596
0.0227728
0.028318
0.0339738
0.0397247
0.0455567
0.0514299
0.0573066
0.0631494
0.0689123
0.0745312
0.079915
0.0849323
0.0893944
0.0930348
0.0955043
0.0965555
0.0952029
0.095738
0.0111307
0.0163367
0.0218461
0.0275312
0.0333071
0.0391248
0.0449609
0.0508099
0.0566801
0.0625918
0.0685777
0.0746838
0.0809697
0.0875069
0.0943722
0.101635
0.109335
0.117455
0.125878
0.134364
0.0129827
0.0177524
0.0228829
0.0282673
0.033823
0.0394922
0.0452387
0.0510439
0.056904
0.0628284
0.0688382
0.0749659
0.0812537
0.0877506
0.0945065
0.101562
0.108934
0.116589
0.12443
0.132266
0.0136575
0.0182687
0.023266
0.028547
0.0340279
0.0396469
0.0453624
0.0511499
0.0569996
0.062914
0.0689063
0.075
0.0812264
0.0876232
0.0942301
0.101083
0.108201
0.115572
0.123132
0.130737
0.013429
0.0180852
0.0231328
0.0284621
0.0339837
0.0396344
0.0453725
0.0511728
0.0570233
0.0629225
0.0688772
0.0749022
0.0810194
0.0872572
0.0936506
0.100239
0.107064
0.114153
0.121503
0.129046
0.0122383
0.017187
0.0224917
0.0280312
0.0337112
0.0394746
0.045288
0.0511328
0.0569997
0.0628856
0.0687923
0.0747255
0.080696
0.0867216
0.0928313
0.0990716
0.105511
0.112237
0.11934
0.126898
0.0100351
0.0156259
0.021431
0.0273458
0.0332884
0.0392272
0.0451526
0.0510619
0.0569546
0.0628292
0.0686827
0.0745111
0.0803117
0.0860876
0.0918556
0.0976626
0.103605
0.109836
0.116575
0.124176
0.0069738
0.0136822
0.0202278
0.026634
0.0328831
0.0390077
0.045043
0.0510123
0.0569272
0.062789
0.0685898
0.0743144
0.0799432
0.0854582
0.0908536
0.0961591
0.101485
0.107045
0.113203
0.120824
0.00344701
0.0118491
0.0192919
0.026196
0.0326934
0.0389386
0.0450335
0.0510299
0.0569498
0.0627947
0.0685496
0.0741861
0.0796652
0.0849418
0.089975
0.0947571
0.0993939
0.104122
0.109405
0.116875
0.00148149
0.01172
0.0195144
0.0264951
0.0329509
0.0391334
0.0451825
0.0511515
0.0570552
0.0628857
0.0686165
0.0742037
0.0795854
0.0846825
0.0894014
0.0936638
0.0975306
0.101059
0.104513
0.11052
0.0067295
0.0172596
0.0227728
0.028318
0.0339738
0.0397247
0.0455567
0.0514299
0.0573066
0.0631494
0.0689123
0.0745312
0.079915
0.0849323
0.0893944
0.0930348
0.0955043
0.0965555
0.0952029
0.095738
0.0111571
0.0163552
0.0218584
0.027539
0.0333119
0.0391278
0.0449629
0.0508116
0.056682
0.0625942
0.0685808
0.0746879
0.0809748
0.0875128
0.0943786
0.101641
0.109339
0.117455
0.12587
0.134344
0.0129603
0.0177337
0.0228682
0.028256
0.0338145
0.0394858
0.0452337
0.0510395
0.0568998
0.0628239
0.0688332
0.0749604
0.081248
0.0877454
0.0945031
0.101562
0.108939
0.116602
0.124452
0.132296
0.0136547
0.0182639
0.0232607
0.028542
0.0340236
0.0396434
0.0453597
0.0511479
0.056998
0.0629127
0.0689053
0.0749991
0.0812257
0.0876229
0.0942305
0.101084
0.108203
0.115577
0.123138
0.130742
0.0134246
0.0180782
0.0231258
0.0284559
0.0339787
0.0396307
0.0453698
0.051171
0.0570221
0.0629216
0.0688766
0.0749018
0.0810191
0.087257
0.0936507
0.10024
0.107065
0.114156
0.121509
0.129051
0.0122264
0.0171737
0.0224808
0.0280227
0.0337053
0.0394707
0.0452855
0.0511312
0.0569986
0.0628849
0.0687917
0.0747248
0.0806952
0.0867207
0.0928304
0.0990715
0.105512
0.11224
0.11935
0.126913
0.0100097
0.0156041
0.0214174
0.0273367
0.0332831
0.0392244
0.0451512
0.0510613
0.0569544
0.0628291
0.0686825
0.0745108
0.0803112
0.0860867
0.0918545
0.0976619
0.103604
0.109838
0.116593
0.124214
0.00690619
0.0136375
0.0202071
0.0266233
0.0328786
0.0390063
0.0450429
0.0510125
0.0569275
0.0627892
0.0685898
0.074314
0.0799424
0.0854569
0.0908518
0.0961582
0.101487
0.107051
0.113246
0.120928
0.00333218
0.0118024
0.0192824
0.0261924
0.0326938
0.0389405
0.0450353
0.0510314
0.0569511
0.0627957
0.0685505
0.0741869
0.0796656
0.0849414
0.0899735
0.0947566
0.0993953
0.104117
0.109443
0.11704
0.00133805
0.0117836
0.0195857
0.0265256
0.0329666
0.039143
0.0451886
0.0511561
0.0570596
0.0628907
0.0686225
0.0742109
0.0795935
0.0846901
0.0894057
0.0936628
0.0975115
0.10097
0.104393
0.110698
0.00588877
0.0171163
0.0227624
0.028295
0.0339588
0.0397177
0.0455527
0.0514271
0.0573041
0.0631467
0.0689088
0.0745269
0.0799097
0.0849265
0.0893899
0.0930373
0.0955137
0.0965243
0.0952646
0.0968024
0.14251
0.149918
0.156148
0.160885
0.163963
0.165384
0.165327
0.16416
0.162436
0.160837
0.139837
0.146703
0.152549
0.157115
0.160262
0.161994
0.162459
0.161949
0.160801
0.159234
0.13812
0.144889
0.150702
0.1553
0.158544
0.160429
0.161079
0.160744
0.159604
0.157549
0.136542
0.143497
0.149519
0.154319
0.157741
0.159766
0.160506
0.160187
0.158891
0.1563
0.134749
0.142132
0.148571
0.153732
0.157436
0.159661
0.160512
0.160208
0.158786
0.155813
0.132722
0.140802
0.147861
0.153529
0.157613
0.160101
0.16111
0.160867
0.1594
0.156238
0.130662
0.139725
0.147554
0.153815
0.158327
0.161114
0.162321
0.162195
0.160781
0.157625
0.12901
0.139346
0.147995
0.154833
0.159729
0.162784
0.164191
0.16422
0.162947
0.159971
0.12801
0.140353
0.149776
0.156996
0.162072
0.165251
0.166788
0.166966
0.165888
0.163233
0.132388
0.14596
0.154551
0.161115
0.165733
0.16868
0.170169
0.17043
0.169561
0.167318
0.142543
0.149964
0.156203
0.160944
0.164022
0.165438
0.165371
0.16419
0.162453
0.160836
0.1398
0.14666
0.152502
0.157066
0.160214
0.161951
0.162422
0.161922
0.160796
0.159213
0.138121
0.144893
0.150708
0.155307
0.158551
0.160434
0.161079
0.160742
0.159621
0.157517
0.136549
0.143509
0.149534
0.154334
0.157754
0.159777
0.160509
0.160188
0.158919
0.15626
0.134757
0.142143
0.148583
0.153743
0.157446
0.159667
0.160511
0.160207
0.158819
0.155767
0.132733
0.140814
0.147873
0.153541
0.157623
0.160107
0.161108
0.160866
0.159436
0.15619
0.130685
0.139741
0.147567
0.153828
0.158336
0.161119
0.162319
0.162194
0.160817
0.157577
0.129151
0.139403
0.14802
0.154848
0.159736
0.162787
0.164188
0.164218
0.16298
0.159925
0.128339
0.140369
0.149753
0.156988
0.162066
0.165247
0.166782
0.166963
0.165918
0.163191
0.132275
0.145585
0.154385
0.161067
0.165714
0.168673
0.170164
0.170428
0.169586
0.167282
0.142543
0.149964
0.156203
0.160944
0.164022
0.165438
0.165371
0.16419
0.162453
0.160836
0.1398
0.14666
0.152502
0.157066
0.160214
0.161951
0.162422
0.161922
0.160796
0.159213
0.138121
0.144893
0.150708
0.155307
0.158551
0.160434
0.161079
0.160742
0.159621
0.157517
0.136549
0.143509
0.149534
0.154334
0.157754
0.159777
0.160509
0.160188
0.158919
0.15626
0.134757
0.142143
0.148583
0.153743
0.157446
0.159667
0.160511
0.160207
0.158819
0.155767
0.132733
0.140814
0.147873
0.153541
0.157623
0.160107
0.161108
0.160866
0.159436
0.15619
0.130685
0.139741
0.147567
0.153828
0.158336
0.161119
0.162319
0.162194
0.160817
0.157577
0.129151
0.139403
0.14802
0.154848
0.159736
0.162787
0.164188
0.164218
0.16298
0.159925
0.128339
0.140369
0.149753
0.156988
0.162066
0.165247
0.166782
0.166963
0.165918
0.163191
0.132275
0.145585
0.154385
0.161067
0.165714
0.168673
0.170164
0.170428
0.169586
0.167282
0.14251
0.149918
0.156148
0.160885
0.163963
0.165384
0.165327
0.16416
0.162436
0.160837
0.139837
0.146703
0.152549
0.157115
0.160262
0.161994
0.162459
0.161949
0.160801
0.159234
0.13812
0.144889
0.150702
0.1553
0.158544
0.160429
0.161079
0.160744
0.159604
0.157549
0.136542
0.143497
0.149519
0.154319
0.157741
0.159766
0.160506
0.160187
0.158891
0.1563
0.134749
0.142132
0.148571
0.153732
0.157436
0.159661
0.160512
0.160208
0.158786
0.155813
0.132722
0.140802
0.147861
0.153529
0.157613
0.160101
0.16111
0.160867
0.1594
0.156238
0.130662
0.139725
0.147554
0.153815
0.158327
0.161114
0.162321
0.162195
0.160781
0.157625
0.12901
0.139346
0.147995
0.154833
0.159729
0.162784
0.164191
0.16422
0.162947
0.159971
0.12801
0.140353
0.149776
0.156996
0.162072
0.165251
0.166788
0.166966
0.165888
0.163233
0.132388
0.14596
0.154551
0.161115
0.165733
0.16868
0.170169
0.17043
0.169561
0.167318
0.166645
0.162093
0.164098
0.167693
0.170824
0.17307
0.174295
0.174547
0.173868
0.172073
0.177811
0.172497
0.17254
0.174408
0.176414
0.178023
0.178964
0.17918
0.178674
0.177315
0.183392
0.180254
0.179989
0.18096
0.182221
0.183336
0.184028
0.184204
0.183847
0.182874
0.188851
0.187148
0.186869
0.187359
0.188135
0.188884
0.189374
0.189512
0.189276
0.188622
0.194438
0.193548
0.193349
0.193603
0.194079
0.19457
0.194908
0.195014
0.194872
0.194469
0.200126
0.199703
0.199593
0.199733
0.200022
0.200334
0.200558
0.200636
0.200564
0.200354
0.205918
0.205764
0.205722
0.205797
0.205959
0.206139
0.206271
0.206321
0.206297
0.206231
0.211802
0.211824
0.211815
0.211836
0.211894
0.211961
0.212006
0.212017
0.212018
0.212067
0.217805
0.217934
0.217931
0.217885
0.217834
0.21778
0.217726
0.217681
0.217683
0.217814
0.223964
0.224155
0.224121
0.223978
0.223788
0.223585
0.223401
0.223268
0.223242
0.223424
0.230347
0.230548
0.230433
0.230142
0.229763
0.22936
0.228999
0.228736
0.228642
0.228831
0.237045
0.237179
0.236915
0.236406
0.235765
0.235092
0.234491
0.234042
0.233827
0.23396
0.244176
0.244119
0.243607
0.242788
0.241796
0.240771
0.239853
0.239149
0.238742
0.238726
0.251883
0.251425
0.250532
0.249293
0.24785
0.246383
0.245069
0.244035
0.243348
0.243045
0.260345
0.259109
0.257664
0.255888
0.253901
0.25192
0.250143
0.248705
0.247634
0.246846
0.269671
0.26714
0.26489
0.262465
0.25988
0.257363
0.255102
0.25321
0.251635
0.250115
0.279922
0.275184
0.271865
0.268757
0.265627
0.262668
0.259997
0.257661
0.255471
0.252899
0.290772
0.282481
0.277884
0.274244
0.270825
0.267723
0.264895
0.262244
0.25937
0.25537
0.302214
0.288046
0.281778
0.27798
0.274863
0.272265
0.269838
0.267226
0.263708
0.257875
0.313198
0.288295
0.280347
0.277795
0.276483
0.275726
0.274782
0.272949
0.269056
0.261019
0.167485
0.162236
0.164213
0.167761
0.170849
0.173082
0.174299
0.17455
0.173891
0.172047
0.177954
0.172433
0.172587
0.174453
0.176435
0.178036
0.178971
0.179185
0.178692
0.177296
0.183402
0.180183
0.179999
0.18098
0.182235
0.183347
0.184035
0.184209
0.183861
0.182862
0.188874
0.187118
0.186873
0.18737
0.188145
0.188892
0.189381
0.189517
0.189286
0.188615
0.194452
0.193534
0.193349
0.193608
0.194084
0.194576
0.194913
0.195018
0.194879
0.194465
0.200132
0.199696
0.199592
0.199734
0.200024
0.200338
0.200562
0.200639
0.200568
0.200352
0.20592
0.205762
0.205721
0.205797
0.20596
0.206142
0.206274
0.206323
0.206298
0.206232
0.211801
0.211825
0.211814
0.211835
0.211895
0.211962
0.212007
0.212018
0.212017
0.212068
0.217803
0.217937
0.21793
0.217885
0.217834
0.217781
0.217727
0.217681
0.21768
0.217817
0.223961
0.224159
0.22412
0.223977
0.223788
0.223585
0.223401
0.223268
0.223238
0.223427
0.230342
0.230553
0.230433
0.230141
0.229762
0.229359
0.228999
0.228736
0.228638
0.228836
0.23704
0.237184
0.236914
0.236404
0.235764
0.235092
0.234491
0.234042
0.233822
0.233965
0.24417
0.24412
0.243605
0.242786
0.241795
0.24077
0.239853
0.23915
0.23874
0.238731
0.251879
0.25142
0.250528
0.24929
0.247847
0.246382
0.245069
0.244036
0.24335
0.243049
0.260344
0.259091
0.257658
0.255884
0.253897
0.251918
0.250143
0.248708
0.247644
0.246847
0.269684
0.267102
0.264883
0.262462
0.259875
0.257361
0.255102
0.253215
0.251656
0.25011
0.279973
0.275115
0.271858
0.268757
0.265622
0.262666
0.259997
0.257669
0.25551
0.252884
0.290838
0.282307
0.27786
0.274242
0.270818
0.267723
0.264897
0.262257
0.259434
0.255341
0.302328
0.287722
0.281784
0.278023
0.274878
0.272278
0.269847
0.267247
0.263807
0.257826
0.314528
0.288403
0.280642
0.277979
0.276551
0.27576
0.274798
0.272979
0.269198
0.260943
0.167485
0.162236
0.164213
0.167761
0.170849
0.173082
0.174299
0.17455
0.173891
0.172047
0.177954
0.172433
0.172587
0.174453
0.176435
0.178036
0.178971
0.179185
0.178692
0.177296
0.183402
0.180183
0.179999
0.18098
0.182235
0.183347
0.184035
0.184209
0.183861
0.182862
0.188874
0.187118
0.186873
0.18737
0.188145
0.188892
0.189381
0.189517
0.189286
0.188615
0.194452
0.193534
0.193349
0.193608
0.194084
0.194576
0.194913
0.195018
0.194879
0.194465
0.200132
0.199696
0.199592
0.199734
0.200024
0.200338
0.200562
0.200639
0.200568
0.200352
0.20592
0.205762
0.205721
0.205797
0.20596
0.206142
0.206274
0.206323
0.206298
0.206232
0.211801
0.211825
0.211814
0.211835
0.211895
0.211962
0.212007
0.212018
0.212017
0.212068
0.217803
0.217937
0.21793
0.217885
0.217834
0.217781
0.217727
0.217681
0.21768
0.217817
0.223961
0.224159
0.22412
0.223977
0.223788
0.223585
0.223401
0.223268
0.223238
0.223427
0.230342
0.230553
0.230433
0.230141
0.229762
0.229359
0.228999
0.228736
0.228638
0.228836
0.23704
0.237184
0.236914
0.236404
0.235764
0.235092
0.234491
0.234042
0.233822
0.233965
0.24417
0.24412
0.243605
0.242786
0.241795
0.24077
0.239853
0.23915
0.23874
0.238731
0.251879
0.25142
0.250528
0.24929
0.247847
0.246382
0.245069
0.244036
0.24335
0.243049
0.260344
0.259091
0.257658
0.255884
0.253897
0.251918
0.250143
0.248708
0.247644
0.246847
0.269684
0.267102
0.264883
0.262462
0.259875
0.257361
0.255102
0.253215
0.251656
0.25011
0.279973
0.275115
0.271858
0.268757
0.265622
0.262666
0.259997
0.257669
0.25551
0.252884
0.290838
0.282307
0.27786
0.274242
0.270818
0.267723
0.264897
0.262257
0.259434
0.255341
0.302328
0.287722
0.281784
0.278023
0.274878
0.272278
0.269847
0.267247
0.263807
0.257826
0.314528
0.288403
0.280642
0.277979
0.276551
0.27576
0.274798
0.272979
0.269198
0.260943
0.166645
0.162093
0.164098
0.167693
0.170824
0.17307
0.174295
0.174547
0.173868
0.172073
0.177811
0.172497
0.17254
0.174408
0.176414
0.178023
0.178964
0.17918
0.178674
0.177315
0.183392
0.180254
0.179989
0.18096
0.182221
0.183336
0.184028
0.184204
0.183847
0.182874
0.188851
0.187148
0.186869
0.187359
0.188135
0.188884
0.189374
0.189512
0.189276
0.188622
0.194438
0.193548
0.193349
0.193603
0.194079
0.19457
0.194908
0.195014
0.194872
0.194469
0.200126
0.199703
0.199593
0.199733
0.200022
0.200334
0.200558
0.200636
0.200564
0.200354
0.205918
0.205764
0.205722
0.205797
0.205959
0.206139
0.206271
0.206321
0.206297
0.206231
0.211802
0.211824
0.211815
0.211836
0.211894
0.211961
0.212006
0.212017
0.212018
0.212067
0.217805
0.217934
0.217931
0.217885
0.217834
0.21778
0.217726
0.217681
0.217683
0.217814
0.223964
0.224155
0.224121
0.223978
0.223788
0.223585
0.223401
0.223268
0.223242
0.223424
0.230347
0.230548
0.230433
0.230142
0.229763
0.22936
0.228999
0.228736
0.228642
0.228831
0.237045
0.237179
0.236915
0.236406
0.235765
0.235092
0.234491
0.234042
0.233827
0.23396
0.244176
0.244119
0.243607
0.242788
0.241796
0.240771
0.239853
0.239149
0.238742
0.238726
0.251883
0.251425
0.250532
0.249293
0.24785
0.246383
0.245069
0.244035
0.243348
0.243045
0.260345
0.259109
0.257664
0.255888
0.253901
0.25192
0.250143
0.248705
0.247634
0.246846
0.269671
0.26714
0.26489
0.262465
0.25988
0.257363
0.255102
0.25321
0.251635
0.250115
0.279922
0.275184
0.271865
0.268757
0.265627
0.262668
0.259997
0.257661
0.255471
0.252899
0.290772
0.282481
0.277884
0.274244
0.270825
0.267723
0.264895
0.262244
0.25937
0.25537
0.302214
0.288046
0.281778
0.27798
0.274863
0.272265
0.269838
0.267226
0.263708
0.257875
0.313198
0.288295
0.280347
0.277795
0.276483
0.275726
0.274782
0.272949
0.269056
0.261019
0.252767
0.261375
0.2666
0.270699
0.274259
0.277507
0.279722
0.279904
0.276264
0.265792
0.223642
0.239447
0.250668
0.260218
0.269303
0.277959
0.285041
0.28888
0.286603
0.273765
0.206163
0.221486
0.234845
0.248349
0.262817
0.277796
0.29145
0.301036
0.301908
0.287395
0.192655
0.206493
0.220692
0.237125
0.256572
0.278406
0.300263
0.318136
0.324874
0.310627
0.18283
0.19549
0.210174
0.228947
0.252959
0.281928
0.313528
0.342755
0.359479
0.349922
0.176938
0.189292
0.204812
0.225913
0.254376
0.29078
0.333723
0.378183
0.411309
0.415387
0.174792
0.187894
0.205009
0.228925
0.262185
0.306657
0.362907
0.427627
0.486861
0.521338
0.175502
0.190087
0.209363
0.236513
0.274991
0.328437
0.400512
0.491297
0.59108
0.694943
0.177444
0.193147
0.213862
0.24306
0.285159
0.346052
0.434048
0.557375
0.726215
1.00607
0.178795
0.194006
0.213534
0.240752
0.280351
0.339682
0.432735
0.587033
0.873397
1.49052
0.253107
0.260912
0.266473
0.270689
0.274258
0.277516
0.279726
0.279937
0.27646
0.26568
0.224061
0.239371
0.250603
0.260184
0.269281
0.277953
0.285033
0.288917
0.286866
0.273612
0.206418
0.221503
0.234813
0.248308
0.262777
0.277768
0.291419
0.30107
0.302248
0.2872
0.192744
0.206477
0.220639
0.237056
0.256498
0.278339
0.300188
0.318152
0.325284
0.310388
0.182856
0.195457
0.210104
0.228849
0.252844
0.281806
0.313389
0.342731
0.359912
0.349667
0.176946
0.189255
0.204732
0.225793
0.254218
0.29058
0.333481
0.378065
0.411663
0.415339
0.174807
0.187872
0.204941
0.228802
0.261988
0.306344
0.362475
0.427292
0.486839
0.521828
0.175546
0.190121
0.209385
0.236514
0.274939
0.328236
0.400134
0.490949
0.589784
0.694626
0.177512
0.19326
0.214046
0.243351
0.285589
0.346612
0.43479
0.557977
0.722983
1.00378
0.178846
0.194045
0.213553
0.240755
0.280364
0.339756
0.433092
0.587467
0.869709
1.49977
0.253107
0.260912
0.266473
0.270689
0.274258
0.277516
0.279726
0.279937
0.27646
0.26568
0.224061
0.239371
0.250603
0.260184
0.269281
0.277953
0.285033
0.288917
0.286866
0.273612
0.206418
0.221503
0.234813
0.248308
0.262777
0.277768
0.291419
0.30107
0.302248
0.2872
0.192744
0.206477
0.220639
0.237056
0.256498
0.278339
0.300188
0.318152
0.325284
0.310388
0.182856
0.195457
0.210104
0.228849
0.252844
0.281806
0.313389
0.342731
0.359912
0.349667
0.176946
0.189255
0.204732
0.225793
0.254218
0.29058
0.333481
0.378065
0.411663
0.415339
0.174807
0.187872
0.204941
0.228802
0.261988
0.306344
0.362475
0.427292
0.486839
0.521828
0.175546
0.190121
0.209385
0.236514
0.274939
0.328236
0.400134
0.490949
0.589784
0.694626
0.177512
0.19326
0.214046
0.243351
0.285589
0.346612
0.43479
0.557977
0.722983
1.00378
0.178846
0.194045
0.213553
0.240755
0.280364
0.339756
0.433092
0.587467
0.869709
1.49977
0.252767
0.261375
0.2666
0.270699
0.274259
0.277507
0.279722
0.279904
0.276264
0.265792
0.223642
0.239447
0.250668
0.260218
0.269303
0.277959
0.285041
0.28888
0.286603
0.273765
0.206163
0.221486
0.234845
0.248349
0.262817
0.277796
0.29145
0.301036
0.301908
0.287395
0.192655
0.206493
0.220692
0.237125
0.256572
0.278406
0.300263
0.318136
0.324874
0.310627
0.18283
0.19549
0.210174
0.228947
0.252959
0.281928
0.313528
0.342755
0.359479
0.349922
0.176938
0.189292
0.204812
0.225913
0.254376
0.29078
0.333723
0.378183
0.411309
0.415387
0.174792
0.187894
0.205009
0.228925
0.262185
0.306657
0.362907
0.427627
0.486861
0.521338
0.175502
0.190087
0.209363
0.236513
0.274991
0.328437
0.400512
0.491297
0.59108
0.694943
0.177444
0.193147
0.213862
0.24306
0.285159
0.346052
0.434048
0.557375
0.726215
1.00607
0.178795
0.194006
0.213534
0.240752
0.280351
0.339682
0.432735
0.587033
0.873397
1.49052
-0.15377
-0.133101
-0.115056
-0.0984136
-0.081796
-0.0649954
-0.0480032
-0.0308546
-0.0136099
0.00365975
0.0208781
0.037973
0.0548786
0.0715463
0.0880028
0.104436
0.12133
0.139724
0.162919
0.200682
-0.139805
-0.126321
-0.111799
-0.096547
-0.0806157
-0.0642148
-0.0474793
-0.0305063
-0.01338
0.00382488
0.0210432
0.0382166
0.0553056
0.0723134
0.0893121
0.106508
0.124298
0.143305
0.165037
0.192942
-0.136592
-0.124599
-0.110899
-0.096041
-0.0803451
-0.0640758
-0.0474062
-0.0304585
-0.0133264
0.00391511
0.0212054
0.0384954
0.0557521
0.0729687
0.0901841
0.107515
0.125174
0.143454
0.16291
0.184444
-0.13778
-0.12548
-0.111603
-0.0966119
-0.0808129
-0.064447
-0.0476835
-0.0306429
-0.0134131
0.00393917
0.0213609
0.0388069
0.056237
0.0736156
0.0909155
0.108125
0.125245
0.142276
0.159275
0.176343
-0.140473
-0.127498
-0.113132
-0.0977615
-0.0816703
-0.0650749
-0.0481271
-0.0309319
-0.0135624
0.00392779
0.0214949
0.0390953
0.0566767
0.0741681
0.0914712
0.108459
0.124953
0.140752
0.155685
0.169712
-0.142898
-0.129307
-0.114475
-0.0987429
-0.0823764
-0.0655713
-0.0484615
-0.0311358
-0.0136538
0.00394191
0.0216132
0.0393142
0.0569784
0.0745017
0.0917269
0.108465
0.124405
0.139278
0.152874
0.165252
-0.143395
-0.129566
-0.1146
-0.0987902
-0.0823782
-0.0655452
-0.0484159
-0.031073
-0.0135723
0.00404491
0.0217382
0.0394546
0.0571134
0.0745892
0.0916968
0.108192
0.123772
0.138158
0.15121
0.163145
-0.141089
-0.127618
-0.113036
-0.0975762
-0.0814584
-0.0648586
-0.0479071
-0.0306966
-0.0132934
0.00424981
0.0218814
0.039536
0.0571206
0.0744985
0.0914786
0.107817
0.123245
0.137542
0.150673
0.163
-0.13599
-0.123653
-0.110048
-0.0953797
-0.0798753
-0.0637348
-0.0471191
-0.0301508
-0.0129229
0.00449067
0.022023
0.0395932
0.057099
0.0744026
0.0913196
0.107626
0.123091
0.137549
0.151038
0.163986
-0.127729
-0.117689
-0.105842
-0.0924773
-0.0779091
-0.0624249
-0.0462604
-0.0295982
-0.0125759
0.00470059
0.0221409
0.0396627
0.0571632
0.0745067
0.091519
0.107988
0.123687
0.138441
0.152238
0.165402
-0.154152
-0.132983
-0.115041
-0.098436
-0.0818087
-0.0650029
-0.0480085
-0.0308579
-0.0136116
0.00365938
0.0208786
0.0379737
0.0548785
0.0715433
0.0879931
0.104416
0.121307
0.139675
0.162589
0.200083
-0.139747
-0.12615
-0.111721
-0.0965101
-0.0805892
-0.0641963
-0.0474667
-0.0304978
-0.0133745
0.00382829
0.0210456
0.0382195
0.0553109
0.0723242
0.0893314
0.10654
0.124358
0.143376
0.164937
0.192685
-0.136653
-0.124573
-0.110875
-0.0960227
-0.0803303
-0.0640652
-0.0473988
-0.0304533
-0.0133228
0.0039175
0.0212069
0.0384964
0.0557528
0.072969
0.0901827
0.10751
0.125167
0.143436
0.16282
0.184359
-0.137826
-0.125479
-0.111594
-0.0966025
-0.0808044
-0.0644404
-0.0476788
-0.0306396
-0.0134108
0.00394082
0.0213621
0.0388077
0.0562374
0.0736152
0.0909132
0.108119
0.125234
0.142254
0.159224
0.176313
-0.1405
-0.127505
-0.113134
-0.0977616
-0.0816693
-0.0650737
-0.0481262
-0.0309313
-0.0135621
0.00392805
0.0214952
0.0390958
0.0566774
0.0741692
0.0914721
0.108458
0.124951
0.140745
0.155669
0.169707
-0.142936
-0.129332
-0.114492
-0.0987551
-0.0823848
-0.0655771
-0.0484656
-0.0311388
-0.013656
0.00394038
0.0216122
0.0393138
0.0569786
0.0745031
0.0917295
0.108465
0.124406
0.139281
0.152876
0.165258
-0.143437
-0.129598
-0.114624
-0.0988071
-0.0823903
-0.0655538
-0.048422
-0.0310774
-0.0135755
0.00404248
0.0217363
0.0394533
0.0571129
0.0745898
0.091699
0.108196
0.123779
0.13817
0.151226
0.163165
-0.141125
-0.127643
-0.113052
-0.0975866
-0.0814649
-0.0648625
-0.0479096
-0.0306982
-0.0132947
0.00424843
0.0218796
0.0395338
0.0571184
0.074497
0.0914788
0.107821
0.123255
0.13756
0.150702
0.163039
-0.136089
-0.123715
-0.110085
-0.0954005
-0.0798861
-0.0637398
-0.0471209
-0.0301512
-0.012923
0.00449002
0.0220212
0.0395899
0.057094
0.074396
0.0913124
0.10762
0.12309
0.137558
0.151062
0.16403
-0.127671
-0.11765
-0.105816
-0.0924592
-0.0778972
-0.0624173
-0.0462559
-0.029596
-0.0125753
0.00470012
0.0221398
0.0396618
0.0571633
0.0745095
0.091527
0.108004
0.123714
0.138481
0.152289
0.165457
-0.154152
-0.132983
-0.115041
-0.098436
-0.0818087
-0.0650029
-0.0480085
-0.0308579
-0.0136116
0.00365938
0.0208786
0.0379737
0.0548785
0.0715433
0.0879931
0.104416
0.121307
0.139675
0.162589
0.200083
-0.139747
-0.12615
-0.111721
-0.0965101
-0.0805892
-0.0641963
-0.0474667
-0.0304978
-0.0133745
0.00382829
0.0210456
0.0382195
0.0553109
0.0723242
0.0893314
0.10654
0.124358
0.143376
0.164937
0.192685
-0.136653
-0.124573
-0.110875
-0.0960227
-0.0803303
-0.0640652
-0.0473988
-0.0304533
-0.0133228
0.0039175
0.0212069
0.0384964
0.0557528
0.072969
0.0901827
0.10751
0.125167
0.143436
0.16282
0.184359
-0.137826
-0.125479
-0.111594
-0.0966025
-0.0808044
-0.0644404
-0.0476788
-0.0306396
-0.0134108
0.00394082
0.0213621
0.0388077
0.0562374
0.0736152
0.0909132
0.108119
0.125234
0.142254
0.159224
0.176313
-0.1405
-0.127505
-0.113134
-0.0977616
-0.0816693
-0.0650737
-0.0481262
-0.0309313
-0.0135621
0.00392805
0.0214952
0.0390958
0.0566774
0.0741692
0.0914721
0.108458
0.124951
0.140745
0.155669
0.169707
-0.142936
-0.129332
-0.114492
-0.0987551
-0.0823848
-0.0655771
-0.0484656
-0.0311389
-0.013656
0.00394038
0.0216122
0.0393138
0.0569786
0.0745031
0.0917295
0.108465
0.124406
0.139281
0.152876
0.165258
-0.143437
-0.129598
-0.114624
-0.0988071
-0.0823903
-0.0655538
-0.048422
-0.0310774
-0.0135755
0.00404248
0.0217363
0.0394533
0.0571129
0.0745898
0.091699
0.108196
0.123779
0.13817
0.151226
0.163165
-0.141125
-0.127643
-0.113052
-0.0975866
-0.0814649
-0.0648625
-0.0479096
-0.0306982
-0.0132947
0.00424843
0.0218796
0.0395338
0.0571184
0.074497
0.0914788
0.107821
0.123255
0.13756
0.150702
0.163039
-0.136089
-0.123715
-0.110085
-0.0954005
-0.0798861
-0.0637398
-0.0471209
-0.0301512
-0.012923
0.00449002
0.0220212
0.0395899
0.057094
0.074396
0.0913124
0.10762
0.12309
0.137558
0.151062
0.16403
-0.127671
-0.11765
-0.105816
-0.0924592
-0.0778972
-0.0624173
-0.0462559
-0.029596
-0.0125753
0.00470012
0.0221398
0.0396618
0.0571633
0.0745095
0.091527
0.108004
0.123714
0.138481
0.152289
0.165457
-0.15377
-0.133101
-0.115056
-0.0984136
-0.081796
-0.0649954
-0.0480032
-0.0308546
-0.0136099
0.00365975
0.0208781
0.037973
0.0548786
0.0715463
0.0880028
0.104436
0.12133
0.139724
0.162919
0.200682
-0.139805
-0.126321
-0.111799
-0.096547
-0.0806157
-0.0642148
-0.0474793
-0.0305063
-0.01338
0.00382488
0.0210432
0.0382166
0.0553056
0.0723134
0.0893121
0.106508
0.124298
0.143305
0.165037
0.192942
-0.136592
-0.124599
-0.110899
-0.096041
-0.0803451
-0.0640758
-0.0474062
-0.0304585
-0.0133264
0.00391511
0.0212054
0.0384954
0.0557521
0.0729687
0.0901841
0.107515
0.125174
0.143454
0.16291
0.184444
-0.13778
-0.12548
-0.111603
-0.0966119
-0.0808129
-0.064447
-0.0476836
-0.0306429
-0.0134131
0.00393917
0.0213609
0.0388069
0.056237
0.0736156
0.0909155
0.108125
0.125245
0.142276
0.159275
0.176343
-0.140473
-0.127498
-0.113132
-0.0977615
-0.0816703
-0.0650749
-0.0481271
-0.0309319
-0.0135624
0.00392779
0.0214949
0.0390953
0.0566767
0.0741681
0.0914712
0.108459
0.124953
0.140752
0.155685
0.169712
-0.142898
-0.129307
-0.114475
-0.0987429
-0.0823764
-0.0655713
-0.0484615
-0.0311359
-0.0136538
0.00394191
0.0216131
0.0393142
0.0569784
0.0745017
0.0917269
0.108465
0.124405
0.139278
0.152874
0.165252
-0.143395
-0.129566
-0.1146
-0.0987902
-0.0823782
-0.0655452
-0.0484159
-0.031073
-0.0135723
0.00404491
0.0217382
0.0394546
0.0571134
0.0745892
0.0916968
0.108192
0.123772
0.138158
0.15121
0.163145
-0.141089
-0.127618
-0.113036
-0.0975762
-0.0814584
-0.0648586
-0.0479072
-0.0306966
-0.0132934
0.00424981
0.0218814
0.039536
0.0571206
0.0744986
0.0914786
0.107817
0.123245
0.137541
0.150673
0.163
-0.13599
-0.123653
-0.110048
-0.0953797
-0.0798753
-0.0637348
-0.0471191
-0.0301508
-0.0129229
0.00449067
0.022023
0.0395932
0.057099
0.0744026
0.0913196
0.107626
0.123091
0.137549
0.151038
0.163986
-0.127729
-0.117689
-0.105842
-0.0924773
-0.0779091
-0.0624249
-0.0462604
-0.0295982
-0.0125759
0.00470059
0.0221409
0.0396627
0.0571632
0.0745067
0.091519
0.107988
0.123687
0.138441
0.152238
0.165402
-0.157206
-0.159927
-0.160376
-0.159303
-0.157237
-0.154647
-0.15209
-0.15013
-0.150412
-0.156474
-0.164632
-0.168436
-0.16882
-0.167088
-0.164074
-0.160304
-0.156254
-0.152231
-0.148762
-0.14643
-0.173817
-0.178872
-0.178925
-0.17621
-0.172067
-0.167148
-0.161893
-0.15647
-0.150933
-0.145047
-0.186085
-0.192342
-0.191432
-0.187105
-0.181449
-0.175268
-0.168932
-0.162424
-0.155493
-0.147653
-0.20374
-0.210453
-0.207152
-0.199997
-0.192041
-0.184168
-0.176576
-0.168977
-0.160837
-0.151551
-0.231195
-0.235538
-0.226746
-0.214592
-0.202993
-0.192643
-0.183377
-0.174526
-0.16527
-0.154885
-0.277342
-0.270848
-0.250365
-0.229709
-0.21251
-0.198657
-0.187271
-0.177071
-0.16689
-0.155827
-0.361268
-0.319142
-0.276767
-0.242979
-0.217891
-0.199723
-0.186144
-0.174936
-0.164374
-0.153296
-0.538237
-0.375421
-0.293501
-0.243986
-0.211452
-0.190607
-0.176777
-0.166305
-0.156839
-0.146976
-0.923243
-0.430244
-0.263136
-0.205287
-0.175749
-0.160292
-0.152353
-0.147158
-0.142084
-0.135812
-0.157176
-0.159987
-0.160391
-0.159305
-0.157236
-0.154643
-0.152101
-0.150127
-0.150241
-0.156608
-0.164586
-0.168522
-0.16883
-0.167075
-0.164056
-0.160276
-0.15622
-0.152161
-0.148564
-0.14629
-0.173753
-0.178993
-0.178926
-0.17618
-0.172035
-0.167111
-0.161858
-0.15643
-0.150875
-0.145067
-0.186006
-0.192506
-0.191413
-0.187048
-0.181401
-0.175224
-0.168898
-0.162398
-0.155474
-0.147681
-0.203653
-0.210655
-0.207093
-0.199905
-0.191978
-0.184122
-0.176548
-0.168964
-0.160836
-0.151572
-0.231158
-0.235714
-0.226595
-0.214456
-0.202921
-0.192606
-0.183369
-0.17454
-0.165298
-0.154924
-0.277582
-0.270786
-0.249987
-0.229473
-0.212399
-0.198612
-0.187264
-0.177093
-0.166929
-0.155872
-0.361598
-0.318402
-0.276346
-0.242869
-0.217883
-0.199759
-0.186197
-0.174992
-0.164428
-0.153342
-0.536123
-0.372967
-0.294257
-0.245102
-0.212221
-0.191175
-0.177207
-0.166615
-0.157057
-0.147127
-0.93116
-0.425967
-0.262908
-0.205482
-0.17539
-0.159927
-0.15211
-0.146988
-0.141961
-0.135726
-0.157176
-0.159987
-0.160391
-0.159305
-0.157236
-0.154643
-0.152101
-0.150127
-0.150241
-0.156608
-0.164586
-0.168522
-0.16883
-0.167075
-0.164056
-0.160276
-0.15622
-0.152161
-0.148564
-0.14629
-0.173753
-0.178993
-0.178926
-0.17618
-0.172035
-0.167111
-0.161858
-0.15643
-0.150875
-0.145067
-0.186006
-0.192506
-0.191413
-0.187048
-0.181401
-0.175224
-0.168898
-0.162398
-0.155474
-0.147681
-0.203653
-0.210655
-0.207093
-0.199905
-0.191978
-0.184122
-0.176548
-0.168964
-0.160836
-0.151572
-0.231158
-0.235714
-0.226595
-0.214456
-0.202921
-0.192606
-0.183369
-0.17454
-0.165298
-0.154924
-0.277582
-0.270786
-0.249987
-0.229473
-0.212399
-0.198612
-0.187264
-0.177093
-0.166929
-0.155872
-0.361598
-0.318402
-0.276346
-0.242869
-0.217883
-0.199759
-0.186197
-0.174992
-0.164428
-0.153342
-0.536123
-0.372967
-0.294257
-0.245102
-0.212221
-0.191175
-0.177207
-0.166615
-0.157057
-0.147127
-0.93116
-0.425967
-0.262908
-0.205482
-0.17539
-0.159927
-0.15211
-0.146988
-0.141961
-0.135726
-0.157206
-0.159927
-0.160376
-0.159303
-0.157237
-0.154647
-0.15209
-0.15013
-0.150412
-0.156474
-0.164632
-0.168436
-0.16882
-0.167088
-0.164074
-0.160304
-0.156254
-0.152231
-0.148762
-0.14643
-0.173817
-0.178872
-0.178925
-0.17621
-0.172067
-0.167148
-0.161893
-0.15647
-0.150933
-0.145047
-0.186085
-0.192342
-0.191432
-0.187105
-0.181449
-0.175268
-0.168932
-0.162424
-0.155493
-0.147653
-0.20374
-0.210453
-0.207152
-0.199997
-0.192041
-0.184168
-0.176576
-0.168977
-0.160837
-0.151551
-0.231195
-0.235538
-0.226746
-0.214592
-0.202993
-0.192643
-0.183377
-0.174526
-0.16527
-0.154885
-0.277342
-0.270848
-0.250365
-0.229709
-0.21251
-0.198657
-0.187271
-0.177071
-0.16689
-0.155827
-0.361268
-0.319142
-0.276767
-0.242979
-0.217891
-0.199723
-0.186144
-0.174936
-0.164374
-0.153296
-0.538237
-0.375421
-0.293501
-0.243986
-0.211452
-0.190607
-0.176777
-0.166305
-0.156839
-0.146976
-0.923243
-0.430244
-0.263136
-0.205287
-0.175749
-0.160292
-0.152353
-0.147158
-0.142084
-0.135812
-0.0264687
-0.0285184
-0.030074
-0.0317647
-0.0339032
-0.0366029
-0.03989
-0.0437798
-0.0501284
-0.064045
-0.034944
-0.0363629
-0.037678
-0.0393083
-0.041467
-0.0442259
-0.0475741
-0.0513797
-0.0564349
-0.0655739
-0.0433597
-0.0442142
-0.0452407
-0.0466619
-0.0485786
-0.0509813
-0.0537698
-0.0567056
-0.0598553
-0.0643066
-0.0514766
-0.0518783
-0.0526154
-0.0537539
-0.0553079
-0.0572149
-0.0593333
-0.0614259
-0.0633121
-0.0653136
-0.0591752
-0.0592569
-0.0597369
-0.0605809
-0.0617486
-0.063157
-0.0646604
-0.0660628
-0.067159
-0.0677878
-0.0664377
-0.066318
-0.066593
-0.0671727
-0.0679907
-0.0689636
-0.0699645
-0.0708433
-0.071414
-0.0714344
-0.0733031
-0.0730784
-0.0732046
-0.0735698
-0.0741017
-0.07473
-0.075356
-0.0758716
-0.0761271
-0.0758983
-0.0798398
-0.0795797
-0.0796081
-0.0798132
-0.0801292
-0.0805031
-0.080865
-0.0811416
-0.0812204
-0.0809168
-0.0861236
-0.0858734
-0.0858448
-0.0859394
-0.0861029
-0.0862996
-0.0864843
-0.0866108
-0.086598
-0.0863033
-0.0922251
-0.0920104
-0.0919552
-0.0919791
-0.0920415
-0.0921213
-0.0921935
-0.0922312
-0.0921783
-0.091928
-0.0982025
-0.0980361
-0.0979753
-0.0979583
-0.0979572
-0.0979637
-0.0979686
-0.0979591
-0.0978966
-0.0977023
-0.1041
-0.103988
-0.103936
-0.103898
-0.103858
-0.10382
-0.103787
-0.103758
-0.103705
-0.103568
-0.109948
-0.109896
-0.109862
-0.109816
-0.10975
-0.109682
-0.109629
-0.109599
-0.10957
-0.109489
-0.115764
-0.115783
-0.115777
-0.115726
-0.115637
-0.11554
-0.115475
-0.115458
-0.115472
-0.115451
-0.121559
-0.121672
-0.121701
-0.121644
-0.121521
-0.121385
-0.121303
-0.121312
-0.121402
-0.121468
-0.127337
-0.127583
-0.127662
-0.127587
-0.127402
-0.127196
-0.127083
-0.127139
-0.127353
-0.127602
-0.133101
-0.133551
-0.133693
-0.133578
-0.133282
-0.132947
-0.132765
-0.132879
-0.133309
-0.133991
-0.138872
-0.13963
-0.139853
-0.139653
-0.139163
-0.1386
-0.138268
-0.138415
-0.139181
-0.141048
-0.144704
-0.145918
-0.146234
-0.145877
-0.145066
-0.144118
-0.143488
-0.143594
-0.145056
-0.150507
-0.150726
-0.152585
-0.15299
-0.152362
-0.151049
-0.149473
-0.148235
-0.14803
-0.150891
-0.163401
-0.0264494
-0.0285491
-0.0300791
-0.0317699
-0.033918
-0.0366406
-0.0399938
-0.0439455
-0.0503073
-0.0651108
-0.034936
-0.0363852
-0.0376841
-0.0393142
-0.0414774
-0.0442437
-0.0476172
-0.0514177
-0.0563143
-0.0656355
-0.0433592
-0.0442274
-0.0452451
-0.0466649
-0.0485815
-0.0509829
-0.0537751
-0.0567003
-0.0597666
-0.0642754
-0.0514803
-0.051884
-0.0526183
-0.0537555
-0.0553086
-0.0572146
-0.0593343
-0.0614273
-0.0632929
-0.065323
-0.0591811
-0.0592571
-0.0597384
-0.0605817
-0.0617486
-0.0631563
-0.0646594
-0.0660623
-0.0671579
-0.0677904
-0.0664442
-0.0663148
-0.0665935
-0.0671729
-0.0679899
-0.0689625
-0.0699627
-0.0708417
-0.0714182
-0.07143
-0.0733091
-0.0730734
-0.0732045
-0.0735698
-0.0741009
-0.0747291
-0.0753546
-0.0758711
-0.0761346
-0.0758926
-0.0798448
-0.0795744
-0.0796077
-0.0798132
-0.0801286
-0.0805026
-0.0808641
-0.0811418
-0.0812283
-0.0809116
-0.0861277
-0.0858684
-0.0858444
-0.0859393
-0.0861024
-0.0862993
-0.0864837
-0.0866112
-0.0866048
-0.0862991
-0.0922282
-0.0920063
-0.0919549
-0.0919792
-0.0920412
-0.0921211
-0.0921931
-0.0922316
-0.0921836
-0.0919249
-0.0982047
-0.0980331
-0.0979752
-0.0979585
-0.0979571
-0.0979636
-0.0979682
-0.0979594
-0.0979006
-0.0977001
-0.104101
-0.103986
-0.103936
-0.103898
-0.103858
-0.10382
-0.103787
-0.103758
-0.103708
-0.103566
-0.109949
-0.109895
-0.109863
-0.109816
-0.109751
-0.109682
-0.109628
-0.109598
-0.109572
-0.109488
-0.115764
-0.115785
-0.115778
-0.115727
-0.115638
-0.11554
-0.115473
-0.115457
-0.115472
-0.11545
-0.121559
-0.121675
-0.121704
-0.121646
-0.121522
-0.121384
-0.1213
-0.121309
-0.121399
-0.121468
-0.127336
-0.12759
-0.127666
-0.12759
-0.127404
-0.127195
-0.12708
-0.127133
-0.127346
-0.127606
-0.133099
-0.133562
-0.1337
-0.133583
-0.133285
-0.132947
-0.132762
-0.132873
-0.133298
-0.134002
-0.138868
-0.139648
-0.139863
-0.13966
-0.139168
-0.1386
-0.138265
-0.138406
-0.139135
-0.141009
-0.144694
-0.145945
-0.146247
-0.145886
-0.145074
-0.144123
-0.143495
-0.143591
-0.144929
-0.150358
-0.150709
-0.152627
-0.153005
-0.152372
-0.151061
-0.149491
-0.148287
-0.148121
-0.150902
-0.163847
-0.0264494
-0.0285491
-0.0300791
-0.0317699
-0.033918
-0.0366406
-0.0399938
-0.0439455
-0.0503073
-0.0651108
-0.034936
-0.0363852
-0.0376841
-0.0393142
-0.0414774
-0.0442437
-0.0476172
-0.0514177
-0.0563143
-0.0656355
-0.0433592
-0.0442274
-0.0452451
-0.0466649
-0.0485815
-0.0509829
-0.0537751
-0.0567003
-0.0597666
-0.0642754
-0.0514803
-0.051884
-0.0526182
-0.0537554
-0.0553086
-0.0572146
-0.0593343
-0.0614273
-0.0632929
-0.065323
-0.0591811
-0.0592571
-0.0597384
-0.0605817
-0.0617486
-0.0631563
-0.0646594
-0.0660623
-0.0671579
-0.0677903
-0.0664442
-0.0663148
-0.0665935
-0.0671729
-0.0679899
-0.0689625
-0.0699627
-0.0708417
-0.0714182
-0.07143
-0.0733091
-0.0730734
-0.0732045
-0.0735698
-0.0741009
-0.0747291
-0.0753546
-0.0758711
-0.0761346
-0.0758925
-0.0798448
-0.0795744
-0.0796077
-0.0798132
-0.0801286
-0.0805026
-0.0808641
-0.0811418
-0.0812283
-0.0809116
-0.0861277
-0.0858684
-0.0858444
-0.0859393
-0.0861024
-0.0862993
-0.0864837
-0.0866112
-0.0866048
-0.0862991
-0.0922282
-0.0920063
-0.0919549
-0.0919792
-0.0920412
-0.0921211
-0.0921931
-0.0922316
-0.0921836
-0.0919249
-0.0982047
-0.0980331
-0.0979752
-0.0979585
-0.0979571
-0.0979636
-0.0979682
-0.0979594
-0.0979006
-0.0977001
-0.104101
-0.103986
-0.103936
-0.103898
-0.103858
-0.10382
-0.103787
-0.103758
-0.103708
-0.103566
-0.109949
-0.109895
-0.109863
-0.109816
-0.109751
-0.109682
-0.109628
-0.109598
-0.109572
-0.109488
-0.115764
-0.115785
-0.115778
-0.115727
-0.115638
-0.11554
-0.115473
-0.115457
-0.115472
-0.11545
-0.121559
-0.121675
-0.121704
-0.121646
-0.121522
-0.121384
-0.1213
-0.121309
-0.121399
-0.121468
-0.127336
-0.12759
-0.127666
-0.12759
-0.127404
-0.127195
-0.12708
-0.127133
-0.127346
-0.127606
-0.133099
-0.133562
-0.1337
-0.133583
-0.133285
-0.132947
-0.132762
-0.132873
-0.133298
-0.134002
-0.138868
-0.139648
-0.139863
-0.13966
-0.139168
-0.1386
-0.138265
-0.138406
-0.139135
-0.141009
-0.144694
-0.145945
-0.146247
-0.145886
-0.145074
-0.144123
-0.143495
-0.143591
-0.144929
-0.150358
-0.150709
-0.152627
-0.153005
-0.152372
-0.151061
-0.149491
-0.148287
-0.148121
-0.150902
-0.163847
-0.0264686
-0.0285184
-0.0300739
-0.0317647
-0.0339031
-0.0366028
-0.03989
-0.0437798
-0.0501284
-0.064045
-0.034944
-0.0363629
-0.037678
-0.0393083
-0.041467
-0.0442259
-0.0475741
-0.0513796
-0.0564348
-0.0655739
-0.0433597
-0.0442141
-0.0452406
-0.0466619
-0.0485785
-0.0509812
-0.0537698
-0.0567056
-0.0598553
-0.0643066
-0.0514766
-0.0518783
-0.0526154
-0.0537539
-0.0553078
-0.0572149
-0.0593333
-0.0614259
-0.0633121
-0.0653136
-0.0591752
-0.0592569
-0.0597368
-0.0605809
-0.0617486
-0.063157
-0.0646604
-0.0660628
-0.067159
-0.0677878
-0.0664377
-0.066318
-0.066593
-0.0671727
-0.0679907
-0.0689636
-0.0699645
-0.0708433
-0.0714139
-0.0714344
-0.0733031
-0.0730784
-0.0732046
-0.0735698
-0.0741017
-0.07473
-0.075356
-0.0758716
-0.0761271
-0.0758983
-0.0798398
-0.0795797
-0.0796081
-0.0798132
-0.0801292
-0.0805031
-0.080865
-0.0811416
-0.0812204
-0.0809168
-0.0861236
-0.0858734
-0.0858448
-0.0859394
-0.0861029
-0.0862996
-0.0864843
-0.0866108
-0.086598
-0.0863033
-0.0922251
-0.0920104
-0.0919552
-0.0919791
-0.0920415
-0.0921213
-0.0921935
-0.0922312
-0.0921782
-0.091928
-0.0982025
-0.0980361
-0.0979753
-0.0979583
-0.0979572
-0.0979637
-0.0979686
-0.0979591
-0.0978966
-0.0977023
-0.1041
-0.103988
-0.103936
-0.103898
-0.103858
-0.10382
-0.103787
-0.103758
-0.103705
-0.103568
-0.109948
-0.109896
-0.109862
-0.109816
-0.10975
-0.109682
-0.109629
-0.109599
-0.10957
-0.109489
-0.115764
-0.115783
-0.115777
-0.115726
-0.115637
-0.11554
-0.115475
-0.115458
-0.115472
-0.115451
-0.121559
-0.121672
-0.121701
-0.121644
-0.121521
-0.121385
-0.121303
-0.121312
-0.121402
-0.121468
-0.127337
-0.127583
-0.127662
-0.127587
-0.127402
-0.127196
-0.127083
-0.127139
-0.127353
-0.127602
-0.133101
-0.133551
-0.133693
-0.133578
-0.133282
-0.132947
-0.132765
-0.132879
-0.133309
-0.133991
-0.138872
-0.13963
-0.139853
-0.139653
-0.139163
-0.1386
-0.138268
-0.138415
-0.139181
-0.141048
-0.144704
-0.145918
-0.146234
-0.145877
-0.145066
-0.144118
-0.143488
-0.143594
-0.145056
-0.150507
-0.150726
-0.152585
-0.15299
-0.152362
-0.151049
-0.149473
-0.148235
-0.14803
-0.150891
-0.163401
)
;

boundaryField
{
    carasuperior
    {
        type            zeroGradient;
    }
    lateralizquierda
    {
        type            zeroGradient;
    }
    lateralderecha
    {
        type            zeroGradient;
    }
    carainferior
    {
        type            zeroGradient;
    }
    carainteriores
    {
        type            zeroGradient;
    }
    defaultFaces
    {
        type            empty;
    }
}


// ************************************************************************* //
