/*--------------------------------*- C++ -*----------------------------------*\
| =========                 |                                                 |
| \\      /  F ield         | OpenFOAM: The Open Source CFD Toolbox           |
|  \\    /   O peration     | Version:  2.4.0                                 |
|   \\  /    A nd           | Web:      www.OpenFOAM.org                      |
|    \\/     M anipulation  |                                                 |
\*---------------------------------------------------------------------------*/
FoamFile
{
    version     2.0;
    format      ascii;
    class       volScalarField;
    location    "0.085";
    object      T;
}
// * * * * * * * * * * * * * * * * * * * * * * * * * * * * * * * * * * * * * //

dimensions      [0 0 0 1 0 0 0];

internalField   nonuniform List<scalar> 
1600
(
98.0912
94.2919
90.5475
86.8943
83.3684
80.0049
76.8386
73.903
71.2305
68.8524
66.7982
65.0958
63.7713
62.8488
62.35
62.2945
62.6994
63.5789
64.9449
66.8063
69.1689
72.0359
75.4073
79.2801
83.6483
88.503
93.8319
99.62
105.849
112.498
119.543
126.957
134.709
142.769
151.099
159.663
168.422
177.334
186.356
195.445
98.0914
94.2925
90.5485
86.8958
83.3702
80.0072
76.8413
73.9062
71.2343
68.8567
66.8032
65.1016
63.7781
62.8566
62.359
62.3048
62.7109
63.5919
64.9593
66.822
69.186
72.0541
75.4265
79.3001
83.6688
88.5237
93.8524
99.64
105.868
112.516
119.56
126.972
134.723
142.781
151.109
159.672
168.429
177.339
186.359
195.446
98.0918
94.2938
90.5507
86.8987
83.374
80.0119
76.8469
73.9127
71.2419
68.8657
66.8136
65.1136
63.7918
62.8723
62.3769
62.3251
62.7338
63.6174
64.9875
66.8528
69.2193
72.0898
75.4642
79.3395
83.7093
88.5647
93.8934
99.6803
105.907
112.553
119.594
127.003
134.751
142.805
151.13
159.689
168.442
177.348
186.364
195.447
98.0925
94.2958
90.554
86.9035
83.3801
80.0193
76.8558
73.9232
71.2542
68.8798
66.8298
65.1321
63.8129
62.8963
62.404
62.3555
62.7678
63.6551
65.0289
66.898
69.2681
72.1419
75.5192
79.3968
83.7684
88.6247
93.9535
99.7396
105.965
112.608
119.646
127.051
134.793
142.842
151.161
159.714
168.462
177.362
186.373
195.45
98.0935
94.2988
90.559
86.9104
83.3889
80.0302
76.8687
73.9383
71.2716
68.8997
66.8525
65.1579
63.8421
62.929
62.4407
62.3964
62.8131
63.705
65.0835
66.9573
69.3318
72.2098
75.5909
79.4716
83.8454
88.7031
94.0321
99.8173
106.04
112.68
119.714
127.113
134.85
142.891
151.204
159.749
168.489
177.381
186.384
195.454
98.0949
94.3027
90.5656
86.9196
83.4008
80.0447
76.886
73.9585
71.2947
68.9261
66.8823
65.1914
63.8795
62.9708
62.4871
62.4477
62.8696
63.7669
65.1509
67.0301
69.4099
72.2929
75.6784
79.5628
83.9395
88.7989
94.1285
99.9127
106.133
112.77
119.798
127.191
134.92
142.953
151.256
159.792
168.522
177.405
186.399
195.459
98.0966
94.3079
90.5743
86.9317
83.4163
80.0636
76.9083
73.9843
71.3243
68.9595
66.9197
65.2332
63.9259
63.0221
62.5436
62.5098
62.9374
63.8407
65.2308
67.1161
69.5018
72.3904
75.7809
79.6696
84.0497
88.9112
94.2414
100.025
106.243
112.875
119.897
127.283
135.003
143.027
151.319
159.844
168.563
177.434
186.416
195.465
98.0989
94.3145
90.5853
86.947
83.4359
80.0874
76.9364
74.0168
71.3611
69.0008
66.9658
65.2842
63.9821
63.0837
62.6109
62.583
63.0169
63.9265
65.3231
67.2149
69.607
72.5015
75.8975
79.7909
84.1746
89.0386
94.3698
100.153
106.368
112.996
120.011
127.389
135.099
143.111
151.392
159.904
168.609
177.467
186.436
195.471
98.1016
94.3227
90.5989
86.966
83.4601
80.1169
76.9711
74.0566
71.4061
69.0511
67.0215
65.3453
64.0488
63.1563
62.6896
62.668
63.1083
64.0245
65.4277
67.3261
69.7246
72.6253
76.0269
79.9252
84.3128
89.1794
94.5118
100.294
106.507
113.13
120.139
127.507
135.207
143.207
151.474
159.971
168.662
177.505
186.458
195.479
98.105
94.3328
90.6156
86.9893
83.4898
80.1529
77.0133
74.1049
71.4605
69.1115
67.0878
65.4176
64.1273
63.2409
62.7804
62.7652
63.212
64.1348
65.5446
67.4494
69.8542
72.7609
76.1679
80.071
84.4625
89.3319
94.6656
100.447
106.658
113.276
120.278
127.637
135.325
143.312
151.564
160.046
168.72
177.546
186.483
195.487
98.1091
94.345
90.6359
87.0174
83.5257
80.1963
77.064
74.1628
71.5253
69.1831
67.166
65.5024
64.2186
63.3386
62.8845
62.8756
63.3287
64.2578
65.6737
67.5845
69.9951
72.9072
76.3192
80.2267
84.6218
89.4937
94.8286
100.61
106.818
113.432
120.427
127.777
135.453
143.426
151.662
160.127
168.783
177.592
186.51
195.496
98.114
94.3596
90.6601
87.0511
83.5686
80.2481
77.1244
74.2314
71.602
69.2674
67.2577
65.6012
64.3242
63.4508
63.003
63.0003
63.4593
64.394
65.8154
67.7314
70.1468
73.0634
76.4796
80.3906
84.7887
89.6627
94.9986
100.779
106.986
113.595
120.584
127.924
135.589
143.547
151.767
160.214
168.851
177.64
186.54
195.506
98.1198
94.3769
90.6889
87.091
83.6194
80.3093
77.1957
74.3123
71.692
69.366
67.3645
65.7156
64.4457
63.579
63.1375
63.1405
63.6049
64.5445
65.9703
67.8903
70.3094
73.2292
76.6482
80.5617
84.9616
89.8369
95.1732
100.953
107.158
113.763
120.745
128.077
135.731
143.675
151.878
160.306
168.924
177.692
186.571
195.516
98.1266
94.3974
90.7228
87.1381
83.6791
80.3813
77.2793
74.407
71.797
69.4808
67.4882
65.8475
64.5851
63.7252
63.2897
63.298
63.7669
64.7104
66.1395
68.0622
70.4834
73.4049
76.8251
80.7394
85.1397
90.015
95.3508
101.13
107.332
113.933
120.91
128.234
135.876
143.807
151.993
160.403
169
177.747
186.603
195.527
98.1347
94.4213
90.7624
87.193
83.7489
80.4653
77.3768
74.5171
71.9189
69.6135
67.6309
65.9991
64.7445
63.8915
63.4617
63.4748
63.9475
64.8938
66.3248
68.2486
70.6702
73.5915
77.011
80.9242
85.3233
90.197
95.531
101.308
107.507
114.104
121.075
128.392
136.024
143.941
152.112
160.503
169.079
177.804
186.638
195.538
98.144
94.4492
90.8085
87.2569
83.8299
80.5627
77.4897
74.6446
72.0597
69.7666
67.7948
66.1727
64.9264
64.0803
63.6561
63.6735
64.1491
65.0971
66.5286
68.4519
70.872
73.7911
77.2079
81.118
85.5137
90.3839
95.7143
101.487
107.682
114.275
121.241
128.55
136.173
144.078
152.233
160.606
169.161
177.863
186.673
195.55
98.1547
94.4814
90.8618
87.3307
83.9235
80.6752
77.62
74.7914
72.2217
69.9422
67.9826
66.371
65.1335
64.2945
63.8758
63.8969
64.3746
65.3231
66.7538
68.675
71.0919
74.0069
77.4188
81.3236
85.7137
90.5782
95.903
101.67
107.86
114.447
121.406
128.708
136.321
144.215
152.356
160.711
169.245
177.924
186.71
195.562
98.1671
94.5184
90.9231
87.4156
84.0312
80.8044
77.7695
74.9597
72.4072
70.1431
68.197
66.5969
65.3689
64.5373
64.124
64.1484
64.6275
65.5756
67.0042
68.9217
71.3337
74.2426
77.6477
81.545
85.9272
90.7838
96.1006
101.86
108.042
114.622
121.573
128.867
136.471
144.353
152.48
160.817
169.331
177.987
186.749
195.575
98.1813
94.5609
90.9933
87.5129
84.1544
80.9524
77.9406
75.1521
72.619
70.3721
68.441
66.8536
65.6359
64.8122
64.4043
64.4318
64.9118
65.8586
67.2839
69.1964
71.6018
74.5029
77.8992
81.7869
86.1591
91.0053
96.3119
102.061
108.233
114.804
121.746
129.029
136.623
144.493
152.606
160.927
169.42
178.052
186.789
195.588
98.1975
94.6094
91.0735
87.6239
84.295
81.121
78.1355
75.3711
72.8599
70.6324
68.7181
67.1447
65.9383
65.1231
64.7209
64.7514
65.2318
66.1766
67.5976
69.5039
71.9013
74.793
78.1786
82.0547
86.4147
91.2484
96.5422
102.279
108.439
114.997
121.927
129.199
136.781
144.638
152.736
161.039
169.512
178.12
186.83
195.601
98.216
94.6646
91.1648
87.7502
84.4549
81.3127
78.3568
75.6198
73.1331
70.9274
69.0318
67.4741
66.2802
65.4741
65.0781
65.1116
65.5922
66.5344
67.9505
69.8494
72.2377
75.1184
78.4917
82.3544
86.7001
91.519
96.7977
102.52
108.664
115.208
122.123
129.381
136.948
144.79
152.872
161.156
169.608
178.191
186.874
195.616
98.2369
94.7273
91.2684
87.8936
84.6363
81.5301
78.6077
75.9013
73.4423
71.2609
69.3863
67.8459
66.6658
65.8701
65.4807
65.5176
65.9982
66.9376
68.3479
70.2387
72.6166
75.4851
78.8445
82.6921
87.0216
91.8235
97.0848
102.789
108.916
115.442
122.34
129.58
137.13
144.954
153.017
161.281
169.71
178.267
186.921
195.631
98.2607
94.7984
91.3858
88.0559
84.8417
81.776
78.8912
76.2193
73.7913
71.6372
69.7859
68.265
67.1002
66.3158
65.9339
65.9746
66.4554
67.3916
68.7958
70.6777
73.0442
75.8992
79.2434
83.0742
87.3857
92.1686
97.4101
103.094
109.2
115.705
122.583
129.803
137.332
145.135
153.176
161.417
169.82
178.35
186.973
195.648
98.2876
94.8788
91.5187
88.2395
85.0737
82.0536
79.2112
76.5779
74.1845
72.0608
70.2356
68.7362
67.5885
66.8168
66.4433
66.4882
66.9695
67.9025
69.3002
71.1726
73.5269
76.3674
79.695
83.5074
87.7991
92.561
97.7805
103.442
109.524
116.006
122.86
130.055
137.56
145.338
153.354
161.568
169.942
178.441
187.029
195.667
98.318
94.9698
91.6689
88.4469
85.3357
82.3668
79.5718
76.9817
74.6268
72.5369
70.7406
69.2651
68.1364
67.3789
67.0148
67.0648
67.5468
68.4766
69.8675
71.7299
74.0713
76.8962
80.206
83.9986
88.2689
93.0078
98.2031
103.839
109.896
116.35
123.177
130.344
137.821
145.57
153.555
161.738
170.079
178.542
187.093
195.688
98.3524
95.0727
91.8386
88.6812
85.6313
82.7198
79.9778
77.4357
75.1237
73.0712
71.3068
69.8577
68.7501
68.0082
67.6548
67.7105
68.1937
69.1205
70.5045
72.3564
74.6842
77.4927
80.7835
84.555
88.8021
93.5162
98.6852
104.293
110.321
116.746
123.541
130.677
138.12
145.836
153.786
161.932
170.235
178.657
187.165
195.712
98.3914
95.1891
92.0306
88.9459
85.9649
83.1177
80.4346
77.9458
75.6812
73.67
71.9407
70.5207
69.4361
68.7115
68.3699
68.4322
68.9171
69.8411
71.2181
73.0592
75.3728
78.1639
81.4347
85.1838
89.4063
94.0938
99.2344
104.812
110.809
117.2
123.961
131.06
138.466
146.143
154.052
162.156
170.414
178.789
187.247
195.739
98.4357
95.3211
92.2481
89.2453
86.3415
83.5661
80.9486
78.5187
76.3062
74.3403
72.6493
71.2609
70.2015
69.4958
69.1672
69.2369
69.724
70.6454
72.0153
73.8454
76.1443
78.9174
82.1673
85.8927
90.0891
94.7483
99.8585
105.404
111.366
117.721
124.443
131.502
138.866
146.498
154.36
162.415
170.621
178.941
187.341
195.771
98.486
95.471
92.4948
89.5844
86.7673
84.0719
81.527
79.162
77.0066
75.0898
73.4404
72.0862
71.0538
70.3686
70.054
70.1319
70.6217
71.5407
72.9036
74.7224
77.0061
79.7607
82.9887
86.6894
90.8584
95.4878
100.566
106.077
112.001
118.317
124.997
132.011
139.327
146.908
154.718
162.715
170.861
179.117
187.45
195.807
98.5434
95.6419
92.7756
89.9696
87.2497
84.6431
82.1783
79.8844
77.7908
75.9271
74.3223
73.0045
72.0011
71.3375
71.038
71.1247
71.6176
72.5344
73.8903
75.6977
77.9659
80.7012
83.9067
87.5818
91.7223
96.3204
101.364
106.839
112.724
118.997
125.631
132.596
139.859
147.383
155.132
163.064
171.14
179.323
187.576
195.85
98.6092
95.8376
93.0967
90.4086
87.7974
85.2895
82.9125
80.6957
78.6688
76.8617
75.3041
74.0248
73.0516
72.4108
72.127
72.2229
72.7192
73.6339
74.9828
76.7785
79.031
81.7468
84.9292
88.5779
92.6889
97.2546
102.263
107.699
113.542
119.77
126.355
133.267
140.471
147.933
155.612
163.47
171.466
179.563
187.724
195.9
98.6853
96.0633
93.4657
90.9111
88.4217
86.0225
83.7413
81.6074
79.6514
77.904
76.3957
75.1562
74.2141
73.5965
73.3287
73.4341
73.9338
74.8464
76.1882
77.9722
80.2087
82.9047
86.0637
89.6856
93.7665
98.2989
103.271
108.667
114.466
120.647
127.179
134.034
141.175
148.567
156.17
163.943
171.847
179.844
187.897
195.958
98.7739
96.3256
93.893
91.4899
89.1362
86.8563
84.6783
82.6327
80.7509
79.0653
77.6075
76.4083
75.4976
74.9031
74.6512
74.7657
75.2686
76.179
77.5135
79.2857
81.5062
84.1823
87.3177
90.9126
94.9632
99.4618
104.397
109.752
115.507
121.638
128.116
134.91
141.984
149.3
156.818
164.497
172.295
180.176
188.101
196.028
98.8786
96.6343
94.3928
92.1616
89.9585
87.8081
85.7399
83.7862
81.9808
80.3577
78.9503
77.7911
76.9109
76.3388
76.1019
76.2251
76.7306
77.6384
78.9654
80.7256
82.9302
85.5864
88.6985
92.2665
96.2869
100.752
105.65
110.964
116.674
122.755
129.178
135.909
142.913
150.148
157.574
165.148
172.826
180.571
188.345
196.114
99.0046
97.0036
94.9849
92.9482
90.9106
88.8986
86.9448
85.0849
83.3557
81.794
80.4354
79.3143
78.4628
77.9115
77.6883
77.8188
78.3261
79.2306
80.5498
82.2981
84.4867
87.1235
90.2127
93.7545
97.7455
102.178
107.039
112.314
117.979
124.011
130.379
137.048
143.98
151.132
158.46
165.919
173.461
181.049
188.642
196.22
99.1604
97.4559
95.6985
93.8802
92.021
90.1529
88.3146
86.5469
84.8911
83.3873
82.074
80.9875
80.1618
79.6286
79.4169
79.5531
80.0609
80.9614
82.2723
84.0086
86.1817
88.7997
91.8668
95.3837
99.3467
103.748
108.575
113.812
119.436
125.421
131.736
138.345
145.207
152.276
159.504
166.839
174.231
181.639
189.013
196.353
99.3622
98.0292
96.5773
94.9987
93.3252
91.6006
89.8733
88.1916
86.6026
85.1504
83.8765
82.8196
82.0154
81.4966
81.2935
81.4332
81.9401
82.8356
84.138
85.8624
88.0207
90.6209
93.6677
97.1616
101.099
105.472
110.268
115.471
121.057
127
133.268
139.823
146.62
153.611
160.742
167.953
175.183
182.383
189.485
196.524
99.6409
98.7896
97.6862
96.3573
94.8649
93.2733
91.6447
90.0372
88.504
87.0939
85.8515
84.8174
84.0291
83.5205
83.3227
83.4635
83.9679
84.8577
86.1516
87.8649
90.0097
92.5942
95.6233
99.0974
103.013
107.362
112.132
117.306
122.861
128.77
134.998
141.507
148.251
155.176
162.222
169.319
176.387
183.356
190.12
196.76
100.109
99.8573
99.109
98.0155
96.6817
95.1992
93.6479
92.0963
90.604
89.2238
88.0029
86.9839
86.2054
85.7025
85.5067
85.6467
86.1477
87.0318
88.3181
90.022
92.1558
94.728
97.7432
101.202
105.101
109.433
114.184
119.337
124.869
130.752
136.952
143.428
150.133
157.01
163.992
171.002
177.936
184.688
191.065
197.175
100.973
101.477
101.02
100.085
98.8469
97.4248
95.9132
94.3891
92.9162
91.5497
90.3381
89.3251
88.5499
88.0482
87.8519
87.9899
88.4876
89.3674
90.6484
92.3462
94.4731
97.0376
100.045
103.495
107.384
111.705
116.445
121.586
127.106
132.975
139.159
145.616
152.298
159.147
166.092
173.051
179.908
186.534
192.639
198.201
)
;

boundaryField
{
    carasuperior
    {
        type            fixedGradient;
        gradient        uniform 100;
    }
    lateralizquierda
    {
        type            fixedValue;
        value           uniform 100;
    }
    lateralderecha
    {
        type            fixedValue;
        value           uniform 200;
    }
    carainferior
    {
        type            zeroGradient;
    }
    frontAndBack
    {
        type            empty;
    }
}


// ************************************************************************* //
