/*--------------------------------*- C++ -*----------------------------------*\
| =========                 |                                                 |
| \\      /  F ield         | OpenFOAM: The Open Source CFD Toolbox           |
|  \\    /   O peration     | Version:  2.4.0                                 |
|   \\  /    A nd           | Web:      www.OpenFOAM.org                      |
|    \\/     M anipulation  |                                                 |
\*---------------------------------------------------------------------------*/
FoamFile
{
    version     2.0;
    format      ascii;
    class       volScalarField;
    location    "2.1";
    object      p;
}
// * * * * * * * * * * * * * * * * * * * * * * * * * * * * * * * * * * * * * //

dimensions      [0 2 -2 0 0 0 0];

internalField   nonuniform List<scalar> 
4800
(
1.24099e-06
-0.00156452
-0.0031801
-0.00434873
-0.0047537
-0.00424821
-0.00278783
-0.00037842
0.00293335
0.0070505
0.00156609
-3.01746e-05
-0.00117301
-0.00182219
-0.00185784
-0.00117252
0.000279189
0.00251125
0.00551115
0.00922976
0.00321789
0.0010662
-8.3359e-05
-0.000581255
-0.000494315
0.000235411
0.00163808
0.003738
0.00655312
0.010076
0.00430553
0.00152196
0.000204813
-0.000306892
-0.000233017
0.000442176
0.00173791
0.00369621
0.00637752
0.00983194
0.00429702
0.00101586
-0.000477959
-0.00107394
-0.00110225
-0.000571938
0.000542325
0.00231979
0.00489013
0.0084066
0.00284385
-0.000730368
-0.00236799
-0.00309597
-0.0033094
-0.00302321
-0.00218433
-0.000650171
0.00181851
0.00557955
-0.000219083
-0.00385474
-0.00558239
-0.00647627
-0.00695482
-0.00702433
-0.00658433
-0.00540351
-0.00308803
0.00113768
-0.00488997
-0.00835689
-0.0101129
-0.0111966
-0.0120164
-0.0125652
-0.012686
-0.0120473
-0.0100843
-0.00519824
-0.0110074
-0.0141028
-0.0158252
-0.0171076
-0.0183257
-0.0194681
-0.0203271
-0.020475
-0.0192504
-0.0135289
-0.0182681
-0.0208418
-0.0224709
-0.023934
-0.0255664
-0.0273876
-0.0292064
-0.0306013
-0.0313381
-0.0267889
1.65129e-06
-0.00158514
-0.0032111
-0.00438847
-0.00479858
-0.00429518
-0.00283487
-0.000423543
0.00289245
0.00701637
0.00158352
-3.4623e-05
-0.0011558
-0.00179511
-0.00182586
-0.00113744
0.000314356
0.00254394
0.00553982
0.00925449
0.0032478
0.0010406
-8.45872e-05
-0.000580263
-0.000495726
0.000234092
0.00163664
0.00373592
0.00655029
0.0100743
0.00434878
0.00148607
0.000204879
-0.000303856
-0.000234147
0.000440559
0.00173583
0.00369295
0.00637205
0.00982716
0.00434966
0.000973836
-0.000473252
-0.00106374
-0.00109618
-0.000566184
0.000547416
0.00232268
0.00488656
0.00839985
0.00290106
-0.000776754
-0.00236184
-0.00308301
-0.00330051
-0.00301441
-0.00217576
-0.000643336
0.00181245
0.00556104
-0.000161834
-0.00390222
-0.00557583
-0.0064621
-0.0069441
-0.00701321
-0.00657201
-0.0053887
-0.00309596
0.00109091
-0.00483724
-0.00840239
-0.0101069
-0.0111829
-0.0120051
-0.0125538
-0.0126731
-0.0120243
-0.0101074
-0.00536139
-0.0109635
-0.014144
-0.015821
-0.017096
-0.018315
-0.0194564
-0.0203112
-0.0204199
-0.0192344
-0.0138951
-0.0182361
-0.0208774
-0.0224702
-0.0239274
-0.0255593
-0.0273768
-0.0291833
-0.0304625
-0.0310151
-0.0268961
2.22036e-06
-0.00158489
-0.00321101
-0.00438844
-0.00479858
-0.0042952
-0.00283489
-0.000423553
0.00289244
0.00701636
0.00158378
-3.44829e-05
-0.00115575
-0.00179511
-0.00182587
-0.00113746
0.000314336
0.00254392
0.00553981
0.00925448
0.00324789
0.00104064
-8.45782e-05
-0.000580273
-0.000495744
0.000234068
0.00163662
0.0037359
0.00655028
0.0100743
0.00434878
0.00148607
0.00020486
-0.00030388
-0.000234173
0.00044053
0.0017358
0.00369293
0.00637203
0.00982714
0.00434964
0.000973808
-0.000473284
-0.00106377
-0.00109621
-0.000566215
0.000547387
0.00232265
0.00488654
0.00839984
0.00290102
-0.000776788
-0.00236188
-0.00308304
-0.00330054
-0.00301444
-0.00217579
-0.000643356
0.00181243
0.00556103
-0.000161875
-0.00390226
-0.00557586
-0.00646213
-0.00694413
-0.00701324
-0.00657203
-0.00538872
-0.00309597
0.0010909
-0.00483728
-0.00840243
-0.010107
-0.0111829
-0.0120052
-0.0125538
-0.0126731
-0.0120243
-0.0101074
-0.0053614
-0.0109635
-0.014144
-0.0158211
-0.0170961
-0.0183151
-0.0194564
-0.0203113
-0.0204199
-0.0192344
-0.0138951
-0.0182361
-0.0208774
-0.0224702
-0.0239274
-0.0255593
-0.0273768
-0.0291833
-0.0304625
-0.0310152
-0.0268961
3.46931e-06
-0.0015638
-0.00317989
-0.00434869
-0.00475372
-0.00424826
-0.00278788
-0.000378456
0.00293333
0.00705048
0.00156682
-2.98272e-05
-0.00117289
-0.00182218
-0.00185788
-0.00117257
0.00027914
0.00251121
0.00551112
0.00922973
0.00321809
0.0010663
-8.33482e-05
-0.000581297
-0.000494373
0.000235351
0.00163803
0.00373795
0.00655308
0.010076
0.00430554
0.00152194
0.000204766
-0.000306959
-0.000233085
0.000442111
0.00173785
0.00369616
0.00637748
0.0098319
0.00429695
0.00101578
-0.000478037
-0.00107403
-0.00110232
-0.00057201
0.000542256
0.00231973
0.00489009
0.00840656
0.00284376
-0.000730461
-0.00236808
-0.00309606
-0.00330948
-0.00302328
-0.0021844
-0.000650227
0.00181847
0.00557952
-0.000219179
-0.00385483
-0.00558248
-0.00647635
-0.0069549
-0.0070244
-0.0065844
-0.00540356
-0.00308806
0.00113765
-0.00489006
-0.00835698
-0.010113
-0.0111967
-0.0120165
-0.0125653
-0.0126861
-0.0120474
-0.0100843
-0.00519827
-0.0110075
-0.0141029
-0.0158253
-0.0171077
-0.0183258
-0.0194682
-0.0203272
-0.0204751
-0.0192504
-0.0135289
-0.0182682
-0.0208419
-0.0224709
-0.023934
-0.0255665
-0.0273876
-0.0292065
-0.0306013
-0.0313381
-0.0267889
0.0118201
0.017056
0.0225904
0.0282971
0.0340924
0.039928
0.0457808
0.0516454
0.0575294
0.0634518
0.0694435
0.0755474
0.0818196
0.0883272
0.0951422
0.10233
0.109926
0.117912
0.126174
0.134483
0.0135689
0.0183906
0.0235654
0.0289866
0.0345728
0.0402671
0.0460341
0.0518558
0.0577283
0.0636603
0.0696718
0.0757933
0.0820648
0.0885327
0.0952442
0.102238
0.109527
0.117082
0.124805
0.13251
0.0142389
0.0189025
0.0239442
0.0292618
0.0347726
0.040416
0.0461513
0.0519546
0.0578162
0.0637381
0.0697327
0.075822
0.0820355
0.0884085
0.0949784
0.101778
0.108825
0.116107
0.123557
0.131035
0.0140149
0.0187247
0.0238166
0.0291809
0.0347304
0.0404031
0.0461587
0.0519729
0.0578341
0.0637406
0.069699
0.0757231
0.0818335
0.088057
0.0944266
0.10098
0.107753
0.114772
0.122031
0.129459
0.012861
0.0178591
0.0232025
0.02877
0.0344712
0.0402506
0.0460766
0.0519315
0.0578067
0.0636996
0.0696118
0.0755489
0.0815212
0.0875458
0.0936502
0.0998794
0.106294
0.11298
0.120022
0.127483
0.0107323
0.0163601
0.0221912
0.0281199
0.0340717
0.040017
0.0459474
0.0518616
0.0577596
0.0636403
0.0695014
0.0753394
0.0811519
0.0869421
0.0927267
0.0985505
0.104503
0.110733
0.117454
0.124995
0.00775567
0.0144857
0.0210434
0.0274462
0.0336907
0.039811
0.0458435
0.0518121
0.0577291
0.0635962
0.0694064
0.0751457
0.0807959
0.0863405
0.0917747
0.0971275
0.102507
0.108114
0.114326
0.121959
0.00433021
0.0127425
0.0201723
0.0270446
0.0335205
0.0397507
0.0458357
0.0518271
0.0577467
0.0635963
0.0693621
0.0750175
0.0805257
0.0858444
0.0909356
0.0957947
0.100524
0.10534
0.110746
0.118345
0.00245122
0.0127623
0.0204863
0.0273774
0.0337882
0.039946
0.0459804
0.0519421
0.0578445
0.0636797
0.0694225
0.0750313
0.0804474
0.0855949
0.0903839
0.094741
0.0987158
0.102331
0.105926
0.112339
0.00697045
0.0179869
0.0235834
0.0290946
0.034745
0.0404948
0.0463234
0.0521933
0.0580683
0.0639126
0.0696826
0.0753179
0.0807324
0.0858017
0.0903472
0.0941176
0.0967731
0.098025
0.0971071
0.0989827
0.0117945
0.0170381
0.0225786
0.0282896
0.0340879
0.0399252
0.0457789
0.0516438
0.0575277
0.0634497
0.0694406
0.0755436
0.0818149
0.0883216
0.0951363
0.102324
0.109922
0.117913
0.126182
0.134501
0.0135908
0.0184088
0.0235798
0.0289976
0.0345809
0.0402732
0.0460389
0.0518599
0.0577323
0.0636645
0.0696764
0.0757983
0.08207
0.0885373
0.0952472
0.102237
0.109522
0.117069
0.124783
0.13248
0.0142416
0.0189072
0.0239493
0.0292666
0.0347768
0.0404193
0.0461539
0.0519566
0.0578177
0.0637393
0.0697338
0.0758228
0.082036
0.0884087
0.0949779
0.101777
0.108822
0.116102
0.123551
0.13103
0.0140192
0.0187316
0.0238234
0.029187
0.0347352
0.0404067
0.0461612
0.0519747
0.0578353
0.0637415
0.0696996
0.0757235
0.0818338
0.0880572
0.0944264
0.100979
0.107751
0.114769
0.122025
0.129453
0.0128727
0.0178721
0.023213
0.0287781
0.0344769
0.0402544
0.046079
0.051933
0.0578077
0.0637003
0.0696124
0.0755495
0.081522
0.0875466
0.0936509
0.0998791
0.106293
0.112977
0.120012
0.127468
0.0107572
0.0163813
0.0222044
0.0281287
0.0340769
0.0400197
0.0459488
0.0518623
0.0577599
0.0636405
0.0695015
0.0753396
0.0811524
0.0869429
0.0927277
0.0985511
0.104504
0.110731
0.117437
0.124958
0.0078222
0.0145293
0.0210634
0.0274567
0.0336951
0.0398124
0.0458437
0.0518119
0.0577288
0.063596
0.0694064
0.075146
0.0807966
0.0863418
0.0917764
0.0971286
0.102506
0.108109
0.114284
0.121859
0.00444338
0.0127881
0.0201814
0.0270481
0.0335201
0.0397489
0.045834
0.0518257
0.0577456
0.0635953
0.0693612
0.0750168
0.0805253
0.0858448
0.0909371
0.0957953
0.100522
0.105346
0.110709
0.118184
0.00259286
0.0126997
0.0204166
0.0273479
0.033773
0.0399368
0.0459747
0.0519378
0.0578404
0.0636751
0.069417
0.0750247
0.08044
0.0855879
0.0903801
0.0947425
0.0987352
0.102417
0.106042
0.112163
0.00779587
0.0181252
0.0235929
0.0291169
0.0347594
0.0405015
0.0463271
0.0521959
0.0580706
0.0639152
0.0696857
0.0753218
0.0807372
0.0858069
0.0903511
0.0941145
0.096763
0.0980548
0.0970458
0.0979459
0.0117945
0.0170381
0.0225786
0.0282896
0.0340879
0.0399252
0.0457789
0.0516438
0.0575277
0.0634497
0.0694406
0.0755436
0.0818149
0.0883216
0.0951363
0.102324
0.109922
0.117913
0.126182
0.134501
0.0135908
0.0184088
0.0235798
0.0289976
0.0345809
0.0402732
0.0460389
0.0518599
0.0577323
0.0636645
0.0696764
0.0757983
0.08207
0.0885373
0.0952472
0.102237
0.109522
0.117069
0.124783
0.13248
0.0142416
0.0189072
0.0239493
0.0292666
0.0347767
0.0404193
0.0461539
0.0519566
0.0578177
0.0637393
0.0697338
0.0758228
0.082036
0.0884087
0.0949779
0.101777
0.108822
0.116102
0.123551
0.13103
0.0140192
0.0187316
0.0238234
0.029187
0.0347352
0.0404067
0.0461612
0.0519747
0.0578353
0.0637415
0.0696996
0.0757235
0.0818338
0.0880572
0.0944264
0.100979
0.107751
0.114769
0.122025
0.129453
0.0128726
0.0178721
0.023213
0.0287781
0.0344769
0.0402544
0.046079
0.051933
0.0578077
0.0637003
0.0696124
0.0755495
0.081522
0.0875466
0.0936509
0.0998791
0.106293
0.112977
0.120012
0.127468
0.0107572
0.0163812
0.0222044
0.0281287
0.0340769
0.0400197
0.0459488
0.0518623
0.0577599
0.0636405
0.0695015
0.0753396
0.0811524
0.0869429
0.0927277
0.0985511
0.104504
0.110731
0.117437
0.124958
0.00782219
0.0145293
0.0210634
0.0274567
0.0336951
0.0398124
0.0458437
0.0518119
0.0577288
0.063596
0.0694064
0.075146
0.0807966
0.0863418
0.0917764
0.0971286
0.102506
0.108109
0.114284
0.121859
0.00444337
0.0127881
0.0201814
0.0270481
0.0335201
0.0397489
0.045834
0.0518257
0.0577456
0.0635953
0.0693612
0.0750168
0.0805253
0.0858448
0.0909371
0.0957953
0.100522
0.105346
0.110709
0.118184
0.00259285
0.0126997
0.0204166
0.0273479
0.033773
0.0399368
0.0459747
0.0519378
0.0578404
0.0636751
0.069417
0.0750247
0.08044
0.0855879
0.0903801
0.0947425
0.0987352
0.102417
0.106042
0.112164
0.00779587
0.0181252
0.0235928
0.0291169
0.0347594
0.0405015
0.0463271
0.0521959
0.0580706
0.0639152
0.0696857
0.0753218
0.0807372
0.0858069
0.0903511
0.0941145
0.096763
0.0980548
0.0970459
0.097946
0.0118201
0.017056
0.0225904
0.028297
0.0340924
0.039928
0.0457808
0.0516454
0.0575294
0.0634518
0.0694435
0.0755474
0.0818196
0.0883272
0.0951422
0.10233
0.109926
0.117912
0.126174
0.134483
0.0135689
0.0183905
0.0235654
0.0289866
0.0345728
0.0402671
0.0460341
0.0518558
0.0577283
0.0636603
0.0696718
0.0757933
0.0820648
0.0885327
0.0952442
0.102238
0.109527
0.117082
0.124805
0.13251
0.0142388
0.0189025
0.0239442
0.0292617
0.0347726
0.040416
0.0461513
0.0519546
0.0578162
0.0637381
0.0697327
0.075822
0.0820355
0.0884085
0.0949784
0.101778
0.108825
0.116107
0.123557
0.131035
0.0140149
0.0187247
0.0238166
0.0291809
0.0347304
0.0404031
0.0461587
0.0519729
0.0578341
0.0637406
0.069699
0.0757231
0.0818335
0.088057
0.0944266
0.10098
0.107753
0.114772
0.122031
0.129459
0.012861
0.0178591
0.0232025
0.02877
0.0344711
0.0402506
0.0460766
0.0519315
0.0578067
0.0636996
0.0696118
0.0755489
0.0815212
0.0875458
0.0936502
0.0998794
0.106294
0.11298
0.120022
0.127483
0.0107322
0.0163601
0.0221912
0.0281199
0.0340717
0.040017
0.0459474
0.0518616
0.0577596
0.0636403
0.0695014
0.0753394
0.0811519
0.0869421
0.0927267
0.0985505
0.104503
0.110733
0.117454
0.124995
0.00775565
0.0144857
0.0210434
0.0274462
0.0336907
0.039811
0.0458435
0.0518121
0.0577291
0.0635962
0.0694064
0.0751457
0.0807959
0.0863405
0.0917747
0.0971275
0.102507
0.108114
0.114326
0.121959
0.00433019
0.0127425
0.0201723
0.0270446
0.0335205
0.0397507
0.0458357
0.0518271
0.0577467
0.0635963
0.0693621
0.0750175
0.0805257
0.0858444
0.0909356
0.0957947
0.100524
0.10534
0.110746
0.118345
0.0024512
0.0127623
0.0204863
0.0273774
0.0337881
0.039946
0.0459804
0.0519421
0.0578445
0.0636797
0.0694225
0.0750313
0.0804474
0.0855949
0.0903839
0.094741
0.0987159
0.102331
0.105927
0.112339
0.00697043
0.0179869
0.0235834
0.0290946
0.034745
0.0404948
0.0463234
0.0521933
0.0580683
0.0639126
0.0696826
0.0753179
0.0807324
0.0858017
0.0903472
0.0941176
0.0967732
0.0980251
0.0971072
0.0989829
0.142483
0.149745
0.155865
0.160539
0.163606
0.165062
0.165073
0.163987
0.162335
0.16077
0.139911
0.146651
0.152399
0.156904
0.160031
0.16178
0.162288
0.161833
0.160737
0.159202
0.138282
0.144929
0.150643
0.155176
0.158393
0.160286
0.160971
0.160684
0.159594
0.157585
0.136819
0.143646
0.149559
0.154282
0.157665
0.15969
0.16046
0.160186
0.158945
0.156416
0.135186
0.142427
0.148738
0.153802
0.157451
0.159662
0.160535
0.160275
0.158911
0.156012
0.133364
0.141282
0.148187
0.153731
0.157737
0.160193
0.161212
0.161008
0.1596
0.15652
0.131544
0.140421
0.148063
0.154169
0.158575
0.161309
0.16251
0.162415
0.161057
0.157986
0.130147
0.140269
0.148697
0.155346
0.160108
0.163088
0.164473
0.164521
0.163297
0.160404
0.129408
0.141488
0.150654
0.157657
0.162576
0.165661
0.167161
0.167346
0.166309
0.163729
0.133952
0.147197
0.155529
0.161876
0.166335
0.169181
0.170624
0.170882
0.170045
0.167867
0.142515
0.149789
0.155918
0.160597
0.163663
0.165115
0.165116
0.164016
0.162352
0.160769
0.139875
0.14661
0.152354
0.156856
0.159985
0.161738
0.162252
0.161808
0.160732
0.159181
0.138283
0.144933
0.150649
0.155183
0.1584
0.160291
0.160971
0.160682
0.159611
0.157554
0.136825
0.143657
0.149572
0.154296
0.157678
0.159701
0.160463
0.160187
0.158972
0.156376
0.135193
0.142437
0.148749
0.153813
0.15746
0.159668
0.160534
0.160274
0.158943
0.155967
0.133375
0.141294
0.148198
0.153742
0.157746
0.160199
0.16121
0.161006
0.159635
0.156473
0.131567
0.140437
0.148076
0.154181
0.158584
0.161314
0.162508
0.162413
0.161092
0.157939
0.130286
0.140324
0.14872
0.155361
0.160115
0.163091
0.16447
0.164519
0.16333
0.160358
0.129731
0.141503
0.150631
0.157649
0.16257
0.165657
0.167155
0.167343
0.166338
0.163688
0.133845
0.146831
0.155366
0.161829
0.166316
0.169174
0.170619
0.17088
0.170069
0.167832
0.142515
0.149789
0.155918
0.160597
0.163663
0.165115
0.165116
0.164016
0.162352
0.160769
0.139875
0.14661
0.152353
0.156856
0.159985
0.161738
0.162252
0.161808
0.160732
0.159181
0.138283
0.144933
0.150649
0.155183
0.1584
0.160291
0.160971
0.160682
0.159611
0.157554
0.136825
0.143657
0.149572
0.154296
0.157678
0.159701
0.160463
0.160187
0.158972
0.156376
0.135193
0.142437
0.148749
0.153813
0.15746
0.159668
0.160534
0.160274
0.158943
0.155967
0.133375
0.141294
0.148198
0.153742
0.157746
0.160199
0.16121
0.161006
0.159635
0.156473
0.131567
0.140437
0.148076
0.154181
0.158584
0.161314
0.162508
0.162413
0.161092
0.157938
0.130286
0.140324
0.14872
0.155361
0.160115
0.163091
0.16447
0.164519
0.16333
0.160358
0.129731
0.141503
0.150631
0.157649
0.16257
0.165657
0.167155
0.167343
0.166338
0.163688
0.133845
0.146831
0.155366
0.161829
0.166316
0.169174
0.170619
0.17088
0.170069
0.167832
0.142483
0.149745
0.155865
0.160539
0.163606
0.165062
0.165073
0.163987
0.162335
0.16077
0.139911
0.146651
0.152399
0.156904
0.160031
0.16178
0.162288
0.161833
0.160737
0.159202
0.138282
0.144929
0.150643
0.155176
0.158393
0.160286
0.160971
0.160684
0.159594
0.157585
0.136819
0.143646
0.149559
0.154282
0.157665
0.15969
0.16046
0.160186
0.158945
0.156416
0.135186
0.142427
0.148738
0.153802
0.157451
0.159662
0.160535
0.160275
0.158911
0.156012
0.133364
0.141282
0.148187
0.153731
0.157737
0.160193
0.161212
0.161008
0.1596
0.15652
0.131544
0.140421
0.148063
0.154169
0.158575
0.161309
0.16251
0.162415
0.161057
0.157986
0.130147
0.140269
0.148697
0.155346
0.160108
0.163088
0.164473
0.164521
0.163297
0.160404
0.129408
0.141488
0.150654
0.157657
0.162576
0.165661
0.167161
0.167346
0.166309
0.163729
0.133952
0.147197
0.155529
0.161876
0.166335
0.169181
0.170624
0.170882
0.170045
0.167867
0.167667
0.163148
0.165037
0.168482
0.171484
0.17364
0.174818
0.175062
0.174407
0.172666
0.178628
0.173421
0.173424
0.175197
0.177107
0.178643
0.179542
0.179748
0.179258
0.177942
0.184164
0.181103
0.180825
0.181739
0.182934
0.183992
0.184649
0.184814
0.184468
0.183528
0.189608
0.187952
0.187671
0.188126
0.188858
0.189564
0.190028
0.190156
0.189928
0.189298
0.195186
0.194327
0.194128
0.194361
0.194807
0.195269
0.195586
0.195684
0.195548
0.195161
0.200872
0.200465
0.200357
0.200485
0.200754
0.201047
0.201256
0.201328
0.20126
0.20106
0.206662
0.206517
0.206477
0.206545
0.206695
0.206863
0.206985
0.207031
0.207009
0.206951
0.212542
0.21257
0.212563
0.212581
0.212633
0.212693
0.212734
0.212744
0.212747
0.2128
0.218541
0.218674
0.218674
0.218629
0.218577
0.218522
0.218468
0.218424
0.218429
0.218563
0.224694
0.224889
0.224859
0.22472
0.224534
0.224335
0.224156
0.224027
0.224006
0.22419
0.231067
0.231274
0.231165
0.230882
0.230512
0.230119
0.229767
0.229512
0.229425
0.229619
0.237752
0.237896
0.23764
0.237143
0.236517
0.23586
0.235274
0.234836
0.23463
0.234772
0.244868
0.244825
0.244325
0.243522
0.242551
0.241548
0.24065
0.239962
0.239568
0.239564
0.252563
0.252122
0.251244
0.250023
0.248606
0.247169
0.245881
0.244867
0.244195
0.24391
0.261022
0.2598
0.258372
0.256616
0.254659
0.252713
0.250968
0.249554
0.248502
0.247736
0.270355
0.267838
0.265599
0.263194
0.260642
0.258164
0.255938
0.254071
0.252517
0.251025
0.280643
0.275903
0.272584
0.269493
0.266395
0.263476
0.26084
0.258529
0.256359
0.253818
0.291548
0.28323
0.27862
0.274993
0.271605
0.26854
0.265743
0.263112
0.260252
0.256282
0.302998
0.288833
0.282543
0.278756
0.275663
0.273093
0.270686
0.268082
0.264569
0.25876
0.314309
0.289264
0.281177
0.278612
0.27731
0.276564
0.275622
0.273779
0.269873
0.261846
0.168492
0.163289
0.16515
0.168549
0.171509
0.173651
0.174822
0.175065
0.174429
0.17264
0.178766
0.173358
0.173469
0.175241
0.177129
0.178656
0.179549
0.179752
0.179276
0.177924
0.184173
0.181034
0.180834
0.181759
0.182947
0.184002
0.184656
0.184819
0.184482
0.183517
0.18963
0.187924
0.187674
0.188137
0.188866
0.189572
0.190034
0.19016
0.189938
0.18929
0.1952
0.194313
0.194128
0.194366
0.194812
0.195274
0.195591
0.195688
0.195554
0.195157
0.200877
0.200459
0.200356
0.200486
0.200757
0.20105
0.20126
0.201331
0.201263
0.201058
0.206664
0.206515
0.206476
0.206545
0.206696
0.206865
0.206988
0.207033
0.20701
0.206951
0.212542
0.212571
0.212563
0.212581
0.212634
0.212695
0.212735
0.212745
0.212746
0.212802
0.218539
0.218677
0.218674
0.218629
0.218577
0.218523
0.218469
0.218424
0.218426
0.218566
0.22469
0.224893
0.224859
0.224719
0.224534
0.224335
0.224156
0.224028
0.224002
0.224194
0.231062
0.231279
0.231165
0.230881
0.230512
0.230118
0.229768
0.229512
0.22942
0.229623
0.237746
0.2379
0.237639
0.237141
0.236516
0.23586
0.235274
0.234837
0.234626
0.234777
0.244863
0.244827
0.244323
0.24352
0.242549
0.241547
0.24065
0.239963
0.239565
0.23957
0.252558
0.252118
0.25124
0.25002
0.248604
0.247167
0.245881
0.244868
0.244197
0.243914
0.261021
0.259782
0.258365
0.256612
0.254656
0.252711
0.250968
0.249557
0.248511
0.247737
0.270367
0.2678
0.265591
0.26319
0.260637
0.258162
0.255938
0.254077
0.252538
0.251021
0.280695
0.275834
0.272577
0.269492
0.26639
0.263474
0.260841
0.258537
0.256397
0.253804
0.291619
0.283057
0.278596
0.274991
0.271597
0.268539
0.265745
0.263125
0.260316
0.256254
0.30312
0.288504
0.282545
0.278797
0.275678
0.273105
0.270694
0.268103
0.264667
0.258711
0.315647
0.289363
0.281471
0.278797
0.277378
0.276597
0.275638
0.273809
0.270015
0.26177
0.168492
0.163289
0.16515
0.168549
0.171509
0.173651
0.174822
0.175065
0.174429
0.17264
0.178766
0.173358
0.173469
0.175241
0.177129
0.178656
0.179549
0.179752
0.179276
0.177924
0.184173
0.181034
0.180834
0.181759
0.182947
0.184002
0.184656
0.184819
0.184482
0.183517
0.18963
0.187924
0.187674
0.188137
0.188866
0.189572
0.190034
0.19016
0.189938
0.189291
0.1952
0.194313
0.194128
0.194366
0.194812
0.195274
0.195591
0.195688
0.195554
0.195157
0.200877
0.200459
0.200356
0.200486
0.200757
0.20105
0.20126
0.201331
0.201263
0.201058
0.206664
0.206515
0.206476
0.206545
0.206696
0.206865
0.206988
0.207033
0.20701
0.206951
0.212542
0.212571
0.212563
0.212581
0.212634
0.212695
0.212735
0.212745
0.212746
0.212802
0.218539
0.218677
0.218674
0.218629
0.218577
0.218523
0.218469
0.218424
0.218426
0.218566
0.22469
0.224893
0.224859
0.224719
0.224534
0.224335
0.224156
0.224028
0.224002
0.224194
0.231062
0.231279
0.231165
0.230881
0.230512
0.230118
0.229768
0.229512
0.22942
0.229623
0.237746
0.2379
0.237639
0.237141
0.236516
0.23586
0.235274
0.234837
0.234626
0.234777
0.244863
0.244827
0.244323
0.24352
0.242549
0.241547
0.24065
0.239963
0.239565
0.23957
0.252558
0.252118
0.25124
0.25002
0.248604
0.247167
0.245881
0.244868
0.244197
0.243914
0.261021
0.259782
0.258365
0.256612
0.254656
0.252711
0.250968
0.249557
0.248511
0.247737
0.270367
0.2678
0.265591
0.26319
0.260637
0.258162
0.255938
0.254077
0.252538
0.251021
0.280695
0.275834
0.272577
0.269492
0.26639
0.263474
0.260841
0.258537
0.256397
0.253804
0.291619
0.283057
0.278596
0.274991
0.271597
0.268539
0.265745
0.263125
0.260316
0.256254
0.30312
0.288504
0.282545
0.278797
0.275678
0.273105
0.270694
0.268103
0.264667
0.258711
0.315647
0.289363
0.281471
0.278797
0.277378
0.276597
0.275638
0.273809
0.270015
0.26177
0.167667
0.163148
0.165037
0.168482
0.171484
0.17364
0.174818
0.175062
0.174407
0.172666
0.178628
0.173421
0.173424
0.175197
0.177108
0.178643
0.179542
0.179748
0.179258
0.177942
0.184164
0.181103
0.180825
0.181739
0.182934
0.183992
0.184649
0.184814
0.184468
0.183528
0.189608
0.187952
0.187671
0.188126
0.188858
0.189564
0.190028
0.190156
0.189928
0.189298
0.195186
0.194327
0.194128
0.194361
0.194807
0.195269
0.195586
0.195684
0.195548
0.195161
0.200872
0.200465
0.200357
0.200485
0.200754
0.201047
0.201256
0.201328
0.20126
0.20106
0.206662
0.206517
0.206477
0.206545
0.206695
0.206863
0.206985
0.207031
0.207009
0.206951
0.212542
0.21257
0.212563
0.212581
0.212633
0.212693
0.212734
0.212744
0.212747
0.2128
0.218541
0.218674
0.218674
0.218629
0.218577
0.218522
0.218468
0.218424
0.218429
0.218563
0.224694
0.224889
0.224859
0.22472
0.224534
0.224335
0.224156
0.224027
0.224006
0.22419
0.231067
0.231274
0.231165
0.230882
0.230512
0.230119
0.229767
0.229512
0.229425
0.229619
0.237752
0.237896
0.23764
0.237143
0.236517
0.23586
0.235274
0.234836
0.23463
0.234772
0.244868
0.244825
0.244325
0.243522
0.242551
0.241548
0.24065
0.239962
0.239568
0.239564
0.252563
0.252122
0.251244
0.250023
0.248606
0.247169
0.245881
0.244867
0.244195
0.24391
0.261022
0.2598
0.258372
0.256616
0.254659
0.252713
0.250968
0.249554
0.248502
0.247736
0.270355
0.267838
0.265599
0.263194
0.260642
0.258164
0.255938
0.254072
0.252517
0.251025
0.280643
0.275903
0.272584
0.269493
0.266395
0.263476
0.260841
0.258529
0.256359
0.253818
0.291548
0.28323
0.27862
0.274994
0.271605
0.26854
0.265743
0.263112
0.260252
0.256282
0.302998
0.288833
0.282543
0.278756
0.275663
0.273093
0.270686
0.268082
0.264569
0.25876
0.314309
0.289264
0.281177
0.278612
0.27731
0.276564
0.275622
0.273779
0.269873
0.261846
0.253297
0.261909
0.26736
0.271519
0.275093
0.278337
0.280533
0.280683
0.277009
0.266524
0.224201
0.240199
0.251463
0.261034
0.270113
0.278744
0.285787
0.289573
0.287238
0.274355
0.206777
0.222194
0.235589
0.24909
0.263529
0.278464
0.292066
0.301589
0.302383
0.287788
0.193278
0.207134
0.221316
0.237703
0.257089
0.278862
0.300663
0.318476
0.325133
0.310767
0.183413
0.19602
0.21062
0.229289
0.253198
0.282082
0.313623
0.342806
0.359462
0.349763
0.177452
0.189687
0.20506
0.225997
0.254308
0.29059
0.333461
0.377889
0.410971
0.414906
0.175237
0.188174
0.205093
0.228798
0.261854
0.30616
0.362308
0.426979
0.486204
0.520555
0.175907
0.1903
0.209356
0.236268
0.274511
0.327752
0.399676
0.490361
0.590199
0.693926
0.177806
0.193348
0.213846
0.242802
0.284658
0.345331
0.433151
0.556364
0.725155
1.00497
0.179239
0.194265
0.213582
0.240567
0.279925
0.339032
0.431899
0.586066
0.872361
1.48944
0.253628
0.261412
0.267228
0.271507
0.275089
0.278345
0.280538
0.280717
0.277205
0.266412
0.22463
0.240158
0.251405
0.261002
0.270092
0.278739
0.285779
0.289611
0.287501
0.274202
0.207035
0.222216
0.235559
0.249051
0.26349
0.278437
0.292036
0.301623
0.302724
0.287593
0.19337
0.20712
0.221266
0.237636
0.257017
0.278795
0.300589
0.318493
0.325544
0.310528
0.18344
0.195988
0.210551
0.229193
0.253084
0.28196
0.313485
0.342783
0.359898
0.349506
0.177459
0.189651
0.204981
0.225878
0.254149
0.29039
0.333218
0.377771
0.411328
0.414856
0.175251
0.188151
0.205025
0.228675
0.261657
0.305847
0.361876
0.426648
0.486178
0.521041
0.175951
0.190334
0.209378
0.236268
0.274459
0.327551
0.399302
0.490037
0.588872
0.693601
0.177877
0.193461
0.214029
0.243092
0.285088
0.345891
0.433894
0.556968
0.721914
1.00267
0.179289
0.194305
0.213603
0.240571
0.27994
0.339108
0.432258
0.586502
0.868672
1.49869
0.253628
0.261412
0.267228
0.271507
0.275089
0.278345
0.280538
0.280717
0.277205
0.266412
0.22463
0.240158
0.251405
0.261002
0.270092
0.278739
0.285779
0.289611
0.287501
0.274202
0.207035
0.222216
0.235559
0.249051
0.26349
0.278437
0.292036
0.301623
0.302724
0.287593
0.19337
0.20712
0.221266
0.237636
0.257017
0.278795
0.300589
0.318493
0.325544
0.310528
0.18344
0.195988
0.210551
0.229193
0.253084
0.28196
0.313485
0.342783
0.359898
0.349506
0.177459
0.189651
0.204981
0.225878
0.254149
0.29039
0.333218
0.377771
0.411328
0.414856
0.175251
0.188151
0.205025
0.228675
0.261657
0.305847
0.361876
0.426648
0.486178
0.521041
0.175951
0.190334
0.209378
0.236268
0.274459
0.327551
0.399302
0.490037
0.588872
0.693601
0.177877
0.193461
0.214029
0.243092
0.285088
0.345891
0.433894
0.556968
0.721914
1.00267
0.179289
0.194305
0.213603
0.240571
0.27994
0.339108
0.432258
0.586502
0.868672
1.49869
0.253297
0.261909
0.26736
0.271519
0.275093
0.278337
0.280533
0.280683
0.277009
0.266524
0.224201
0.240199
0.251463
0.261034
0.270113
0.278744
0.285787
0.289574
0.287238
0.274355
0.206777
0.222194
0.235589
0.249091
0.263529
0.278464
0.292067
0.301589
0.302383
0.287788
0.193279
0.207134
0.221316
0.237703
0.257089
0.278862
0.300663
0.318476
0.325133
0.310767
0.183413
0.19602
0.21062
0.229289
0.253198
0.282082
0.313623
0.342806
0.359462
0.349763
0.177452
0.189687
0.20506
0.225997
0.254308
0.29059
0.333461
0.377889
0.410971
0.414906
0.175237
0.188174
0.205093
0.228798
0.261855
0.30616
0.362308
0.426979
0.486204
0.520556
0.175907
0.1903
0.209356
0.236268
0.274511
0.327752
0.399676
0.490361
0.590199
0.693926
0.177806
0.193348
0.213846
0.242802
0.284658
0.345331
0.433151
0.556364
0.725155
1.00497
0.179239
0.194266
0.213582
0.240567
0.279925
0.339032
0.431899
0.586066
0.872361
1.48944
-0.152687
-0.132095
-0.114156
-0.0975857
-0.0810155
-0.064248
-0.0472802
-0.0301506
-0.0129222
0.00433189
0.0215333
0.0386105
0.0554874
0.0721182
0.0885243
0.104889
0.12169
0.139961
0.162994
0.200681
-0.138949
-0.125477
-0.110988
-0.0957627
-0.0798561
-0.0634775
-0.0467616
-0.029806
-0.0126959
0.00449308
0.0216944
0.0388458
0.0559108
0.0728864
0.0898439
0.106989
0.12472
0.143663
0.165336
0.193259
-0.135847
-0.123835
-0.110137
-0.0952872
-0.0796047
-0.0633507
-0.0466966
-0.0297639
-0.0126466
0.00458043
0.0218555
0.0391282
0.0563647
0.0735567
0.0907424
0.108039
0.125663
0.143913
0.163358
0.184934
-0.137106
-0.124771
-0.11088
-0.0958861
-0.0800926
-0.0637366
-0.046985
-0.0299568
-0.0127392
0.00460152
0.022012
0.0394466
0.0568643
0.0742288
0.091513
0.108705
0.125809
0.142827
0.159826
0.176919
-0.139892
-0.126857
-0.112457
-0.0970705
-0.0809754
-0.0643835
-0.0474432
-0.0302568
-0.0128961
0.00458649
0.0221475
0.0397435
0.0573216
0.0748105
0.0921121
0.109094
0.125584
0.141377
0.1563
0.170316
-0.142436
-0.128754
-0.113864
-0.0980976
-0.0817148
-0.0649045
-0.0477958
-0.0304742
-0.0129964
0.0045963
0.022267
0.0399704
0.0576396
0.0751709
0.0924092
0.109138
0.125083
0.139948
0.153516
0.165844
-0.143062
-0.129114
-0.114064
-0.0982006
-0.0817572
-0.0649078
-0.0477712
-0.0304259
-0.0129242
0.00469477
0.0223922
0.0401161
0.0577857
0.0752743
0.0923954
0.108897
0.124477
0.138845
0.151852
0.163708
-0.140878
-0.127265
-0.112578
-0.097046
-0.0808808
-0.0642519
-0.0472835
-0.0300631
-0.0126534
0.00489593
0.0225352
0.0402003
0.0577983
0.0751912
0.0921851
0.108532
0.123955
0.138227
0.151303
0.163535
-0.135887
-0.123392
-0.109663
-0.0949038
-0.0793361
-0.0631537
-0.0465114
-0.0295264
-0.0122873
0.00513536
0.022677
0.0402586
0.057778
0.0750964
0.0920267
0.10834
0.123799
0.13823
0.15166
0.164507
-0.127741
-0.117521
-0.105526
-0.0920483
-0.0773991
-0.0618599
-0.0456601
-0.028976
-0.0119399
0.00534648
0.0227961
0.0403284
0.0578414
0.0751992
0.0922254
0.108703
0.124401
0.139134
0.152883
0.165964
-0.153052
-0.131975
-0.114141
-0.0976076
-0.0810281
-0.0642555
-0.0472854
-0.0301539
-0.0129239
0.00433157
0.0215339
0.0386114
0.0554874
0.0721154
0.0885147
0.104868
0.121667
0.139913
0.162662
0.200058
-0.138892
-0.12531
-0.110912
-0.0957263
-0.0798299
-0.063459
-0.046749
-0.0297975
-0.0126904
0.0044964
0.0216967
0.0388484
0.055916
0.0728971
0.0898631
0.107021
0.12478
0.143736
0.165238
0.192999
-0.135906
-0.12381
-0.110112
-0.0952689
-0.0795899
-0.06334
-0.0466892
-0.0297588
-0.012643
0.0045828
0.021857
0.0391292
0.0563654
0.073557
0.0907411
0.108034
0.125656
0.143895
0.163267
0.184847
-0.137149
-0.124769
-0.11087
-0.0958765
-0.0800841
-0.06373
-0.0469803
-0.0299534
-0.0127368
0.00460316
0.0220132
0.0394474
0.0568647
0.0742285
0.0915108
0.108699
0.125798
0.142806
0.159775
0.176888
-0.139918
-0.126864
-0.112459
-0.0970702
-0.0809743
-0.0643823
-0.0474423
-0.0302562
-0.0128957
0.00458672
0.0221478
0.039744
0.0573223
0.0748115
0.0921129
0.109094
0.125583
0.141371
0.156285
0.170311
-0.142473
-0.128779
-0.11388
-0.0981095
-0.081723
-0.0649103
-0.0478
-0.0304772
-0.0129986
0.00459474
0.022266
0.0399699
0.0576397
0.0751716
0.0924106
0.10914
0.125086
0.139951
0.153518
0.16585
-0.143104
-0.129145
-0.114087
-0.0982174
-0.0817692
-0.0649164
-0.0477774
-0.0304303
-0.0129274
0.00469229
0.0223903
0.0401148
0.057785
0.0752747
0.0923974
0.108901
0.124485
0.138857
0.151868
0.163728
-0.140914
-0.12729
-0.112595
-0.0970565
-0.0808874
-0.0642559
-0.047286
-0.0300648
-0.0126547
0.00489447
0.0225334
0.0401981
0.057796
0.0751895
0.0921853
0.108535
0.123965
0.138246
0.151332
0.163575
-0.135985
-0.123454
-0.109699
-0.0949243
-0.0793468
-0.0631588
-0.0465134
-0.029527
-0.0122875
0.00513461
0.0226751
0.0402551
0.0577729
0.0750897
0.0920193
0.108334
0.123797
0.138238
0.151683
0.164551
-0.127684
-0.117482
-0.1055
-0.0920303
-0.0773872
-0.0618523
-0.0456555
-0.0289738
-0.0119394
0.00534598
0.022795
0.0403273
0.0578414
0.0752019
0.0922333
0.108719
0.124428
0.139174
0.152935
0.16602
-0.153052
-0.131975
-0.114141
-0.0976076
-0.0810281
-0.0642555
-0.0472854
-0.0301539
-0.0129239
0.00433157
0.0215339
0.0386114
0.0554874
0.0721154
0.0885147
0.104868
0.121667
0.139913
0.162662
0.200058
-0.138892
-0.12531
-0.110912
-0.0957263
-0.0798299
-0.063459
-0.046749
-0.0297975
-0.0126904
0.0044964
0.0216967
0.0388484
0.055916
0.0728972
0.0898632
0.107021
0.12478
0.143736
0.165238
0.192999
-0.135906
-0.12381
-0.110112
-0.0952689
-0.0795899
-0.06334
-0.0466892
-0.0297588
-0.012643
0.0045828
0.021857
0.0391292
0.0563654
0.073557
0.0907411
0.108034
0.125656
0.143895
0.163267
0.184847
-0.137149
-0.124769
-0.11087
-0.0958765
-0.0800841
-0.06373
-0.0469803
-0.0299534
-0.0127368
0.00460316
0.0220132
0.0394474
0.0568647
0.0742285
0.0915108
0.108699
0.125798
0.142806
0.159775
0.176888
-0.139918
-0.126864
-0.112459
-0.0970702
-0.0809743
-0.0643823
-0.0474423
-0.0302562
-0.0128957
0.00458672
0.0221478
0.039744
0.0573223
0.0748115
0.0921129
0.109094
0.125583
0.141371
0.156285
0.170311
-0.142473
-0.128779
-0.11388
-0.0981095
-0.081723
-0.0649103
-0.0478
-0.0304772
-0.0129986
0.00459473
0.022266
0.0399699
0.0576397
0.0751716
0.0924106
0.10914
0.125086
0.139951
0.153518
0.16585
-0.143104
-0.129145
-0.114087
-0.0982174
-0.0817692
-0.0649164
-0.0477774
-0.0304303
-0.0129274
0.00469229
0.0223903
0.0401148
0.057785
0.0752747
0.0923974
0.108901
0.124485
0.138857
0.151868
0.163728
-0.140914
-0.12729
-0.112595
-0.0970565
-0.0808874
-0.0642559
-0.047286
-0.0300648
-0.0126547
0.00489447
0.0225334
0.0401981
0.057796
0.0751895
0.0921853
0.108535
0.123965
0.138246
0.151332
0.163575
-0.135985
-0.123454
-0.109699
-0.0949243
-0.0793468
-0.0631588
-0.0465134
-0.029527
-0.0122875
0.00513461
0.0226751
0.0402551
0.0577729
0.0750897
0.0920193
0.108334
0.123797
0.138238
0.151683
0.164551
-0.127684
-0.117482
-0.1055
-0.0920303
-0.0773872
-0.0618523
-0.0456555
-0.0289738
-0.0119394
0.00534598
0.022795
0.0403273
0.0578414
0.0752019
0.0922333
0.108719
0.124428
0.139174
0.152935
0.16602
-0.152687
-0.132095
-0.114156
-0.0975856
-0.0810156
-0.064248
-0.0472801
-0.0301506
-0.0129222
0.00433189
0.0215333
0.0386105
0.0554874
0.0721182
0.0885243
0.104889
0.12169
0.139961
0.162994
0.200681
-0.138949
-0.125477
-0.110988
-0.0957627
-0.0798561
-0.0634774
-0.0467615
-0.029806
-0.0126959
0.00449308
0.0216944
0.0388458
0.0559108
0.0728864
0.0898439
0.106989
0.12472
0.143663
0.165336
0.193259
-0.135847
-0.123835
-0.110137
-0.0952872
-0.0796047
-0.0633507
-0.0466966
-0.0297639
-0.0126466
0.00458043
0.0218555
0.0391282
0.0563647
0.0735567
0.0907424
0.108039
0.125663
0.143913
0.163358
0.184934
-0.137106
-0.124771
-0.11088
-0.0958861
-0.0800926
-0.0637366
-0.046985
-0.0299568
-0.0127392
0.00460152
0.022012
0.0394466
0.0568643
0.0742288
0.091513
0.108705
0.125809
0.142827
0.159826
0.176919
-0.139892
-0.126857
-0.112457
-0.0970705
-0.0809754
-0.0643835
-0.0474432
-0.0302568
-0.0128961
0.00458649
0.0221475
0.0397435
0.0573216
0.0748105
0.0921121
0.109094
0.125584
0.141377
0.1563
0.170316
-0.142436
-0.128754
-0.113864
-0.0980976
-0.0817148
-0.0649045
-0.0477958
-0.0304742
-0.0129964
0.0045963
0.022267
0.0399704
0.0576396
0.0751709
0.0924092
0.109138
0.125083
0.139948
0.153516
0.165844
-0.143062
-0.129114
-0.114064
-0.0982006
-0.0817572
-0.0649078
-0.0477712
-0.0304259
-0.0129242
0.00469477
0.0223922
0.0401162
0.0577857
0.0752743
0.0923954
0.108897
0.124477
0.138845
0.151852
0.163708
-0.140878
-0.127265
-0.112578
-0.097046
-0.0808808
-0.0642519
-0.0472835
-0.0300631
-0.0126534
0.00489593
0.0225352
0.0402003
0.0577983
0.0751912
0.0921852
0.108532
0.123955
0.138227
0.151303
0.163535
-0.135887
-0.123392
-0.109663
-0.0949038
-0.0793361
-0.0631537
-0.0465114
-0.0295264
-0.0122873
0.00513536
0.022677
0.0402586
0.0577781
0.0750964
0.0920267
0.10834
0.123799
0.13823
0.15166
0.164507
-0.127741
-0.117521
-0.105526
-0.0920483
-0.0773991
-0.0618599
-0.0456601
-0.028976
-0.0119399
0.00534647
0.0227961
0.0403284
0.0578414
0.0751992
0.0922254
0.108703
0.124401
0.139134
0.152883
0.165964
-0.156117
-0.158923
-0.159428
-0.158403
-0.156382
-0.153829
-0.151301
-0.149362
-0.149685
-0.155751
-0.163514
-0.167429
-0.167883
-0.166211
-0.163253
-0.159527
-0.155504
-0.151493
-0.148038
-0.145696
-0.172709
-0.177895
-0.178034
-0.175398
-0.17133
-0.166465
-0.161238
-0.155817
-0.150271
-0.144361
-0.185049
-0.191447
-0.19064
-0.186418
-0.180862
-0.174748
-0.168437
-0.161911
-0.154937
-0.147041
-0.202852
-0.209704
-0.206525
-0.199506
-0.191677
-0.183882
-0.176305
-0.168661
-0.160439
-0.151058
-0.23053
-0.234993
-0.226343
-0.214358
-0.202908
-0.192634
-0.183375
-0.174443
-0.165065
-0.154544
-0.276938
-0.270537
-0.250211
-0.229749
-0.212708
-0.198902
-0.187556
-0.177219
-0.166879
-0.155647
-0.361097
-0.319028
-0.276819
-0.243238
-0.218315
-0.200212
-0.186601
-0.175261
-0.164525
-0.153259
-0.538194
-0.37539
-0.293647
-0.244351
-0.211989
-0.191218
-0.177355
-0.166759
-0.157118
-0.14706
-0.923153
-0.430194
-0.26327
-0.205664
-0.176329
-0.160979
-0.153039
-0.147742
-0.142499
-0.136026
-0.156086
-0.158985
-0.159443
-0.158404
-0.156381
-0.153825
-0.151312
-0.149356
-0.149507
-0.155887
-0.163466
-0.167517
-0.167892
-0.166198
-0.163235
-0.159499
-0.155469
-0.151423
-0.14784
-0.145563
-0.172643
-0.178018
-0.178034
-0.175368
-0.171298
-0.166429
-0.161203
-0.155776
-0.150213
-0.144384
-0.184968
-0.191613
-0.190621
-0.186361
-0.180813
-0.174704
-0.168402
-0.161884
-0.154917
-0.147069
-0.202763
-0.209906
-0.206465
-0.199414
-0.191614
-0.183836
-0.176277
-0.168647
-0.160438
-0.151079
-0.23049
-0.23517
-0.226191
-0.214222
-0.202838
-0.192601
-0.183365
-0.174454
-0.165091
-0.154583
-0.277178
-0.270475
-0.249833
-0.229515
-0.212602
-0.198867
-0.187542
-0.177238
-0.166917
-0.155692
-0.361428
-0.318289
-0.276399
-0.24313
-0.218311
-0.200251
-0.186653
-0.175317
-0.164579
-0.153305
-0.53608
-0.372937
-0.294404
-0.245468
-0.212759
-0.191785
-0.177783
-0.167067
-0.157333
-0.147208
-0.93107
-0.425915
-0.263041
-0.20586
-0.175972
-0.160616
-0.152798
-0.147573
-0.142377
-0.135941
-0.156086
-0.158985
-0.159443
-0.158404
-0.156381
-0.153825
-0.151312
-0.149356
-0.149507
-0.155887
-0.163466
-0.167517
-0.167892
-0.166198
-0.163235
-0.159499
-0.155469
-0.151423
-0.14784
-0.145563
-0.172643
-0.178018
-0.178034
-0.175368
-0.171298
-0.166429
-0.161203
-0.155776
-0.150213
-0.144384
-0.184968
-0.191613
-0.190621
-0.186361
-0.180813
-0.174704
-0.168402
-0.161884
-0.154917
-0.147069
-0.202763
-0.209906
-0.206465
-0.199414
-0.191614
-0.183836
-0.176277
-0.168647
-0.160438
-0.151079
-0.23049
-0.23517
-0.226191
-0.214222
-0.202838
-0.192601
-0.183365
-0.174454
-0.165091
-0.154583
-0.277178
-0.270475
-0.249833
-0.229515
-0.212602
-0.198867
-0.187542
-0.177238
-0.166917
-0.155692
-0.361428
-0.318289
-0.276399
-0.24313
-0.218311
-0.200251
-0.186653
-0.175317
-0.164579
-0.153305
-0.53608
-0.372937
-0.294404
-0.245468
-0.212759
-0.191785
-0.177783
-0.167067
-0.157333
-0.147208
-0.93107
-0.425915
-0.263041
-0.20586
-0.175972
-0.160616
-0.152798
-0.147573
-0.142377
-0.135941
-0.156117
-0.158923
-0.159428
-0.158403
-0.156381
-0.153829
-0.151301
-0.149362
-0.149685
-0.155751
-0.163513
-0.167429
-0.167883
-0.166211
-0.163253
-0.159527
-0.155504
-0.151493
-0.148038
-0.145696
-0.172709
-0.177895
-0.178034
-0.175398
-0.17133
-0.166465
-0.161238
-0.155817
-0.150271
-0.144361
-0.185049
-0.191447
-0.19064
-0.186418
-0.180862
-0.174748
-0.168437
-0.161911
-0.154937
-0.147041
-0.202852
-0.209704
-0.206525
-0.199506
-0.191677
-0.183882
-0.176305
-0.168661
-0.160439
-0.151058
-0.23053
-0.234993
-0.226343
-0.214358
-0.202908
-0.192634
-0.183375
-0.174443
-0.165065
-0.154544
-0.276938
-0.270537
-0.25021
-0.229749
-0.212708
-0.198902
-0.187556
-0.177219
-0.166879
-0.155647
-0.361097
-0.319028
-0.276819
-0.243238
-0.218315
-0.200212
-0.186601
-0.175261
-0.164525
-0.153259
-0.538194
-0.37539
-0.293647
-0.244351
-0.211989
-0.191218
-0.177355
-0.166759
-0.157117
-0.14706
-0.923153
-0.430194
-0.26327
-0.205664
-0.176329
-0.160979
-0.153039
-0.147742
-0.142499
-0.136026
-0.0262682
-0.0282424
-0.0297179
-0.0312945
-0.0332704
-0.0357586
-0.0387952
-0.0424113
-0.048423
-0.0617966
-0.0345771
-0.0359476
-0.0371961
-0.0387226
-0.0407322
-0.0433004
-0.0464299
-0.0500122
-0.0548357
-0.0636645
-0.04284
-0.0436715
-0.0446476
-0.0459827
-0.0477751
-0.0500228
-0.0526419
-0.0554176
-0.0584296
-0.0627401
-0.0508269
-0.051227
-0.0519302
-0.0530031
-0.0544614
-0.0562522
-0.0582488
-0.0602334
-0.0620432
-0.0639887
-0.0584236
-0.0585179
-0.0589789
-0.0597774
-0.0608765
-0.0622047
-0.0636275
-0.0649608
-0.0660164
-0.0666424
-0.0656111
-0.0655129
-0.0657807
-0.0663324
-0.0671068
-0.0680278
-0.0689782
-0.0698177
-0.0703718
-0.0704121
-0.0724257
-0.0722265
-0.0723539
-0.0727048
-0.0732123
-0.0738111
-0.0744095
-0.0749057
-0.0751587
-0.0749579
-0.0789317
-0.0786975
-0.0787321
-0.0789329
-0.0792385
-0.0795992
-0.0799493
-0.0802195
-0.0803036
-0.0800289
-0.0852006
-0.0849737
-0.084954
-0.0850508
-0.0852135
-0.0854082
-0.0855917
-0.0857196
-0.0857158
-0.085447
-0.0912983
-0.0911028
-0.0910573
-0.0910875
-0.0911552
-0.0912402
-0.0913177
-0.0913615
-0.0913184
-0.0910893
-0.0972791
-0.0971273
-0.0970757
-0.0970672
-0.0970752
-0.0970911
-0.0971051
-0.0971042
-0.0970512
-0.0968725
-0.103184
-0.103082
-0.103038
-0.103009
-0.102981
-0.102955
-0.102933
-0.102914
-0.10287
-0.102742
-0.109039
-0.108993
-0.108967
-0.10893
-0.108878
-0.108823
-0.108784
-0.108764
-0.108743
-0.108667
-0.114862
-0.114883
-0.114884
-0.114845
-0.11477
-0.114688
-0.114637
-0.114633
-0.114655
-0.114636
-0.120658
-0.120772
-0.120809
-0.120765
-0.120657
-0.120539
-0.120474
-0.120499
-0.120598
-0.120667
-0.126429
-0.126679
-0.126767
-0.126708
-0.126541
-0.126356
-0.126263
-0.126339
-0.126571
-0.12683
-0.132177
-0.132636
-0.132793
-0.132696
-0.132422
-0.132112
-0.131956
-0.132097
-0.132557
-0.133272
-0.13792
-0.138698
-0.138942
-0.138767
-0.138303
-0.137769
-0.137468
-0.137652
-0.138467
-0.140422
-0.14371
-0.144961
-0.145309
-0.144983
-0.144205
-0.143291
-0.142697
-0.14285
-0.144415
-0.150003
-0.149684
-0.151602
-0.152051
-0.151461
-0.150186
-0.148648
-0.147448
-0.147292
-0.150285
-0.163072
-0.0262495
-0.028272
-0.029723
-0.0312997
-0.0332849
-0.0357952
-0.0388957
-0.0425721
-0.0485982
-0.0628346
-0.0345691
-0.0359692
-0.0372021
-0.0387285
-0.0407425
-0.0433178
-0.0464719
-0.0500494
-0.0547196
-0.0637258
-0.0428393
-0.0436844
-0.0446521
-0.0459858
-0.0477782
-0.0500246
-0.0526473
-0.0554124
-0.0583433
-0.0627103
-0.0508303
-0.0512328
-0.0519331
-0.0530048
-0.0544624
-0.056252
-0.0582498
-0.0602346
-0.0620238
-0.0639988
-0.0584291
-0.0585184
-0.0589805
-0.0597784
-0.060877
-0.0622042
-0.0636264
-0.0649601
-0.0660149
-0.0666456
-0.0656171
-0.0655101
-0.0657813
-0.0663327
-0.0671062
-0.0680268
-0.0689765
-0.0698161
-0.0703755
-0.0704082
-0.0724313
-0.0722221
-0.0723539
-0.0727048
-0.0732115
-0.0738103
-0.0744081
-0.0749052
-0.0751656
-0.0749527
-0.0789364
-0.0786926
-0.0787318
-0.0789328
-0.0792379
-0.0795987
-0.0799485
-0.0802197
-0.0803109
-0.0800241
-0.0852043
-0.0849691
-0.0849536
-0.0850508
-0.0852131
-0.0854079
-0.0855912
-0.0857201
-0.0857221
-0.0854432
-0.0913011
-0.0910991
-0.091057
-0.0910876
-0.091155
-0.09124
-0.0913173
-0.0913619
-0.0913234
-0.0910864
-0.0972811
-0.0971245
-0.0970757
-0.0970674
-0.0970751
-0.0970909
-0.0971048
-0.0971045
-0.0970549
-0.0968705
-0.103185
-0.10308
-0.103038
-0.10301
-0.102981
-0.102954
-0.102933
-0.102914
-0.102872
-0.102741
-0.10904
-0.108993
-0.108968
-0.108931
-0.108878
-0.108823
-0.108783
-0.108764
-0.108745
-0.108666
-0.114863
-0.114885
-0.114886
-0.114846
-0.11477
-0.114687
-0.114636
-0.114632
-0.114655
-0.114635
-0.120658
-0.120775
-0.120812
-0.120767
-0.120658
-0.120538
-0.120471
-0.120496
-0.120595
-0.120667
-0.126428
-0.126685
-0.126772
-0.126711
-0.126543
-0.126355
-0.12626
-0.126334
-0.126565
-0.126834
-0.132175
-0.132647
-0.1328
-0.132701
-0.132426
-0.132112
-0.131952
-0.132091
-0.132546
-0.133282
-0.137915
-0.138716
-0.138952
-0.138774
-0.138308
-0.13777
-0.137465
-0.137642
-0.138419
-0.140383
-0.143701
-0.14499
-0.145322
-0.144993
-0.144213
-0.143296
-0.142705
-0.142847
-0.144284
-0.149856
-0.149666
-0.151645
-0.152066
-0.151471
-0.150198
-0.148667
-0.147502
-0.147384
-0.150296
-0.163534
-0.0262495
-0.0282721
-0.029723
-0.0312997
-0.0332849
-0.0357952
-0.0388957
-0.0425722
-0.0485982
-0.0628346
-0.0345692
-0.0359693
-0.0372021
-0.0387285
-0.0407425
-0.0433179
-0.046472
-0.0500494
-0.0547196
-0.0637258
-0.0428393
-0.0436845
-0.0446521
-0.0459858
-0.0477782
-0.0500246
-0.0526473
-0.0554124
-0.0583433
-0.0627103
-0.0508303
-0.0512328
-0.0519331
-0.0530048
-0.0544625
-0.056252
-0.0582498
-0.0602346
-0.0620238
-0.0639989
-0.0584291
-0.0585184
-0.0589805
-0.0597784
-0.060877
-0.0622042
-0.0636264
-0.0649601
-0.0660149
-0.0666456
-0.0656171
-0.0655101
-0.0657813
-0.0663327
-0.0671062
-0.0680268
-0.0689765
-0.0698161
-0.0703755
-0.0704083
-0.0724313
-0.0722221
-0.0723539
-0.0727048
-0.0732115
-0.0738103
-0.0744081
-0.0749052
-0.0751656
-0.0749527
-0.0789364
-0.0786926
-0.0787318
-0.0789329
-0.0792379
-0.0795987
-0.0799485
-0.0802197
-0.0803109
-0.0800241
-0.0852043
-0.0849692
-0.0849536
-0.0850508
-0.0852132
-0.0854079
-0.0855912
-0.0857201
-0.0857221
-0.0854432
-0.0913011
-0.0910991
-0.091057
-0.0910876
-0.091155
-0.09124
-0.0913173
-0.0913619
-0.0913234
-0.0910864
-0.0972811
-0.0971245
-0.0970757
-0.0970674
-0.0970751
-0.0970909
-0.0971048
-0.0971045
-0.097055
-0.0968705
-0.103185
-0.10308
-0.103038
-0.10301
-0.102981
-0.102954
-0.102933
-0.102914
-0.102872
-0.102741
-0.10904
-0.108993
-0.108968
-0.108931
-0.108878
-0.108823
-0.108783
-0.108764
-0.108745
-0.108666
-0.114863
-0.114885
-0.114886
-0.114846
-0.11477
-0.114687
-0.114636
-0.114632
-0.114655
-0.114635
-0.120658
-0.120775
-0.120812
-0.120767
-0.120658
-0.120538
-0.120471
-0.120496
-0.120595
-0.120667
-0.126428
-0.126685
-0.126772
-0.126711
-0.126543
-0.126355
-0.12626
-0.126334
-0.126565
-0.126834
-0.132175
-0.132647
-0.1328
-0.132701
-0.132426
-0.132112
-0.131952
-0.132091
-0.132546
-0.133282
-0.137915
-0.138716
-0.138952
-0.138774
-0.138308
-0.13777
-0.137465
-0.137642
-0.138419
-0.140383
-0.143701
-0.14499
-0.145322
-0.144993
-0.144213
-0.143296
-0.142705
-0.142847
-0.144284
-0.149856
-0.149666
-0.151645
-0.152066
-0.151471
-0.150198
-0.148667
-0.147502
-0.147384
-0.150296
-0.163534
-0.0262682
-0.0282424
-0.0297179
-0.0312945
-0.0332704
-0.0357587
-0.0387952
-0.0424113
-0.048423
-0.0617966
-0.0345771
-0.0359477
-0.0371961
-0.0387227
-0.0407323
-0.0433004
-0.04643
-0.0500122
-0.0548358
-0.0636645
-0.0428401
-0.0436715
-0.0446477
-0.0459827
-0.0477751
-0.0500228
-0.052642
-0.0554176
-0.0584297
-0.0627401
-0.0508269
-0.051227
-0.0519302
-0.0530031
-0.0544615
-0.0562522
-0.0582488
-0.0602334
-0.0620432
-0.0639887
-0.0584237
-0.0585179
-0.0589789
-0.0597774
-0.0608766
-0.0622048
-0.0636275
-0.0649609
-0.0660164
-0.0666424
-0.0656112
-0.0655129
-0.0657807
-0.0663325
-0.0671068
-0.0680279
-0.0689783
-0.0698178
-0.0703718
-0.0704121
-0.0724257
-0.0722265
-0.0723539
-0.0727048
-0.0732123
-0.0738111
-0.0744095
-0.0749057
-0.0751587
-0.0749579
-0.0789317
-0.0786975
-0.0787321
-0.0789329
-0.0792385
-0.0795992
-0.0799494
-0.0802195
-0.0803036
-0.0800289
-0.0852006
-0.0849737
-0.084954
-0.0850508
-0.0852136
-0.0854082
-0.0855917
-0.0857196
-0.0857158
-0.085447
-0.0912983
-0.0911028
-0.0910573
-0.0910876
-0.0911553
-0.0912402
-0.0913177
-0.0913615
-0.0913184
-0.0910893
-0.0972791
-0.0971273
-0.0970757
-0.0970672
-0.0970752
-0.0970911
-0.0971052
-0.0971042
-0.0970512
-0.0968725
-0.103184
-0.103082
-0.103038
-0.103009
-0.102981
-0.102955
-0.102933
-0.102914
-0.10287
-0.102742
-0.109039
-0.108993
-0.108967
-0.10893
-0.108878
-0.108823
-0.108784
-0.108764
-0.108743
-0.108667
-0.114862
-0.114883
-0.114884
-0.114845
-0.11477
-0.114688
-0.114637
-0.114633
-0.114655
-0.114636
-0.120658
-0.120772
-0.120809
-0.120765
-0.120657
-0.120539
-0.120474
-0.120499
-0.120598
-0.120667
-0.126429
-0.126679
-0.126767
-0.126708
-0.126541
-0.126356
-0.126263
-0.126339
-0.126571
-0.12683
-0.132177
-0.132636
-0.132793
-0.132696
-0.132422
-0.132112
-0.131956
-0.132097
-0.132557
-0.133272
-0.13792
-0.138698
-0.138942
-0.138767
-0.138303
-0.137769
-0.137468
-0.137652
-0.138467
-0.140422
-0.14371
-0.144961
-0.145309
-0.144983
-0.144205
-0.143291
-0.142697
-0.14285
-0.144415
-0.150003
-0.149684
-0.151602
-0.152051
-0.151461
-0.150186
-0.148648
-0.147448
-0.147292
-0.150285
-0.163072
)
;

boundaryField
{
    carasuperior
    {
        type            zeroGradient;
    }
    lateralizquierda
    {
        type            zeroGradient;
    }
    lateralderecha
    {
        type            zeroGradient;
    }
    carainferior
    {
        type            zeroGradient;
    }
    carainteriores
    {
        type            zeroGradient;
    }
    defaultFaces
    {
        type            empty;
    }
}


// ************************************************************************* //
