/*--------------------------------*- C++ -*----------------------------------*\
| =========                 |                                                 |
| \\      /  F ield         | OpenFOAM: The Open Source CFD Toolbox           |
|  \\    /   O peration     | Version:  2.4.0                                 |
|   \\  /    A nd           | Web:      www.OpenFOAM.org                      |
|    \\/     M anipulation  |                                                 |
\*---------------------------------------------------------------------------*/
FoamFile
{
    version     2.0;
    format      ascii;
    class       volScalarField;
    location    "4.9";
    object      p;
}
// * * * * * * * * * * * * * * * * * * * * * * * * * * * * * * * * * * * * * //

dimensions      [0 2 -2 0 0 0 0];

internalField   nonuniform List<scalar> 
4800
(
4.03231e-06
-0.00159685
-0.00328258
-0.00453343
-0.00502439
-0.0046038
-0.00322434
-0.000889575
0.00235583
0.00641618
0.0016032
-3.06636e-05
-0.00122871
-0.00194391
-0.00205243
-0.00144399
-7.08454e-05
0.00208369
0.00501015
0.00866216
0.00332877
0.00111754
-8.85018e-05
-0.000647854
-0.000629947
2.37548e-05
0.00134491
0.00336091
0.00609404
0.00954142
0.00449908
0.00162983
0.000248861
-0.000325962
-0.000323628
0.000270197
0.0014757
0.00333887
0.00592657
0.00929618
0.00456011
0.00116846
-0.000398269
-0.00106294
-0.00117073
-0.000733495
0.000275307
0.0019407
0.00440217
0.00782501
0.00314314
-0.000560104
-0.00227956
-0.00308505
-0.00339117
-0.00321629
-0.00250492
-0.00110576
0.00123522
0.00489634
6.88766e-05
-0.00370464
-0.00552139
-0.00650388
-0.00709273
-0.00729749
-0.00701319
-0.00599609
-0.00383123
0.000292406
-0.00466516
-0.0082687
-0.0101185
-0.0113028
-0.012253
-0.0129647
-0.0132738
-0.0128326
-0.0110494
-0.00626448
-0.0108951
-0.014115
-0.015932
-0.0173258
-0.0186938
-0.0200264
-0.0211065
-0.0214869
-0.0204798
-0.0148624
-0.0183055
-0.020983
-0.0227029
-0.0242839
-0.0260801
-0.0281121
-0.0301774
-0.0318336
-0.0328393
-0.02846
4.87265e-06
-0.00161774
-0.003314
-0.00457382
-0.00507013
-0.00465177
-0.00327245
-0.000935807
0.00231383
0.00638106
0.00162101
-3.52471e-05
-0.00121132
-0.00191635
-0.00201977
-0.00140813
-3.48791e-05
0.00211712
0.00503948
0.00868746
0.00335932
0.00109149
-8.9684e-05
-0.000646752
-0.000631295
2.24919e-05
0.00134351
0.00335882
0.00609115
0.00953965
0.00454351
0.0015931
0.0002491
-0.000322629
-0.000324555
0.000268772
0.00147379
0.00333573
0.0059211
0.00929136
0.0046145
0.00112529
-0.000393198
-0.00105215
-0.00116417
-0.000727243
0.000280887
0.001944
0.00439875
0.00781825
0.00320268
-0.000607837
-0.00227292
-0.00307131
-0.00338163
-0.00320682
-0.00249567
-0.00109831
0.00122929
0.00487745
0.000129502
-0.00375349
-0.00551426
-0.00648884
-0.00708126
-0.00728561
-0.00700006
-0.00598037
-0.00383902
0.000244394
-0.00461013
-0.00831574
-0.010112
-0.0112882
-0.012241
-0.0129526
-0.0132601
-0.0128083
-0.0110725
-0.00643162
-0.0108495
-0.0141577
-0.0159275
-0.0173136
-0.0186826
-0.0200144
-0.0210903
-0.0214303
-0.0204629
-0.0152376
-0.0182724
-0.0210199
-0.0227021
-0.0242769
-0.0260727
-0.0281013
-0.0301546
-0.0316927
-0.0325097
-0.0285734
5.04882e-06
-0.00161764
-0.00331391
-0.00457374
-0.00507007
-0.00465172
-0.00327242
-0.000935778
0.00231386
0.00638108
0.00162112
-3.51575e-05
-0.00121123
-0.00191628
-0.00201971
-0.00140808
-3.48408e-05
0.00211715
0.0050395
0.00868748
0.00335941
0.00109157
-8.96038e-05
-0.000646684
-0.000631238
2.25382e-05
0.00134355
0.00335885
0.00609118
0.00953967
0.00454359
0.00159317
0.000249166
-0.000322572
-0.000324506
0.000268813
0.00147383
0.00333576
0.00592112
0.00929138
0.00461455
0.00112535
-0.000393146
-0.0010521
-0.00116413
-0.000727208
0.000280917
0.00194402
0.00439877
0.00781826
0.00320272
-0.000607793
-0.00227288
-0.00307127
-0.00338159
-0.00320679
-0.00249565
-0.00109829
0.00122931
0.00487747
0.000129537
-0.00375346
-0.00551423
-0.00648881
-0.00708123
-0.00728559
-0.00700004
-0.00598035
-0.00383901
0.000244408
-0.0046101
-0.00831571
-0.0101119
-0.0112881
-0.012241
-0.0129526
-0.0132601
-0.0128083
-0.0110725
-0.00643161
-0.0108494
-0.0141577
-0.0159275
-0.0173136
-0.0186826
-0.0200143
-0.0210903
-0.0214302
-0.0204629
-0.0152376
-0.0182724
-0.0210199
-0.0227021
-0.0242769
-0.0260727
-0.0281013
-0.0301546
-0.0316927
-0.0325097
-0.0285734
6.22205e-06
-0.00159623
-0.00328226
-0.00453321
-0.00502423
-0.00460368
-0.00322424
-0.000889499
0.00235589
0.00641623
0.00160383
-3.02925e-05
-0.00122843
-0.00194369
-0.00205226
-0.00144386
-7.07459e-05
0.00208376
0.00501022
0.00866221
0.00332909
0.00111782
-8.8266e-05
-0.000647665
-0.000629795
2.38772e-05
0.00134501
0.00336099
0.00609411
0.00954148
0.0044993
0.00163004
0.000249046
-0.000325806
-0.000323496
0.000270307
0.00147579
0.00333895
0.00592663
0.00929623
0.00456026
0.00116862
-0.000398128
-0.00106282
-0.00117062
-0.000733401
0.000275386
0.00194077
0.00440223
0.00782506
0.00314325
-0.000559986
-0.00227945
-0.00308495
-0.00339108
-0.00321621
-0.00250485
-0.0011057
0.00123527
0.00489638
6.89614e-05
-0.00370455
-0.00552131
-0.0065038
-0.00709265
-0.00729742
-0.00701314
-0.00599604
-0.00383119
0.000292442
-0.00466509
-0.00826863
-0.0101184
-0.0113027
-0.0122529
-0.0129647
-0.0132738
-0.0128325
-0.0110494
-0.00626445
-0.0108951
-0.014115
-0.015932
-0.0173258
-0.0186937
-0.0200264
-0.0211064
-0.0214869
-0.0204798
-0.0148624
-0.0183055
-0.0209829
-0.0227029
-0.0242839
-0.0260801
-0.0281121
-0.0301773
-0.0318335
-0.0328392
-0.02846
0.0111386
0.0163356
0.021838
0.0275179
0.0332903
0.0391057
0.0449403
0.0507886
0.0566586
0.0625705
0.0685571
0.0746642
0.0809515
0.0874904
0.0943575
0.101622
0.109322
0.117441
0.12586
0.134339
0.0129431
0.0177153
0.0228487
0.0282357
0.0337935
0.0394642
0.0452115
0.051017
0.0568769
0.0628008
0.0688101
0.0749374
0.0812254
0.0877236
0.0944825
0.101543
0.108923
0.116588
0.124442
0.13229
0.0136382
0.0182459
0.0232416
0.0285219
0.0340028
0.039622
0.0453378
0.0511256
0.0569754
0.0628899
0.0688824
0.0749764
0.0812034
0.0876012
0.0942097
0.101065
0.108186
0.115562
0.123126
0.130733
0.0134079
0.01806
0.0231065
0.0284357
0.0339579
0.0396093
0.045348
0.0511488
0.0569997
0.062899
0.0688539
0.0748791
0.0809965
0.0872349
0.0936291
0.10022
0.107046
0.114139
0.121494
0.129039
0.0122085
0.0171545
0.0224607
0.0280019
0.033684
0.0394491
0.0452636
0.0511091
0.0569763
0.0628624
0.068769
0.0747021
0.0806724
0.0866979
0.0928078
0.0990492
0.10549
0.112219
0.119332
0.126897
0.0099895
0.0155831
0.0213959
0.027315
0.0332612
0.0392025
0.0451292
0.0510392
0.0569321
0.0628067
0.0686599
0.0744879
0.080288
0.0860631
0.0918304
0.0976374
0.10358
0.109813
0.116569
0.124192
0.00688274
0.0136141
0.020184
0.0266005
0.0328561
0.038984
0.0450207
0.0509904
0.0569054
0.0627669
0.0685672
0.0742911
0.0799189
0.0854325
0.0908264
0.0961315
0.101459
0.107022
0.113216
0.1209
0.00330489
0.0117766
0.0192579
0.0261688
0.032671
0.0389181
0.0450132
0.0510094
0.0569291
0.0627736
0.0685281
0.0741639
0.0796418
0.0849165
0.0899471
0.0947282
0.0993646
0.104084
0.109408
0.117005
0.00130776
0.0117568
0.0195609
0.0265021
0.032944
0.0391208
0.0451667
0.0511343
0.0570379
0.0628688
0.0686004
0.0741882
0.0795699
0.0846652
0.0893789
0.0936333
0.0974787
0.100933
0.104351
0.110655
0.00585926
0.0170922
0.0227396
0.0282729
0.033937
0.0396962
0.0455314
0.0514058
0.0572829
0.0631254
0.0688874
0.0745049
0.0798869
0.0849023
0.0893636
0.0930078
0.0954796
0.096484
0.0952154
0.0967446
0.0111121
0.0163171
0.0218258
0.0275101
0.0332855
0.0391027
0.0449382
0.0507868
0.0566567
0.0625682
0.068554
0.0746601
0.0809464
0.0874844
0.094351
0.101616
0.109318
0.117442
0.125868
0.134359
0.0129655
0.017734
0.0228635
0.028247
0.033802
0.0394706
0.0452166
0.0510213
0.0568812
0.0628053
0.0688151
0.0749429
0.0812311
0.0877288
0.0944859
0.101543
0.108917
0.116575
0.12442
0.132259
0.0136409
0.0182507
0.0232469
0.0285269
0.0340071
0.0396254
0.0453404
0.0511276
0.056977
0.0628912
0.0688835
0.0749773
0.081204
0.0876015
0.0942094
0.101063
0.108183
0.115557
0.12312
0.130728
0.0134123
0.0180671
0.0231135
0.0284419
0.0339629
0.039613
0.0453506
0.0511506
0.0570009
0.0628999
0.0688545
0.0748795
0.0809969
0.0872351
0.0936291
0.100219
0.107045
0.114136
0.121488
0.129034
0.0122204
0.0171679
0.0224716
0.0280104
0.03369
0.039453
0.0452662
0.0511107
0.0569773
0.0628631
0.0687697
0.0747027
0.0806732
0.0866988
0.0928086
0.0990492
0.105489
0.112216
0.119321
0.126882
0.010015
0.0156049
0.0214096
0.0273241
0.0332666
0.0392053
0.0451306
0.0510398
0.0569324
0.0628068
0.0686601
0.0744882
0.0802885
0.086064
0.0918316
0.0976381
0.10358
0.109812
0.116551
0.124154
0.0069504
0.0136589
0.0202047
0.0266113
0.0328607
0.0389855
0.0450209
0.0509902
0.0569051
0.0627667
0.0685673
0.0742914
0.0799196
0.0854338
0.0908282
0.0961324
0.101458
0.107016
0.113173
0.120796
0.00341977
0.0118234
0.0192675
0.0261725
0.0326706
0.0389162
0.0450114
0.0510079
0.0569279
0.0627726
0.0685272
0.0741632
0.0796414
0.0849169
0.0899486
0.0947287
0.0993632
0.104089
0.10937
0.116839
0.00145126
0.0116932
0.0194896
0.0264716
0.0329281
0.0391112
0.0451606
0.0511297
0.0570335
0.0628639
0.0685944
0.074181
0.0795618
0.0846576
0.0893745
0.0936343
0.0974978
0.101022
0.104472
0.110476
0.0067004
0.0172357
0.0227501
0.0282959
0.033952
0.0397032
0.0455354
0.0514087
0.0572854
0.0631282
0.0688908
0.0745093
0.0798922
0.0849081
0.089368
0.0930052
0.0954702
0.0965152
0.0951537
0.0956794
0.0111121
0.0163171
0.0218258
0.0275101
0.0332855
0.0391027
0.0449382
0.0507868
0.0566567
0.0625682
0.068554
0.0746601
0.0809464
0.0874844
0.094351
0.101616
0.109318
0.117442
0.125868
0.134359
0.0129655
0.017734
0.0228635
0.028247
0.033802
0.0394706
0.0452166
0.0510213
0.0568812
0.0628053
0.0688151
0.0749429
0.0812311
0.0877288
0.0944859
0.101543
0.108917
0.116575
0.12442
0.132259
0.0136409
0.0182507
0.0232469
0.0285269
0.0340071
0.0396254
0.0453404
0.0511276
0.056977
0.0628912
0.0688835
0.0749773
0.081204
0.0876015
0.0942094
0.101063
0.108183
0.115557
0.12312
0.130728
0.0134123
0.0180671
0.0231135
0.0284419
0.0339629
0.039613
0.0453506
0.0511506
0.0570009
0.0628999
0.0688545
0.0748795
0.0809969
0.0872351
0.0936291
0.100219
0.107045
0.114136
0.121488
0.129034
0.0122204
0.0171679
0.0224716
0.0280104
0.03369
0.039453
0.0452662
0.0511107
0.0569773
0.0628631
0.0687697
0.0747027
0.0806732
0.0866988
0.0928086
0.0990492
0.105489
0.112216
0.119321
0.126882
0.010015
0.0156049
0.0214096
0.0273241
0.0332666
0.0392053
0.0451306
0.0510398
0.0569324
0.0628068
0.0686601
0.0744882
0.0802885
0.086064
0.0918316
0.0976381
0.10358
0.109812
0.116551
0.124154
0.00695041
0.0136589
0.0202047
0.0266113
0.0328607
0.0389855
0.0450209
0.0509902
0.0569051
0.0627667
0.0685673
0.0742914
0.0799196
0.0854338
0.0908282
0.0961324
0.101458
0.107016
0.113173
0.120796
0.00341978
0.0118234
0.0192675
0.0261725
0.0326706
0.0389162
0.0450114
0.0510079
0.0569279
0.0627726
0.0685272
0.0741632
0.0796414
0.0849169
0.0899486
0.0947287
0.0993632
0.104089
0.10937
0.116839
0.00145127
0.0116932
0.0194896
0.0264716
0.0329282
0.0391112
0.0451606
0.0511297
0.0570335
0.0628639
0.0685944
0.074181
0.0795618
0.0846576
0.0893745
0.0936343
0.0974978
0.101022
0.104472
0.110476
0.00670041
0.0172358
0.0227501
0.0282959
0.033952
0.0397032
0.0455354
0.0514087
0.0572854
0.0631282
0.0688908
0.0745093
0.0798922
0.0849081
0.089368
0.0930052
0.0954702
0.0965152
0.0951537
0.0956794
0.0111386
0.0163357
0.0218381
0.0275179
0.0332903
0.0391057
0.0449403
0.0507886
0.0566586
0.0625705
0.0685571
0.0746642
0.0809515
0.0874904
0.0943575
0.101622
0.109322
0.117441
0.12586
0.134339
0.0129432
0.0177153
0.0228487
0.0282357
0.0337935
0.0394642
0.0452115
0.051017
0.0568769
0.0628008
0.0688101
0.0749374
0.0812254
0.0877236
0.0944825
0.101543
0.108923
0.116588
0.124442
0.13229
0.0136382
0.0182459
0.0232416
0.0285219
0.0340028
0.039622
0.0453378
0.0511256
0.0569754
0.0628899
0.0688824
0.0749764
0.0812034
0.0876012
0.0942098
0.101065
0.108186
0.115562
0.123126
0.130733
0.0134079
0.01806
0.0231065
0.0284357
0.0339579
0.0396093
0.045348
0.0511488
0.0569997
0.062899
0.0688539
0.0748791
0.0809965
0.0872349
0.0936291
0.10022
0.107046
0.114139
0.121494
0.129039
0.0122085
0.0171545
0.0224607
0.0280019
0.033684
0.0394491
0.0452636
0.0511091
0.0569763
0.0628624
0.068769
0.0747021
0.0806724
0.0866979
0.0928078
0.0990492
0.10549
0.112219
0.119332
0.126897
0.00998953
0.0155832
0.0213959
0.027315
0.0332612
0.0392025
0.0451292
0.0510392
0.0569321
0.0628067
0.0686599
0.074488
0.080288
0.0860631
0.0918304
0.0976374
0.10358
0.109813
0.116569
0.124192
0.00688277
0.0136142
0.020184
0.0266005
0.0328561
0.0389841
0.0450208
0.0509905
0.0569054
0.0627669
0.0685672
0.0742911
0.0799189
0.0854325
0.0908264
0.0961315
0.101459
0.107022
0.113216
0.1209
0.00330491
0.0117766
0.0192579
0.0261689
0.032671
0.0389181
0.0450132
0.0510094
0.0569291
0.0627736
0.0685281
0.0741639
0.0796418
0.0849165
0.0899471
0.0947282
0.0993646
0.104084
0.109408
0.117005
0.00130779
0.0117568
0.0195609
0.0265021
0.032944
0.0391208
0.0451667
0.0511343
0.0570379
0.0628689
0.0686004
0.0741882
0.0795699
0.0846652
0.0893789
0.0936333
0.0974787
0.100933
0.104351
0.110655
0.00585929
0.0170923
0.0227396
0.0282729
0.033937
0.0396962
0.0455314
0.0514058
0.0572829
0.0631254
0.0688874
0.0745049
0.0798869
0.0849023
0.0893636
0.0930078
0.0954796
0.096484
0.0952155
0.0967446
0.142509
0.149921
0.156154
0.160892
0.16397
0.165391
0.165332
0.164163
0.162437
0.160838
0.139834
0.146703
0.152552
0.157119
0.160266
0.161998
0.162461
0.16195
0.160801
0.159234
0.138114
0.144886
0.150702
0.155302
0.158547
0.160431
0.16108
0.160744
0.159603
0.157547
0.136533
0.143492
0.149517
0.154319
0.157741
0.159766
0.160506
0.160185
0.158888
0.156296
0.134736
0.142123
0.148565
0.153729
0.157434
0.159659
0.16051
0.160205
0.158782
0.155806
0.132704
0.140788
0.147851
0.153522
0.157609
0.160097
0.161105
0.160862
0.159394
0.15623
0.130637
0.139706
0.147539
0.153804
0.158319
0.161107
0.162314
0.162188
0.160773
0.157615
0.12898
0.139321
0.147976
0.154818
0.159717
0.162774
0.164182
0.164211
0.162936
0.159959
0.127972
0.140322
0.149752
0.156978
0.162057
0.165239
0.166777
0.166955
0.165876
0.163219
0.132346
0.145926
0.154525
0.161093
0.165716
0.168665
0.170156
0.170417
0.169547
0.167302
0.142542
0.149967
0.156209
0.160952
0.164029
0.165445
0.165376
0.164193
0.162454
0.160836
0.139797
0.14666
0.152504
0.15707
0.160219
0.161955
0.162424
0.161924
0.160797
0.159212
0.138115
0.144891
0.150708
0.155309
0.158553
0.160436
0.16108
0.160742
0.15962
0.157515
0.13654
0.143504
0.149531
0.154334
0.157755
0.159777
0.160509
0.160186
0.158916
0.156255
0.134744
0.142134
0.148577
0.15374
0.157444
0.159666
0.160509
0.160203
0.158814
0.15576
0.132714
0.1408
0.147863
0.153534
0.157618
0.160103
0.161104
0.16086
0.15943
0.156181
0.13066
0.139722
0.147553
0.153817
0.158328
0.161113
0.162312
0.162186
0.160809
0.157566
0.12912
0.139378
0.148
0.154833
0.159725
0.162778
0.164179
0.164209
0.16297
0.159912
0.128301
0.140338
0.149729
0.15697
0.162051
0.165235
0.166771
0.166952
0.165905
0.163177
0.132233
0.145551
0.154358
0.161045
0.165697
0.168658
0.170151
0.170415
0.169572
0.167267
0.142542
0.149967
0.156209
0.160952
0.164029
0.165445
0.165376
0.164193
0.162454
0.160836
0.139797
0.14666
0.152504
0.15707
0.160219
0.161955
0.162424
0.161924
0.160797
0.159212
0.138115
0.144891
0.150708
0.155309
0.158553
0.160436
0.16108
0.160742
0.15962
0.157515
0.13654
0.143504
0.149531
0.154334
0.157755
0.159777
0.160509
0.160186
0.158916
0.156255
0.134744
0.142134
0.148577
0.15374
0.157444
0.159666
0.160509
0.160203
0.158814
0.15576
0.132714
0.1408
0.147863
0.153534
0.157618
0.160103
0.161104
0.16086
0.15943
0.156181
0.13066
0.139722
0.147553
0.153817
0.158328
0.161113
0.162312
0.162186
0.160809
0.157566
0.12912
0.139378
0.148
0.154833
0.159725
0.162778
0.164179
0.164209
0.16297
0.159912
0.128301
0.140338
0.149729
0.15697
0.162051
0.165235
0.166771
0.166952
0.165905
0.163177
0.132233
0.145551
0.154358
0.161045
0.165697
0.168658
0.170151
0.170415
0.169572
0.167267
0.142509
0.149921
0.156154
0.160892
0.16397
0.165391
0.165332
0.164163
0.162437
0.160838
0.139834
0.146703
0.152552
0.157119
0.160266
0.161998
0.162461
0.16195
0.160801
0.159234
0.138114
0.144886
0.150702
0.155302
0.158547
0.160431
0.16108
0.160744
0.159603
0.157547
0.136533
0.143492
0.149517
0.154319
0.157741
0.159766
0.160506
0.160185
0.158888
0.156296
0.134736
0.142123
0.148565
0.153729
0.157434
0.159659
0.16051
0.160205
0.158782
0.155806
0.132704
0.140788
0.147851
0.153522
0.157609
0.160097
0.161105
0.160862
0.159394
0.15623
0.130637
0.139706
0.147539
0.153804
0.158319
0.161107
0.162314
0.162188
0.160773
0.157615
0.12898
0.139321
0.147976
0.154818
0.159717
0.162774
0.164182
0.164211
0.162936
0.159959
0.127972
0.140322
0.149752
0.156978
0.162057
0.165239
0.166777
0.166955
0.165876
0.163219
0.132346
0.145926
0.154525
0.161093
0.165716
0.168665
0.170156
0.170417
0.169547
0.167302
0.166616
0.162064
0.164072
0.167671
0.170805
0.173053
0.17428
0.174532
0.173853
0.172056
0.177788
0.172471
0.172515
0.174386
0.176394
0.178005
0.178947
0.179164
0.178657
0.177297
0.18337
0.18023
0.179966
0.180938
0.182201
0.183318
0.184011
0.184186
0.183829
0.182856
0.18883
0.187125
0.186847
0.187337
0.188115
0.188865
0.189356
0.189494
0.189258
0.188603
0.194417
0.193527
0.193327
0.193582
0.194058
0.19455
0.194889
0.194995
0.194853
0.19445
0.200105
0.199681
0.199572
0.199712
0.200001
0.200314
0.200539
0.200617
0.200545
0.200334
0.205897
0.205743
0.205701
0.205776
0.205938
0.206119
0.206251
0.206301
0.206276
0.206211
0.211781
0.211803
0.211794
0.211815
0.211873
0.21194
0.211985
0.211997
0.211997
0.212046
0.217784
0.217913
0.21791
0.217864
0.217813
0.21776
0.217705
0.21766
0.217662
0.217793
0.223944
0.224134
0.2241
0.223957
0.223767
0.223564
0.22338
0.223247
0.223221
0.223402
0.230327
0.230527
0.230413
0.230121
0.229742
0.229338
0.228977
0.228714
0.22862
0.228809
0.237025
0.237159
0.236895
0.236385
0.235744
0.235071
0.234469
0.23402
0.233804
0.233937
0.244157
0.244099
0.243587
0.242767
0.241775
0.240749
0.23983
0.239126
0.238719
0.238703
0.251864
0.251406
0.250511
0.249272
0.247829
0.246361
0.245047
0.244012
0.243324
0.243021
0.260325
0.25909
0.257644
0.255867
0.253879
0.251898
0.25012
0.248682
0.24761
0.246821
0.269652
0.26712
0.26487
0.262444
0.259858
0.257341
0.255079
0.253186
0.251611
0.25009
0.279901
0.275163
0.271844
0.268737
0.265606
0.262645
0.259973
0.257637
0.255446
0.252874
0.29075
0.28246
0.277863
0.274223
0.270804
0.2677
0.264871
0.26222
0.259345
0.255345
0.302191
0.288024
0.281756
0.277958
0.274841
0.272242
0.269814
0.267202
0.263685
0.257851
0.313168
0.288268
0.280324
0.277772
0.27646
0.275703
0.274759
0.272926
0.269033
0.260997
0.167457
0.162207
0.164187
0.167739
0.170831
0.173065
0.174284
0.174535
0.173875
0.17203
0.177931
0.172408
0.172562
0.174431
0.176416
0.178019
0.178954
0.179168
0.178676
0.177279
0.18338
0.180159
0.179975
0.180959
0.182215
0.183328
0.184017
0.184191
0.183844
0.182844
0.188853
0.187096
0.186851
0.187348
0.188124
0.188873
0.189362
0.189498
0.189268
0.188596
0.194431
0.193513
0.193327
0.193586
0.194064
0.194556
0.194894
0.194999
0.19486
0.194446
0.200111
0.199675
0.199571
0.199713
0.200004
0.200318
0.200542
0.20062
0.200548
0.200332
0.205899
0.205741
0.2057
0.205776
0.20594
0.206121
0.206254
0.206303
0.206278
0.206211
0.211781
0.211804
0.211793
0.211815
0.211874
0.211941
0.211987
0.211998
0.211996
0.212048
0.217782
0.217916
0.217909
0.217864
0.217814
0.21776
0.217706
0.21766
0.21766
0.217796
0.22394
0.224139
0.2241
0.223956
0.223767
0.223564
0.22338
0.223247
0.223217
0.223406
0.230322
0.230533
0.230412
0.23012
0.229741
0.229338
0.228978
0.228714
0.228616
0.228814
0.23702
0.237163
0.236893
0.236383
0.235743
0.23507
0.234469
0.23402
0.2338
0.233943
0.244151
0.2441
0.243584
0.242765
0.241774
0.240748
0.23983
0.239127
0.238717
0.238708
0.251859
0.2514
0.250507
0.249269
0.247826
0.24636
0.245047
0.244013
0.243326
0.243025
0.260324
0.259071
0.257638
0.255864
0.253876
0.251896
0.25012
0.248685
0.24762
0.246822
0.269665
0.267082
0.264862
0.262441
0.259854
0.257339
0.255079
0.253191
0.251632
0.250085
0.279953
0.275094
0.271838
0.268736
0.2656
0.262644
0.259974
0.257645
0.255485
0.252859
0.290815
0.282286
0.27784
0.274221
0.270796
0.2677
0.264873
0.262233
0.25941
0.255316
0.302306
0.2877
0.281762
0.278001
0.274856
0.272255
0.269823
0.267224
0.263783
0.257802
0.314498
0.288377
0.280619
0.277956
0.276528
0.275737
0.274775
0.272956
0.269176
0.26092
0.167457
0.162207
0.164187
0.167739
0.170831
0.173065
0.174284
0.174535
0.173875
0.17203
0.177931
0.172408
0.172562
0.174431
0.176416
0.178019
0.178954
0.179168
0.178676
0.177279
0.18338
0.180159
0.179975
0.180959
0.182215
0.183328
0.184017
0.184191
0.183844
0.182844
0.188853
0.187096
0.186851
0.187348
0.188124
0.188873
0.189362
0.189498
0.189268
0.188596
0.194431
0.193513
0.193327
0.193586
0.194064
0.194556
0.194894
0.194999
0.19486
0.194446
0.200111
0.199675
0.199571
0.199713
0.200004
0.200318
0.200542
0.20062
0.200548
0.200332
0.205899
0.205741
0.2057
0.205776
0.20594
0.206121
0.206254
0.206303
0.206278
0.206211
0.211781
0.211804
0.211793
0.211815
0.211874
0.211941
0.211987
0.211998
0.211996
0.212048
0.217782
0.217916
0.217909
0.217864
0.217814
0.21776
0.217706
0.21766
0.21766
0.217796
0.22394
0.224139
0.2241
0.223956
0.223767
0.223564
0.22338
0.223247
0.223217
0.223406
0.230322
0.230533
0.230412
0.23012
0.229741
0.229338
0.228978
0.228714
0.228616
0.228814
0.23702
0.237163
0.236893
0.236383
0.235743
0.23507
0.234469
0.23402
0.2338
0.233943
0.244151
0.2441
0.243584
0.242765
0.241774
0.240748
0.23983
0.239127
0.238717
0.238708
0.251859
0.2514
0.250507
0.249269
0.247826
0.24636
0.245047
0.244013
0.243326
0.243025
0.260324
0.259071
0.257638
0.255864
0.253876
0.251896
0.25012
0.248685
0.24762
0.246822
0.269665
0.267082
0.264862
0.262441
0.259854
0.257339
0.255079
0.253191
0.251632
0.250085
0.279953
0.275094
0.271838
0.268736
0.2656
0.262644
0.259974
0.257645
0.255485
0.252859
0.290815
0.282286
0.27784
0.274221
0.270796
0.2677
0.264873
0.262233
0.25941
0.255316
0.302306
0.2877
0.281762
0.278001
0.274856
0.272255
0.269823
0.267224
0.263783
0.257802
0.314498
0.288377
0.280619
0.277956
0.276528
0.275737
0.274775
0.272956
0.269176
0.26092
0.166616
0.162064
0.164072
0.167671
0.170805
0.173053
0.17428
0.174532
0.173853
0.172056
0.177788
0.172471
0.172515
0.174386
0.176394
0.178005
0.178947
0.179164
0.178657
0.177297
0.18337
0.18023
0.179966
0.180938
0.182201
0.183318
0.184011
0.184186
0.183829
0.182856
0.18883
0.187125
0.186847
0.187337
0.188115
0.188865
0.189356
0.189494
0.189258
0.188603
0.194417
0.193527
0.193327
0.193582
0.194058
0.19455
0.194889
0.194995
0.194853
0.19445
0.200105
0.199681
0.199572
0.199712
0.200001
0.200314
0.200539
0.200617
0.200545
0.200334
0.205897
0.205743
0.205701
0.205776
0.205938
0.206119
0.206251
0.206301
0.206276
0.206211
0.211781
0.211803
0.211794
0.211815
0.211873
0.21194
0.211985
0.211997
0.211997
0.212046
0.217784
0.217913
0.21791
0.217864
0.217813
0.21776
0.217705
0.21766
0.217662
0.217793
0.223944
0.224134
0.2241
0.223957
0.223767
0.223564
0.22338
0.223247
0.223221
0.223402
0.230327
0.230527
0.230413
0.230121
0.229742
0.229338
0.228977
0.228714
0.22862
0.228809
0.237025
0.237159
0.236895
0.236385
0.235744
0.235071
0.234469
0.23402
0.233804
0.233937
0.244157
0.244099
0.243587
0.242767
0.241775
0.240749
0.23983
0.239126
0.238719
0.238703
0.251864
0.251406
0.250511
0.249272
0.247829
0.246361
0.245047
0.244012
0.243324
0.243021
0.260325
0.25909
0.257644
0.255867
0.253879
0.251898
0.25012
0.248682
0.24761
0.246821
0.269652
0.26712
0.26487
0.262444
0.259858
0.257341
0.255079
0.253186
0.251611
0.25009
0.279901
0.275163
0.271844
0.268737
0.265606
0.262645
0.259973
0.257637
0.255446
0.252874
0.29075
0.28246
0.277863
0.274223
0.270804
0.2677
0.264871
0.26222
0.259345
0.255345
0.302191
0.288024
0.281756
0.277958
0.274841
0.272242
0.269814
0.267202
0.263685
0.257851
0.313168
0.288268
0.280324
0.277772
0.27646
0.275703
0.274759
0.272926
0.269033
0.260997
0.252751
0.261357
0.266579
0.270676
0.274236
0.277484
0.279699
0.279882
0.276244
0.265772
0.223626
0.239427
0.250647
0.260196
0.269281
0.277938
0.28502
0.288861
0.286585
0.273748
0.206146
0.221466
0.234825
0.248329
0.262797
0.277777
0.291433
0.30102
0.301894
0.287384
0.192637
0.206475
0.220674
0.237109
0.256558
0.278393
0.300251
0.318126
0.324866
0.310621
0.182813
0.195475
0.210161
0.228937
0.252951
0.281923
0.313524
0.342752
0.359478
0.349925
0.176924
0.18928
0.204804
0.225909
0.254376
0.290784
0.333729
0.378189
0.411316
0.415398
0.174779
0.187885
0.205005
0.228927
0.262192
0.306668
0.36292
0.427642
0.486877
0.521357
0.17549
0.19008
0.209362
0.236518
0.275002
0.328453
0.400532
0.491319
0.591102
0.694968
0.177433
0.19314
0.213861
0.243065
0.28517
0.346069
0.434069
0.557399
0.72624
1.0061
0.178783
0.193998
0.213531
0.240756
0.28036
0.339697
0.432755
0.587057
0.873422
1.49054
0.253091
0.260895
0.266452
0.270666
0.274234
0.277493
0.279704
0.279916
0.27644
0.26566
0.224045
0.239351
0.250581
0.260161
0.269259
0.277932
0.285012
0.288898
0.286848
0.273595
0.206401
0.221483
0.234792
0.248287
0.262757
0.27775
0.291402
0.301054
0.302234
0.287188
0.192727
0.206459
0.220622
0.23704
0.256484
0.278326
0.300177
0.318141
0.325276
0.310383
0.18284
0.195442
0.210091
0.228839
0.252837
0.2818
0.313385
0.342728
0.359911
0.34967
0.176931
0.189243
0.204725
0.225789
0.254218
0.290584
0.333486
0.378071
0.411671
0.41535
0.174794
0.187863
0.204938
0.228804
0.261995
0.306355
0.362489
0.427307
0.486854
0.521847
0.175534
0.190114
0.209383
0.236519
0.27495
0.328252
0.400154
0.49097
0.589806
0.69465
0.177501
0.193253
0.214045
0.243356
0.2856
0.346629
0.434812
0.558001
0.723009
1.00381
0.178833
0.194037
0.21355
0.240758
0.280373
0.339771
0.433111
0.58749
0.869733
1.4998
0.253091
0.260895
0.266452
0.270666
0.274234
0.277493
0.279704
0.279916
0.27644
0.26566
0.224045
0.239351
0.250581
0.260161
0.269259
0.277932
0.285012
0.288898
0.286848
0.273595
0.206401
0.221483
0.234792
0.248287
0.262757
0.27775
0.291402
0.301054
0.302234
0.287188
0.192727
0.206459
0.220622
0.23704
0.256484
0.278326
0.300177
0.318141
0.325276
0.310383
0.18284
0.195442
0.210091
0.228839
0.252837
0.2818
0.313385
0.342728
0.359911
0.34967
0.176931
0.189243
0.204725
0.225789
0.254218
0.290584
0.333486
0.378071
0.411671
0.41535
0.174794
0.187863
0.204938
0.228804
0.261995
0.306355
0.362489
0.427307
0.486854
0.521847
0.175534
0.190114
0.209383
0.236519
0.27495
0.328252
0.400154
0.49097
0.589806
0.69465
0.177501
0.193253
0.214045
0.243356
0.2856
0.346629
0.434812
0.558001
0.723009
1.00381
0.178833
0.194037
0.21355
0.240758
0.280373
0.339771
0.433111
0.58749
0.869733
1.4998
0.252751
0.261357
0.266579
0.270676
0.274236
0.277484
0.279699
0.279882
0.276244
0.265772
0.223626
0.239427
0.250647
0.260196
0.269281
0.277938
0.28502
0.288861
0.286585
0.273748
0.206146
0.221466
0.234825
0.248329
0.262797
0.277777
0.291433
0.301021
0.301894
0.287384
0.192637
0.206475
0.220674
0.237109
0.256558
0.278393
0.300251
0.318126
0.324866
0.310621
0.182813
0.195475
0.210161
0.228937
0.252951
0.281923
0.313524
0.342752
0.359478
0.349925
0.176924
0.18928
0.204804
0.225909
0.254376
0.290784
0.333729
0.378189
0.411316
0.415398
0.174779
0.187885
0.205005
0.228927
0.262192
0.306668
0.36292
0.427642
0.486877
0.521357
0.17549
0.19008
0.209362
0.236518
0.275002
0.328453
0.400532
0.491319
0.591102
0.694968
0.177433
0.19314
0.213861
0.243065
0.28517
0.346069
0.434069
0.557399
0.72624
1.0061
0.178783
0.193998
0.213531
0.240756
0.28036
0.339697
0.432755
0.587057
0.873422
1.49054
-0.1538
-0.133128
-0.11508
-0.0984365
-0.0818177
-0.0650161
-0.0480233
-0.0308742
-0.0136291
0.00364095
0.0208597
0.0379551
0.0548615
0.07153
0.0879879
0.104423
0.121319
0.139716
0.162915
0.20068
-0.139828
-0.126344
-0.111821
-0.0965688
-0.0806368
-0.0642353
-0.0474993
-0.0305259
-0.0133992
0.00380618
0.021025
0.0381989
0.0552885
0.0722971
0.0892969
0.106494
0.124286
0.143294
0.165028
0.192932
-0.136613
-0.12462
-0.110921
-0.096062
-0.0803658
-0.064096
-0.047426
-0.0304779
-0.0133454
0.00389648
0.0211871
0.0384777
0.0557348
0.072952
0.0901682
0.1075
0.125159
0.14344
0.162897
0.18443
-0.137799
-0.1255
-0.111624
-0.0966321
-0.080833
-0.0644668
-0.0477031
-0.0306621
-0.013432
0.00392062
0.0213427
0.038789
0.0562194
0.0735983
0.0908986
0.108109
0.125229
0.14226
0.159259
0.176327
-0.14049
-0.127516
-0.113151
-0.0977809
-0.0816898
-0.0650942
-0.0481463
-0.0309508
-0.0135811
0.00390934
0.0214766
0.0390772
0.0566586
0.0741501
0.0914533
0.10844
0.124935
0.140734
0.155667
0.169695
-0.142912
-0.129323
-0.114492
-0.0987611
-0.082395
-0.06559
-0.0484801
-0.0311544
-0.0136722
0.00392357
0.0215948
0.0392958
0.0569599
0.0744831
0.0917088
0.108445
0.124385
0.13926
0.152856
0.165235
-0.143405
-0.12958
-0.114616
-0.0988069
-0.0823957
-0.0655631
-0.048434
-0.0310912
-0.0135905
0.00402668
0.0217198
0.0394361
0.0570946
0.07457
0.0916774
0.108172
0.123752
0.138139
0.151192
0.163129
-0.141095
-0.127628
-0.113049
-0.0975913
-0.0814748
-0.0648757
-0.0479247
-0.0307144
-0.0133114
0.00423168
0.021863
0.0395174
0.0571016
0.0744792
0.0914588
0.107797
0.123225
0.137522
0.150656
0.162984
-0.135994
-0.123661
-0.110059
-0.0953935
-0.0798907
-0.0637513
-0.0471362
-0.0301684
-0.0129408
0.00447257
0.0220046
0.0395745
0.05708
0.0743831
0.0912998
0.107606
0.123071
0.13753
0.15102
0.163971
-0.12773
-0.117695
-0.105852
-0.0924899
-0.0779238
-0.062441
-0.0462774
-0.0296158
-0.0125937
0.00468243
0.0221225
0.0396441
0.0571441
0.0744873
0.0914992
0.107968
0.123667
0.138421
0.15222
0.165386
-0.154183
-0.133011
-0.115066
-0.0984589
-0.0818304
-0.0650237
-0.0480286
-0.0308775
-0.0136308
0.00364059
0.0208603
0.0379559
0.0548614
0.0715271
0.0879781
0.104403
0.121296
0.139667
0.162585
0.200082
-0.139771
-0.126173
-0.111744
-0.0965319
-0.0806104
-0.0642168
-0.0474867
-0.0305173
-0.0133936
0.0038096
0.0210273
0.0382018
0.0552938
0.072308
0.0893162
0.106526
0.124346
0.143365
0.164927
0.192675
-0.136673
-0.124595
-0.110896
-0.0960437
-0.080351
-0.0640854
-0.0474186
-0.0304727
-0.0133419
0.00389888
0.0211887
0.0384786
0.0557355
0.0729524
0.0901668
0.107495
0.125153
0.143422
0.162806
0.184345
-0.137845
-0.125499
-0.111614
-0.0966228
-0.0808246
-0.0644602
-0.0476983
-0.0306588
-0.0134297
0.00392227
0.0213438
0.0387898
0.0562198
0.073598
0.0908963
0.108103
0.125218
0.142238
0.159208
0.176297
-0.140516
-0.127524
-0.113153
-0.0977809
-0.0816888
-0.0650931
-0.0481454
-0.0309502
-0.0135807
0.00390959
0.0214769
0.0390776
0.0566593
0.0741512
0.0914543
0.10844
0.124933
0.140728
0.155651
0.16969
-0.142949
-0.129348
-0.11451
-0.0987732
-0.0824034
-0.0655958
-0.0484843
-0.0311574
-0.0136744
0.00392204
0.0215939
0.0392954
0.0569601
0.0744844
0.0917115
0.108445
0.124387
0.139262
0.152858
0.165241
-0.143447
-0.129611
-0.114639
-0.0988238
-0.0824078
-0.0655717
-0.0484401
-0.0310956
-0.0135937
0.00402425
0.021718
0.0394348
0.0570941
0.0745706
0.0916796
0.108176
0.12376
0.138151
0.151208
0.163149
-0.141132
-0.127653
-0.113065
-0.0976018
-0.0814813
-0.0648797
-0.0479271
-0.030716
-0.0133126
0.0042303
0.0218613
0.0395152
0.0570994
0.0744776
0.091459
0.107801
0.123235
0.137541
0.150685
0.163023
-0.136094
-0.123724
-0.110096
-0.0954142
-0.0799015
-0.0637562
-0.0471381
-0.0301688
-0.0129409
0.00447193
0.0220029
0.0395712
0.057075
0.0743766
0.0912926
0.1076
0.12307
0.137539
0.151044
0.164015
-0.127672
-0.117655
-0.105825
-0.0924718
-0.0779119
-0.0624334
-0.0462729
-0.0296136
-0.0125932
0.00468196
0.0221215
0.0396432
0.0571443
0.0744901
0.0915072
0.107984
0.123694
0.138461
0.152271
0.165441
-0.154183
-0.133011
-0.115066
-0.0984589
-0.0818304
-0.0650237
-0.0480286
-0.0308775
-0.0136308
0.00364058
0.0208603
0.0379559
0.0548614
0.0715271
0.0879781
0.104403
0.121296
0.139667
0.162585
0.200082
-0.139771
-0.126173
-0.111744
-0.0965319
-0.0806104
-0.0642168
-0.0474867
-0.0305173
-0.0133936
0.0038096
0.0210273
0.0382018
0.0552938
0.072308
0.0893162
0.106526
0.124346
0.143365
0.164927
0.192675
-0.136673
-0.124595
-0.110896
-0.0960437
-0.080351
-0.0640854
-0.0474186
-0.0304727
-0.0133419
0.00389888
0.0211887
0.0384786
0.0557355
0.0729524
0.0901668
0.107495
0.125153
0.143422
0.162806
0.184345
-0.137845
-0.125499
-0.111614
-0.0966228
-0.0808246
-0.0644602
-0.0476983
-0.0306588
-0.0134297
0.00392227
0.0213438
0.0387898
0.0562198
0.073598
0.0908963
0.108103
0.125218
0.142238
0.159208
0.176297
-0.140516
-0.127524
-0.113153
-0.0977809
-0.0816888
-0.0650931
-0.0481454
-0.0309502
-0.0135807
0.00390959
0.0214769
0.0390776
0.0566593
0.0741512
0.0914543
0.10844
0.124933
0.140728
0.155651
0.16969
-0.142949
-0.129348
-0.11451
-0.0987732
-0.0824034
-0.0655958
-0.0484843
-0.0311574
-0.0136744
0.00392204
0.0215939
0.0392954
0.0569601
0.0744844
0.0917115
0.108445
0.124387
0.139262
0.152858
0.165241
-0.143447
-0.129611
-0.114639
-0.0988238
-0.0824078
-0.0655717
-0.0484401
-0.0310956
-0.0135937
0.00402425
0.021718
0.0394348
0.0570941
0.0745706
0.0916796
0.108176
0.12376
0.138151
0.151208
0.163149
-0.141132
-0.127653
-0.113065
-0.0976018
-0.0814813
-0.0648797
-0.0479271
-0.030716
-0.0133126
0.0042303
0.0218613
0.0395152
0.0570994
0.0744776
0.091459
0.107801
0.123235
0.137541
0.150685
0.163023
-0.136094
-0.123724
-0.110096
-0.0954142
-0.0799015
-0.0637562
-0.0471381
-0.0301688
-0.0129409
0.00447193
0.0220029
0.0395712
0.057075
0.0743766
0.0912926
0.1076
0.12307
0.137539
0.151044
0.164015
-0.127672
-0.117655
-0.105825
-0.0924718
-0.0779119
-0.0624334
-0.0462729
-0.0296136
-0.0125932
0.00468196
0.0221215
0.0396432
0.0571443
0.0744901
0.0915072
0.107984
0.123694
0.138461
0.152271
0.165441
-0.1538
-0.133128
-0.11508
-0.0984365
-0.0818177
-0.0650161
-0.0480233
-0.0308742
-0.0136291
0.00364095
0.0208597
0.0379551
0.0548615
0.07153
0.0879879
0.104423
0.121319
0.139716
0.162915
0.20068
-0.139828
-0.126344
-0.111821
-0.0965688
-0.0806368
-0.0642353
-0.0474993
-0.0305259
-0.0133992
0.00380618
0.021025
0.0381989
0.0552885
0.0722971
0.0892969
0.106494
0.124286
0.143294
0.165028
0.192932
-0.136613
-0.12462
-0.110921
-0.096062
-0.0803658
-0.064096
-0.047426
-0.0304779
-0.0133454
0.00389648
0.0211871
0.0384777
0.0557348
0.072952
0.0901682
0.1075
0.125159
0.14344
0.162897
0.18443
-0.137799
-0.1255
-0.111624
-0.0966321
-0.080833
-0.0644668
-0.0477031
-0.0306621
-0.013432
0.00392062
0.0213427
0.038789
0.0562194
0.0735983
0.0908986
0.108109
0.125229
0.14226
0.159259
0.176327
-0.14049
-0.127516
-0.113151
-0.0977809
-0.0816898
-0.0650942
-0.0481463
-0.0309508
-0.0135811
0.00390934
0.0214766
0.0390772
0.0566586
0.0741501
0.0914533
0.10844
0.124935
0.140734
0.155667
0.169695
-0.142912
-0.129323
-0.114492
-0.0987611
-0.082395
-0.06559
-0.0484801
-0.0311544
-0.0136722
0.00392357
0.0215948
0.0392958
0.0569599
0.0744831
0.0917088
0.108445
0.124385
0.13926
0.152856
0.165235
-0.143405
-0.12958
-0.114616
-0.0988069
-0.0823957
-0.0655631
-0.048434
-0.0310912
-0.0135905
0.00402668
0.0217198
0.0394361
0.0570946
0.07457
0.0916774
0.108172
0.123752
0.138139
0.151192
0.163129
-0.141095
-0.127628
-0.113049
-0.0975913
-0.0814748
-0.0648757
-0.0479247
-0.0307144
-0.0133114
0.00423167
0.021863
0.0395174
0.0571016
0.0744791
0.0914588
0.107797
0.123225
0.137522
0.150656
0.162984
-0.135994
-0.123661
-0.110059
-0.0953935
-0.0798907
-0.0637513
-0.0471362
-0.0301684
-0.0129408
0.00447257
0.0220046
0.0395745
0.05708
0.0743831
0.0912998
0.107606
0.123071
0.13753
0.15102
0.163971
-0.12773
-0.117695
-0.105852
-0.0924899
-0.0779238
-0.062441
-0.0462774
-0.0296158
-0.0125937
0.00468243
0.0221225
0.039644
0.0571441
0.0744873
0.0914992
0.107968
0.123667
0.138421
0.15222
0.165386
-0.157235
-0.159954
-0.160402
-0.159327
-0.157261
-0.154669
-0.152112
-0.150151
-0.150433
-0.156494
-0.164661
-0.168463
-0.168845
-0.167111
-0.164096
-0.160326
-0.156275
-0.152251
-0.148782
-0.146451
-0.173846
-0.178898
-0.178949
-0.176232
-0.172087
-0.167166
-0.161911
-0.156489
-0.150951
-0.145066
-0.186113
-0.192366
-0.191453
-0.187124
-0.181466
-0.175282
-0.168946
-0.162439
-0.155509
-0.14767
-0.203764
-0.210474
-0.20717
-0.200011
-0.192052
-0.184177
-0.176585
-0.168986
-0.160849
-0.151565
-0.231214
-0.235553
-0.226757
-0.214599
-0.202996
-0.192644
-0.183379
-0.17453
-0.165277
-0.154895
-0.277354
-0.270857
-0.25037
-0.22971
-0.212506
-0.198651
-0.187265
-0.177068
-0.166892
-0.155833
-0.361273
-0.319146
-0.276767
-0.242974
-0.217881
-0.199712
-0.186134
-0.174929
-0.164372
-0.153298
-0.538239
-0.375423
-0.293498
-0.243978
-0.21144
-0.190593
-0.176764
-0.166295
-0.156833
-0.146976
-0.923246
-0.430246
-0.263134
-0.205278
-0.175735
-0.160275
-0.152336
-0.147145
-0.142075
-0.135808
-0.157205
-0.160014
-0.160416
-0.159329
-0.15726
-0.154666
-0.152123
-0.150148
-0.150262
-0.156628
-0.164616
-0.168549
-0.168855
-0.167099
-0.164078
-0.160297
-0.15624
-0.152182
-0.148585
-0.14631
-0.173783
-0.179019
-0.17895
-0.176202
-0.172055
-0.16713
-0.161876
-0.156448
-0.150894
-0.145086
-0.186034
-0.19253
-0.191435
-0.187067
-0.181417
-0.175239
-0.168912
-0.162412
-0.15549
-0.147699
-0.203677
-0.210676
-0.20711
-0.199919
-0.191988
-0.184131
-0.176557
-0.168974
-0.160848
-0.151586
-0.231176
-0.23573
-0.226606
-0.214463
-0.202924
-0.192608
-0.18337
-0.174543
-0.165304
-0.154934
-0.277593
-0.270795
-0.249992
-0.229474
-0.212395
-0.198606
-0.187258
-0.177091
-0.16693
-0.155878
-0.361603
-0.318406
-0.276346
-0.242863
-0.217873
-0.199748
-0.186187
-0.174985
-0.164425
-0.153345
-0.536125
-0.372969
-0.294254
-0.245093
-0.212208
-0.19116
-0.177193
-0.166605
-0.157051
-0.147126
-0.931163
-0.42597
-0.262906
-0.205474
-0.175376
-0.15991
-0.152094
-0.146974
-0.141952
-0.135722
-0.157205
-0.160014
-0.160416
-0.159329
-0.15726
-0.154666
-0.152123
-0.150148
-0.150262
-0.156628
-0.164616
-0.168549
-0.168855
-0.167099
-0.164078
-0.160297
-0.15624
-0.152182
-0.148585
-0.14631
-0.173783
-0.179019
-0.17895
-0.176202
-0.172055
-0.16713
-0.161876
-0.156448
-0.150894
-0.145086
-0.186034
-0.19253
-0.191435
-0.187067
-0.181417
-0.175239
-0.168912
-0.162412
-0.15549
-0.147699
-0.203677
-0.210676
-0.20711
-0.199919
-0.191988
-0.184131
-0.176557
-0.168974
-0.160848
-0.151586
-0.231176
-0.23573
-0.226606
-0.214463
-0.202924
-0.192608
-0.18337
-0.174543
-0.165304
-0.154934
-0.277593
-0.270795
-0.249992
-0.229474
-0.212395
-0.198606
-0.187258
-0.177091
-0.16693
-0.155878
-0.361603
-0.318406
-0.276346
-0.242863
-0.217873
-0.199748
-0.186187
-0.174985
-0.164425
-0.153345
-0.536125
-0.372969
-0.294254
-0.245093
-0.212208
-0.19116
-0.177193
-0.166605
-0.157051
-0.147126
-0.931163
-0.42597
-0.262906
-0.205474
-0.175376
-0.15991
-0.152094
-0.146974
-0.141952
-0.135722
-0.157235
-0.159954
-0.160402
-0.159327
-0.157261
-0.154669
-0.152112
-0.150151
-0.150433
-0.156494
-0.164661
-0.168463
-0.168845
-0.167111
-0.164096
-0.160326
-0.156275
-0.152251
-0.148782
-0.146451
-0.173846
-0.178898
-0.178949
-0.176232
-0.172087
-0.167166
-0.161911
-0.156489
-0.150951
-0.145066
-0.186113
-0.192366
-0.191453
-0.187124
-0.181466
-0.175282
-0.168946
-0.162439
-0.155509
-0.14767
-0.203764
-0.210474
-0.20717
-0.200011
-0.192052
-0.184177
-0.176585
-0.168986
-0.160849
-0.151565
-0.231214
-0.235553
-0.226757
-0.214599
-0.202996
-0.192644
-0.183379
-0.17453
-0.165277
-0.154895
-0.277354
-0.270857
-0.25037
-0.22971
-0.212506
-0.198651
-0.187265
-0.177068
-0.166892
-0.155833
-0.361273
-0.319146
-0.276767
-0.242974
-0.217881
-0.199712
-0.186134
-0.174929
-0.164372
-0.153298
-0.538239
-0.375423
-0.293498
-0.243978
-0.21144
-0.190593
-0.176764
-0.166295
-0.156833
-0.146976
-0.923246
-0.430246
-0.263134
-0.205278
-0.175735
-0.160275
-0.152336
-0.147145
-0.142075
-0.135808
-0.0264751
-0.0285268
-0.0300845
-0.0317782
-0.0339209
-0.0366261
-0.0399198
-0.0438166
-0.0501739
-0.0641046
-0.0349548
-0.036375
-0.0376918
-0.0393248
-0.0414874
-0.0442513
-0.0476051
-0.0514165
-0.0564776
-0.0656246
-0.0433744
-0.0442295
-0.0452573
-0.0466808
-0.0486007
-0.0510075
-0.0538004
-0.0567404
-0.0598936
-0.0643486
-0.0514947
-0.0518964
-0.0526345
-0.0537747
-0.0553311
-0.0572413
-0.0593628
-0.0614582
-0.0633465
-0.0653493
-0.0591959
-0.0592773
-0.0597578
-0.0606031
-0.0617725
-0.0631831
-0.0646886
-0.0660928
-0.06719
-0.0678189
-0.0664604
-0.0663402
-0.0666153
-0.0671958
-0.0680149
-0.0689892
-0.0699914
-0.0708712
-0.0714424
-0.0714623
-0.0733271
-0.0731017
-0.0732279
-0.0735935
-0.0741261
-0.0747552
-0.0753819
-0.075898
-0.0761536
-0.075924
-0.0798646
-0.0796038
-0.079632
-0.0798373
-0.0801536
-0.0805278
-0.08089
-0.0811668
-0.0812455
-0.0809411
-0.0861488
-0.0858979
-0.0858691
-0.0859637
-0.0861272
-0.086324
-0.0865087
-0.0866351
-0.0866222
-0.0863268
-0.0922504
-0.0920351
-0.0919797
-0.0920035
-0.0920657
-0.0921454
-0.0922174
-0.092255
-0.0922018
-0.091951
-0.0982277
-0.0980609
-0.0979999
-0.0979827
-0.0979813
-0.0979876
-0.0979922
-0.0979825
-0.0979197
-0.0977251
-0.104125
-0.104013
-0.10396
-0.103922
-0.103882
-0.103844
-0.103811
-0.103781
-0.103728
-0.10359
-0.109972
-0.10992
-0.109887
-0.10984
-0.109774
-0.109705
-0.109652
-0.109622
-0.109593
-0.109511
-0.115789
-0.115808
-0.115801
-0.11575
-0.115661
-0.115564
-0.115498
-0.115481
-0.115494
-0.115473
-0.121584
-0.121696
-0.121726
-0.121668
-0.121544
-0.121408
-0.121326
-0.121334
-0.121424
-0.12149
-0.127361
-0.127608
-0.127686
-0.127611
-0.127426
-0.127219
-0.127106
-0.127161
-0.127374
-0.127624
-0.133127
-0.133576
-0.133718
-0.133602
-0.133305
-0.13297
-0.132788
-0.132901
-0.13333
-0.134011
-0.138898
-0.139656
-0.139878
-0.139677
-0.139186
-0.138622
-0.13829
-0.138436
-0.139201
-0.141065
-0.14473
-0.145944
-0.146259
-0.145902
-0.14509
-0.144141
-0.14351
-0.143615
-0.145074
-0.150522
-0.150754
-0.152611
-0.153016
-0.152386
-0.151073
-0.149496
-0.148257
-0.148051
-0.150908
-0.163412
-0.0264559
-0.0285576
-0.0300896
-0.0317834
-0.0339358
-0.0366639
-0.0400236
-0.0439825
-0.0503529
-0.0651711
-0.0349468
-0.0363972
-0.0376979
-0.0393307
-0.0414978
-0.0442691
-0.0476482
-0.0514545
-0.056357
-0.0656863
-0.0433739
-0.0442427
-0.0452617
-0.0466838
-0.0486037
-0.0510091
-0.0538058
-0.056735
-0.0598048
-0.0643173
-0.0514984
-0.0519021
-0.0526373
-0.0537762
-0.0553319
-0.0572409
-0.0593639
-0.0614596
-0.0633272
-0.0653587
-0.0592018
-0.0592775
-0.0597593
-0.0606038
-0.0617725
-0.0631824
-0.0646876
-0.0660922
-0.0671889
-0.0678214
-0.0664668
-0.0663369
-0.0666158
-0.067196
-0.0680141
-0.0689881
-0.0699896
-0.0708696
-0.0714466
-0.0714579
-0.0733331
-0.0730968
-0.0732278
-0.0735935
-0.0741252
-0.0747542
-0.0753805
-0.0758975
-0.0761611
-0.0759183
-0.0798696
-0.0795985
-0.0796317
-0.0798373
-0.0801529
-0.0805273
-0.0808891
-0.081167
-0.0812534
-0.080936
-0.0861529
-0.085893
-0.0858687
-0.0859636
-0.0861268
-0.0863236
-0.0865082
-0.0866356
-0.086629
-0.0863226
-0.0922535
-0.0920311
-0.0919794
-0.0920036
-0.0920654
-0.0921452
-0.092217
-0.0922554
-0.0922072
-0.0919479
-0.0982299
-0.0980579
-0.0979998
-0.0979829
-0.0979812
-0.0979874
-0.0979918
-0.0979827
-0.0979237
-0.0977228
-0.104126
-0.104011
-0.103961
-0.103923
-0.103882
-0.103843
-0.10381
-0.103781
-0.103731
-0.103589
-0.109973
-0.10992
-0.109887
-0.10984
-0.109774
-0.109705
-0.109651
-0.109621
-0.109594
-0.10951
-0.115789
-0.115809
-0.115803
-0.115752
-0.115662
-0.115563
-0.115496
-0.115479
-0.115494
-0.115473
-0.121584
-0.1217
-0.121728
-0.12167
-0.121545
-0.121407
-0.121323
-0.121331
-0.121421
-0.12149
-0.127361
-0.127614
-0.12769
-0.127614
-0.127427
-0.127218
-0.127102
-0.127155
-0.127368
-0.127627
-0.133125
-0.133587
-0.133725
-0.133607
-0.133308
-0.13297
-0.132784
-0.132894
-0.133319
-0.134022
-0.138893
-0.139673
-0.139887
-0.139684
-0.139191
-0.138623
-0.138287
-0.138427
-0.139155
-0.141026
-0.144721
-0.145971
-0.146272
-0.145911
-0.145098
-0.144146
-0.143517
-0.143612
-0.144947
-0.150373
-0.150737
-0.152653
-0.153031
-0.152396
-0.151084
-0.149514
-0.148309
-0.148142
-0.15092
-0.163857
-0.0264559
-0.0285576
-0.0300896
-0.0317834
-0.0339358
-0.0366639
-0.0400236
-0.0439825
-0.0503529
-0.0651711
-0.0349467
-0.0363972
-0.0376978
-0.0393307
-0.0414978
-0.0442691
-0.0476482
-0.0514545
-0.0563569
-0.0656863
-0.0433739
-0.0442427
-0.0452617
-0.0466838
-0.0486037
-0.0510091
-0.0538058
-0.056735
-0.0598048
-0.0643173
-0.0514984
-0.0519021
-0.0526373
-0.0537762
-0.0553319
-0.0572409
-0.0593638
-0.0614596
-0.0633272
-0.0653587
-0.0592018
-0.0592775
-0.0597593
-0.0606038
-0.0617725
-0.0631824
-0.0646876
-0.0660922
-0.0671889
-0.0678214
-0.0664668
-0.0663369
-0.0666158
-0.067196
-0.0680141
-0.0689881
-0.0699896
-0.0708696
-0.0714466
-0.0714579
-0.0733331
-0.0730968
-0.0732278
-0.0735935
-0.0741252
-0.0747542
-0.0753805
-0.0758975
-0.0761611
-0.0759183
-0.0798696
-0.0795985
-0.0796317
-0.0798373
-0.0801529
-0.0805273
-0.0808891
-0.081167
-0.0812534
-0.080936
-0.0861529
-0.085893
-0.0858687
-0.0859636
-0.0861267
-0.0863236
-0.0865082
-0.0866356
-0.086629
-0.0863226
-0.0922535
-0.0920311
-0.0919794
-0.0920036
-0.0920654
-0.0921452
-0.092217
-0.0922554
-0.0922072
-0.0919479
-0.0982299
-0.0980579
-0.0979998
-0.0979829
-0.0979812
-0.0979874
-0.0979918
-0.0979827
-0.0979237
-0.0977228
-0.104126
-0.104011
-0.103961
-0.103923
-0.103882
-0.103843
-0.10381
-0.103781
-0.103731
-0.103589
-0.109973
-0.10992
-0.109887
-0.10984
-0.109774
-0.109705
-0.109651
-0.109621
-0.109594
-0.10951
-0.115789
-0.115809
-0.115803
-0.115752
-0.115662
-0.115563
-0.115496
-0.115479
-0.115494
-0.115473
-0.121584
-0.1217
-0.121728
-0.12167
-0.121545
-0.121407
-0.121323
-0.121331
-0.121421
-0.12149
-0.127361
-0.127614
-0.12769
-0.127614
-0.127427
-0.127218
-0.127102
-0.127155
-0.127368
-0.127627
-0.133125
-0.133587
-0.133725
-0.133607
-0.133308
-0.13297
-0.132784
-0.132894
-0.133319
-0.134022
-0.138893
-0.139673
-0.139887
-0.139684
-0.139191
-0.138623
-0.138287
-0.138427
-0.139155
-0.141026
-0.144721
-0.145971
-0.146272
-0.145911
-0.145098
-0.144146
-0.143517
-0.143612
-0.144947
-0.150373
-0.150737
-0.152653
-0.153031
-0.152396
-0.151084
-0.149514
-0.148309
-0.148142
-0.15092
-0.163857
-0.0264751
-0.0285268
-0.0300845
-0.0317782
-0.0339209
-0.0366261
-0.0399198
-0.0438166
-0.0501738
-0.0641045
-0.0349547
-0.0363749
-0.0376918
-0.0393248
-0.0414874
-0.0442512
-0.0476051
-0.0514164
-0.0564776
-0.0656246
-0.0433744
-0.0442295
-0.0452573
-0.0466808
-0.0486007
-0.0510075
-0.0538004
-0.0567404
-0.0598936
-0.0643485
-0.0514946
-0.0518964
-0.0526344
-0.0537747
-0.0553311
-0.0572413
-0.0593628
-0.0614582
-0.0633464
-0.0653492
-0.0591959
-0.0592773
-0.0597578
-0.0606031
-0.0617725
-0.063183
-0.0646886
-0.0660928
-0.06719
-0.0678189
-0.0664604
-0.0663401
-0.0666153
-0.0671958
-0.0680149
-0.0689892
-0.0699914
-0.0708712
-0.0714423
-0.0714623
-0.0733271
-0.0731017
-0.0732279
-0.0735935
-0.0741261
-0.0747552
-0.0753819
-0.075898
-0.0761536
-0.075924
-0.0798645
-0.0796038
-0.079632
-0.0798373
-0.0801536
-0.0805278
-0.08089
-0.0811668
-0.0812455
-0.0809411
-0.0861488
-0.0858979
-0.0858691
-0.0859636
-0.0861272
-0.0863239
-0.0865087
-0.0866351
-0.0866222
-0.0863268
-0.0922504
-0.0920351
-0.0919797
-0.0920035
-0.0920657
-0.0921454
-0.0922174
-0.092255
-0.0922018
-0.091951
-0.0982277
-0.0980609
-0.0979999
-0.0979827
-0.0979813
-0.0979876
-0.0979922
-0.0979825
-0.0979197
-0.0977251
-0.104125
-0.104013
-0.10396
-0.103922
-0.103882
-0.103844
-0.103811
-0.103781
-0.103728
-0.10359
-0.109972
-0.10992
-0.109887
-0.10984
-0.109774
-0.109705
-0.109652
-0.109622
-0.109593
-0.109511
-0.115789
-0.115808
-0.115801
-0.11575
-0.115661
-0.115564
-0.115498
-0.115481
-0.115494
-0.115473
-0.121584
-0.121696
-0.121726
-0.121668
-0.121544
-0.121408
-0.121326
-0.121334
-0.121424
-0.12149
-0.127361
-0.127608
-0.127686
-0.127611
-0.127426
-0.127219
-0.127106
-0.127161
-0.127374
-0.127624
-0.133127
-0.133576
-0.133718
-0.133602
-0.133305
-0.13297
-0.132788
-0.132901
-0.13333
-0.134011
-0.138898
-0.139656
-0.139878
-0.139677
-0.139186
-0.138622
-0.13829
-0.138436
-0.139201
-0.141065
-0.14473
-0.145944
-0.146259
-0.145902
-0.14509
-0.144141
-0.14351
-0.143615
-0.145074
-0.150522
-0.150754
-0.152611
-0.153016
-0.152386
-0.151073
-0.149496
-0.148257
-0.148051
-0.150908
-0.163412
)
;

boundaryField
{
    carasuperior
    {
        type            zeroGradient;
    }
    lateralizquierda
    {
        type            zeroGradient;
    }
    lateralderecha
    {
        type            zeroGradient;
    }
    carainferior
    {
        type            zeroGradient;
    }
    carainteriores
    {
        type            zeroGradient;
    }
    defaultFaces
    {
        type            empty;
    }
}


// ************************************************************************* //
