/*--------------------------------*- C++ -*----------------------------------*\
| =========                 |                                                 |
| \\      /  F ield         | OpenFOAM: The Open Source CFD Toolbox           |
|  \\    /   O peration     | Version:  2.4.0                                 |
|   \\  /    A nd           | Web:      www.OpenFOAM.org                      |
|    \\/     M anipulation  |                                                 |
\*---------------------------------------------------------------------------*/
FoamFile
{
    version     2.0;
    format      ascii;
    class       volScalarField;
    location    "1.9";
    object      p;
}
// * * * * * * * * * * * * * * * * * * * * * * * * * * * * * * * * * * * * * //

dimensions      [0 2 -2 0 0 0 0];

internalField   nonuniform List<scalar> 
4800
(
-1.14398e-06
-0.00155651
-0.00314637
-0.00428412
-0.00465673
-0.00411939
-0.00262882
-0.000191733
0.00314449
0.00728243
0.00154692
-3.56801e-05
-0.001158
-0.0017824
-0.00179065
-0.00107646
0.000404668
0.00266566
0.00569287
0.00943616
0.00316873
0.00103985
-8.83349e-05
-0.000563031
-0.000450072
0.000308265
0.00174155
0.00387291
0.00671868
0.0102698
0.00422394
0.00147339
0.00018061
-0.000307153
-0.000206243
0.000499634
0.00182933
0.00382337
0.00653978
0.0100259
0.00418854
0.00094991
-0.000516004
-0.00108588
-0.00108411
-0.000518673
0.000635322
0.00245494
0.00506618
0.00861771
0.00272152
-0.000803151
-0.00240948
-0.00310801
-0.00328638
-0.00295819
-0.00207129
-0.000486332
0.00203033
0.00582882
-0.000337091
-0.00391985
-0.0056135
-0.00647376
-0.00691067
-0.00692921
-0.0064306
-0.00518821
-0.00281613
0.0014478
-0.00498354
-0.00839838
-0.0101188
-0.0111644
-0.011935
-0.0124226
-0.0124726
-0.0117596
-0.00972904
-0.00480516
-0.011058
-0.0141061
-0.0157927
-0.0170331
-0.0181949
-0.0192658
-0.0200417
-0.0201022
-0.0187958
-0.0130355
-0.0182617
-0.0207963
-0.022391
-0.0238098
-0.0253808
-0.0271228
-0.028849
-0.0301456
-0.0307812
-0.0261685
-3.76206e-06
-0.00157772
-0.00317733
-0.00432361
-0.00470124
-0.00416594
-0.00267542
-0.000236405
0.00310402
0.00724868
0.0015635
-4.0338e-05
-0.00114092
-0.0017555
-0.0017589
-0.00104165
0.000439547
0.00269807
0.00572131
0.00946069
0.00319826
0.00101437
-8.95678e-05
-0.000562053
-0.00045147
0.000306955
0.00174012
0.00387085
0.00671589
0.0102681
0.00426673
0.00143786
0.000180655
-0.000304191
-0.000207411
0.000497974
0.0018272
0.00382008
0.00653433
0.0100212
0.00424057
0.000908393
-0.000511384
-0.00107586
-0.0010782
-0.000513084
0.000640244
0.00245769
0.00506256
0.00861099
0.00277799
-0.000848933
-0.00240346
-0.00309531
-0.00327771
-0.00294962
-0.00206296
-0.000479714
0.00202423
0.00581046
-0.00028062
-0.00396668
-0.00560708
-0.00645988
-0.0069002
-0.00691835
-0.00641857
-0.00517373
-0.0028241
0.0014015
-0.00493154
-0.00844323
-0.0101129
-0.0111509
-0.011924
-0.0124114
-0.0124599
-0.011737
-0.00975217
-0.00496678
-0.0110146
-0.0141467
-0.0157886
-0.0170218
-0.0181843
-0.0192542
-0.0200259
-0.0200476
-0.0187801
-0.0133983
-0.0182302
-0.0208313
-0.0223904
-0.0238033
-0.0253737
-0.027112
-0.0288258
-0.0300076
-0.0304608
-0.0262734
-4.42179e-06
-0.00157803
-0.00317747
-0.00432366
-0.00470127
-0.00416596
-0.00267544
-0.000236414
0.00310402
0.00724867
0.00156319
-4.05255e-05
-0.00114102
-0.00175555
-0.00175892
-0.00104167
0.000439526
0.00269806
0.0057213
0.00946067
0.00319811
0.00101427
-8.96347e-05
-0.000562092
-0.000451498
0.000306924
0.00174009
0.00387083
0.00671588
0.0102681
0.00426664
0.00143779
0.000180602
-0.000304229
-0.000207443
0.000497938
0.00182717
0.00382006
0.00653431
0.0100211
0.00424051
0.000908339
-0.000511432
-0.0010759
-0.00107823
-0.000513123
0.000640208
0.00245766
0.00506253
0.00861097
0.00277794
-0.00084898
-0.0024035
-0.00309534
-0.00327774
-0.00294966
-0.00206299
-0.000479739
0.00202421
0.00581044
-0.00028067
-0.00396672
-0.00560712
-0.00645992
-0.00690023
-0.00691838
-0.0064186
-0.00517375
-0.00282412
0.00140148
-0.0049316
-0.00844328
-0.010113
-0.011151
-0.0119241
-0.0124114
-0.0124599
-0.0117371
-0.00975219
-0.0049668
-0.0110147
-0.0141468
-0.0157887
-0.0170218
-0.0181844
-0.0192542
-0.020026
-0.0200477
-0.0187802
-0.0133983
-0.0182302
-0.0208314
-0.0223904
-0.0238034
-0.0253737
-0.027112
-0.0288258
-0.0300076
-0.0304608
-0.0262734
-3.58436e-06
-0.00155738
-0.0031467
-0.00428427
-0.0046568
-0.00411945
-0.00262887
-0.000191767
0.00314447
0.0072824
0.00154606
-3.61494e-05
-0.00115822
-0.00178252
-0.00179073
-0.00107652
0.000404614
0.00266562
0.00569284
0.00943613
0.00316838
0.00103959
-8.84905e-05
-0.000563144
-0.000450151
0.000308193
0.00174148
0.00387286
0.00671864
0.0102697
0.00422375
0.00147323
0.000180498
-0.000307252
-0.000206319
0.00049956
0.00182925
0.00382331
0.00653973
0.0100259
0.00418839
0.000949778
-0.000516111
-0.00108598
-0.0010842
-0.00051876
0.000635234
0.00245487
0.00506612
0.00861766
0.00272139
-0.000803274
-0.00240958
-0.00310811
-0.00328647
-0.00295828
-0.00207138
-0.000486403
0.00203028
0.00582878
-0.000337209
-0.00391997
-0.0056136
-0.00647386
-0.00691076
-0.0069293
-0.00643069
-0.00518827
-0.00281618
0.00144776
-0.00498366
-0.0083985
-0.0101189
-0.0111646
-0.0119351
-0.0124227
-0.0124727
-0.0117597
-0.00972908
-0.0048052
-0.0110581
-0.0141062
-0.0157928
-0.0170333
-0.018195
-0.0192659
-0.0200418
-0.0201023
-0.0187958
-0.0130355
-0.0182618
-0.0207964
-0.0223911
-0.0238099
-0.0253809
-0.0271229
-0.0288491
-0.0301456
-0.0307813
-0.0261685
0.0120692
0.0173191
0.022865
0.0285812
0.0343847
0.0402275
0.0460868
0.0519573
0.0578463
0.0637725
0.0697659
0.0758685
0.082135
0.0886308
0.0954263
0.102585
0.110142
0.118078
0.126281
0.134525
0.0137968
0.0186366
0.0238266
0.0292603
0.0348567
0.0405596
0.0463337
0.0521612
0.0580382
0.063973
0.0699851
0.0761043
0.0823695
0.0888259
0.0955196
0.102488
0.109743
0.117256
0.12493
0.132581
0.0144571
0.0191414
0.0242001
0.0295313
0.035053
0.0407052
0.0464476
0.0522565
0.0581222
0.0640466
0.0700419
0.0761292
0.0823375
0.088701
0.0952561
0.102035
0.109054
0.1163
0.123708
0.131137
0.0142354
0.0189667
0.0240753
0.0294525
0.0350119
0.0406923
0.046454
0.052273
0.0581379
0.0640469
0.0700064
0.0760298
0.0821373
0.088355
0.0947148
0.101254
0.108007
0.114998
0.122222
0.129604
0.0130986
0.018116
0.0234731
0.0290501
0.0347582
0.0405428
0.0463729
0.0522311
0.0581091
0.0640043
0.0699183
0.0758568
0.0818296
0.0878535
0.0939557
0.100182
0.106585
0.113254
0.12027
0.127691
0.0110037
0.0166441
0.0224819
0.0284139
0.0343675
0.0403141
0.0462458
0.0521614
0.058061
0.0639438
0.0698076
0.075649
0.081466
0.0872617
0.0930524
0.0988817
0.104839
0.111066
0.117775
0.125285
0.00807585
0.0148051
0.021358
0.0277555
0.0339956
0.0401129
0.0461436
0.0521117
0.0580292
0.0638982
0.0697118
0.0754566
0.0811151
0.0866712
0.0921204
0.0974901
0.10289
0.108514
0.114731
0.122345
0.00470738
0.0130971
0.0205074
0.0273651
0.0338311
0.0400548
0.0461358
0.0521253
0.0580447
0.0638959
0.0696657
0.0753282
0.0808475
0.0861826
0.0912964
0.0961846
0.100948
0.105802
0.111238
0.118837
0.00287205
0.0131312
0.0208252
0.0276976
0.0340967
0.0402473
0.0462773
0.0522366
0.0581384
0.063975
0.0697218
0.0753382
0.0807669
0.0859337
0.0907507
0.0951461
0.0991687
0.102845
0.106508
0.112961
0.00737732
0.018313
0.0238912
0.0293947
0.03504
0.0407864
0.0466124
0.0524805
0.0583545
0.0641992
0.0699719
0.0756135
0.0810399
0.0861291
0.0907058
0.0945236
0.0972495
0.0985936
0.0978083
0.0998148
0.0120439
0.0173015
0.0228534
0.0285739
0.0343803
0.0402248
0.046085
0.0519557
0.0578447
0.0637705
0.0697632
0.0758649
0.0821305
0.0886254
0.0954206
0.102579
0.110139
0.118078
0.126289
0.134543
0.0138185
0.0186547
0.0238408
0.0292711
0.0348648
0.0405656
0.0463384
0.0521652
0.058042
0.063977
0.0699896
0.0761092
0.0823745
0.0888303
0.0955223
0.102487
0.109738
0.117243
0.124909
0.132552
0.0144598
0.0191461
0.0242052
0.0295361
0.0350571
0.0407085
0.0464501
0.0522584
0.0581237
0.0640478
0.0700429
0.07613
0.082338
0.0887011
0.0952556
0.102033
0.109051
0.116296
0.123702
0.131132
0.0142397
0.0189735
0.024082
0.0294585
0.0350166
0.0406959
0.0464565
0.0522747
0.058139
0.0640477
0.0700069
0.0760302
0.0821376
0.0883551
0.0947145
0.101253
0.108005
0.114995
0.122216
0.129599
0.0131101
0.0181289
0.0234834
0.0290582
0.0347639
0.0405466
0.0463752
0.0522326
0.05811
0.064005
0.0699189
0.0758574
0.0818303
0.0878543
0.0939562
0.100181
0.106584
0.113251
0.120259
0.127677
0.0110284
0.016665
0.0224948
0.0284226
0.0343726
0.0403168
0.0462471
0.052162
0.0580612
0.0639439
0.0698077
0.0756493
0.0814665
0.0872625
0.0930534
0.0988821
0.104839
0.111065
0.117758
0.125248
0.00814195
0.0148483
0.0213777
0.0277658
0.034
0.0401142
0.0461438
0.0521114
0.0580289
0.063898
0.0697119
0.0754569
0.0811158
0.0866724
0.0921222
0.0974914
0.102889
0.108508
0.11469
0.122246
0.00481989
0.0131422
0.0205163
0.0273686
0.0338306
0.040053
0.0461342
0.0521239
0.0580435
0.0638949
0.0696649
0.0753275
0.0808472
0.086183
0.091298
0.0961854
0.100947
0.105807
0.111201
0.118678
0.00301298
0.013069
0.0207562
0.0276684
0.0340818
0.0402383
0.0462718
0.0522325
0.0581345
0.0639706
0.0697165
0.0753318
0.0807597
0.085927
0.0907471
0.0951478
0.0991878
0.10293
0.106622
0.112787
0.0081967
0.0184494
0.0239003
0.0294166
0.0350542
0.040793
0.0466161
0.052483
0.0583567
0.0642017
0.0699749
0.0756174
0.0810445
0.0861341
0.0907095
0.0945203
0.0972395
0.0986229
0.0977472
0.0987888
0.0120439
0.0173015
0.0228534
0.0285739
0.0343803
0.0402248
0.046085
0.0519557
0.0578447
0.0637705
0.0697632
0.0758649
0.0821305
0.0886254
0.0954206
0.102579
0.110139
0.118078
0.126289
0.134543
0.0138184
0.0186547
0.0238408
0.0292711
0.0348648
0.0405656
0.0463384
0.0521652
0.058042
0.063977
0.0699896
0.0761092
0.0823745
0.0888303
0.0955223
0.102487
0.109738
0.117243
0.124909
0.132552
0.0144598
0.0191461
0.0242052
0.0295361
0.0350571
0.0407085
0.0464501
0.0522584
0.0581237
0.0640478
0.0700429
0.07613
0.082338
0.0887011
0.0952556
0.102033
0.109051
0.116296
0.123702
0.131132
0.0142396
0.0189735
0.024082
0.0294585
0.0350166
0.0406959
0.0464565
0.0522747
0.058139
0.0640477
0.0700069
0.0760302
0.0821376
0.0883551
0.0947145
0.101253
0.108005
0.114995
0.122216
0.129599
0.0131101
0.0181288
0.0234834
0.0290582
0.0347639
0.0405465
0.0463752
0.0522326
0.05811
0.064005
0.0699189
0.0758574
0.0818303
0.0878543
0.0939562
0.100181
0.106584
0.113251
0.120259
0.127677
0.0110284
0.016665
0.0224948
0.0284225
0.0343726
0.0403168
0.0462471
0.052162
0.0580612
0.0639439
0.0698077
0.0756493
0.0814665
0.0872625
0.0930534
0.0988821
0.104839
0.111065
0.117758
0.125248
0.00814194
0.0148483
0.0213777
0.0277658
0.034
0.0401142
0.0461438
0.0521114
0.0580289
0.063898
0.0697119
0.0754569
0.0811158
0.0866724
0.0921222
0.0974914
0.102889
0.108508
0.11469
0.122246
0.00481988
0.0131422
0.0205163
0.0273686
0.0338306
0.040053
0.0461342
0.0521239
0.0580435
0.0638949
0.0696649
0.0753275
0.0808472
0.086183
0.091298
0.0961854
0.100947
0.105807
0.111201
0.118678
0.00301297
0.013069
0.0207562
0.0276684
0.0340818
0.0402383
0.0462718
0.0522325
0.0581345
0.0639706
0.0697165
0.0753318
0.0807597
0.085927
0.0907471
0.0951478
0.0991878
0.10293
0.106622
0.112787
0.00819669
0.0184494
0.0239003
0.0294166
0.0350542
0.040793
0.0466161
0.052483
0.0583567
0.0642017
0.0699749
0.0756174
0.0810445
0.0861341
0.0907095
0.0945203
0.0972395
0.098623
0.0977472
0.0987889
0.0120691
0.0173191
0.022865
0.0285812
0.0343847
0.0402275
0.0460868
0.0519572
0.0578463
0.0637725
0.0697659
0.0758685
0.082135
0.0886308
0.0954263
0.102585
0.110142
0.118078
0.126281
0.134525
0.0137967
0.0186366
0.0238265
0.0292603
0.0348567
0.0405596
0.0463337
0.0521612
0.0580382
0.063973
0.0699851
0.0761043
0.0823695
0.0888259
0.0955195
0.102488
0.109743
0.117256
0.12493
0.132581
0.0144571
0.0191414
0.0242
0.0295313
0.035053
0.0407052
0.0464476
0.0522565
0.0581222
0.0640466
0.0700419
0.0761292
0.0823375
0.088701
0.0952561
0.102035
0.109054
0.1163
0.123708
0.131137
0.0142354
0.0189666
0.0240753
0.0294525
0.0350119
0.0406923
0.046454
0.052273
0.0581379
0.0640469
0.0700064
0.0760298
0.0821373
0.088355
0.0947148
0.101254
0.108007
0.114998
0.122221
0.129604
0.0130986
0.018116
0.023473
0.0290501
0.0347582
0.0405428
0.0463729
0.0522311
0.0581091
0.0640043
0.0699183
0.0758568
0.0818296
0.0878535
0.0939557
0.100182
0.106585
0.113254
0.12027
0.127691
0.0110036
0.0166441
0.0224818
0.0284139
0.0343675
0.0403141
0.0462458
0.0521613
0.058061
0.0639438
0.0698076
0.075649
0.081466
0.0872617
0.0930524
0.0988817
0.104839
0.111066
0.117776
0.125285
0.00807582
0.0148051
0.021358
0.0277555
0.0339956
0.0401129
0.0461436
0.0521117
0.0580292
0.0638982
0.0697118
0.0754566
0.0811151
0.0866712
0.0921204
0.0974901
0.10289
0.108514
0.114731
0.122345
0.00470735
0.0130971
0.0205073
0.0273651
0.033831
0.0400548
0.0461358
0.0521253
0.0580447
0.0638959
0.0696657
0.0753282
0.0808475
0.0861826
0.0912964
0.0961846
0.100948
0.105802
0.111238
0.118837
0.00287202
0.0131312
0.0208252
0.0276976
0.0340967
0.0402473
0.0462773
0.0522366
0.0581384
0.063975
0.0697218
0.0753382
0.0807669
0.0859337
0.0907507
0.0951462
0.0991687
0.102845
0.106508
0.112961
0.00737728
0.018313
0.0238912
0.0293946
0.03504
0.0407864
0.0466124
0.0524804
0.0583545
0.0641992
0.0699719
0.0756135
0.0810399
0.0861291
0.0907058
0.0945236
0.0972495
0.0985937
0.0978084
0.099815
0.142461
0.149665
0.155742
0.160391
0.163453
0.164923
0.16496
0.163905
0.162283
0.160731
0.139927
0.146618
0.152328
0.156809
0.159928
0.161684
0.162209
0.161776
0.160699
0.159177
0.138333
0.144932
0.150608
0.155115
0.158322
0.160218
0.160916
0.160648
0.159577
0.157587
0.136914
0.143691
0.149561
0.154254
0.157623
0.159648
0.160429
0.160174
0.158954
0.156449
0.135343
0.142528
0.14879
0.153817
0.157445
0.15965
0.160531
0.160289
0.158948
0.156078
0.1336
0.141456
0.1483
0.153797
0.157772
0.160217
0.161239
0.16105
0.159665
0.156619
0.131872
0.140677
0.148248
0.154293
0.158659
0.161372
0.162572
0.162488
0.161152
0.158114
0.130574
0.140613
0.148956
0.155533
0.160243
0.163193
0.16457
0.164626
0.163421
0.16056
0.129936
0.141914
0.150981
0.157901
0.162758
0.165807
0.167293
0.167481
0.16646
0.16391
0.134543
0.147662
0.155894
0.162158
0.166555
0.169362
0.170788
0.171045
0.17022
0.168067
0.142492
0.149709
0.155794
0.160448
0.16351
0.164975
0.165003
0.163935
0.162299
0.16073
0.139892
0.146578
0.152283
0.156762
0.159882
0.161642
0.162173
0.16175
0.160695
0.159156
0.138334
0.144936
0.150613
0.155122
0.158328
0.160222
0.160916
0.160646
0.159594
0.157556
0.136921
0.143703
0.149575
0.154268
0.157636
0.159658
0.160432
0.160175
0.158981
0.15641
0.13535
0.142539
0.148801
0.153827
0.157453
0.159656
0.16053
0.160287
0.158979
0.156034
0.133611
0.141468
0.148311
0.153808
0.157781
0.160222
0.161237
0.161049
0.1597
0.156572
0.131896
0.140693
0.14826
0.154305
0.158667
0.161377
0.16257
0.162486
0.161187
0.158068
0.130712
0.140668
0.148979
0.155547
0.16025
0.163196
0.164567
0.164624
0.163453
0.160515
0.130256
0.141929
0.150958
0.157893
0.162752
0.165804
0.167287
0.167478
0.166488
0.163869
0.134439
0.1473
0.155732
0.162111
0.166537
0.169356
0.170783
0.171043
0.170245
0.168034
0.142492
0.149709
0.155794
0.160448
0.16351
0.164975
0.165003
0.163935
0.162299
0.16073
0.139892
0.146578
0.152283
0.156762
0.159882
0.161642
0.162173
0.16175
0.160695
0.159156
0.138334
0.144936
0.150613
0.155122
0.158328
0.160222
0.160916
0.160646
0.159594
0.157556
0.13692
0.143702
0.149575
0.154268
0.157636
0.159658
0.160432
0.160175
0.158981
0.15641
0.13535
0.142539
0.148801
0.153827
0.157453
0.159656
0.16053
0.160287
0.158979
0.156034
0.133611
0.141468
0.148311
0.153808
0.157781
0.160222
0.161237
0.161049
0.1597
0.156572
0.131896
0.140693
0.14826
0.154305
0.158667
0.161377
0.16257
0.162486
0.161187
0.158068
0.130712
0.140668
0.148979
0.155547
0.16025
0.163196
0.164567
0.164624
0.163453
0.160515
0.130256
0.141929
0.150958
0.157893
0.162752
0.165804
0.167287
0.167478
0.166488
0.163869
0.134439
0.1473
0.155732
0.162111
0.166537
0.169356
0.170783
0.171043
0.170245
0.168034
0.142461
0.149665
0.155742
0.160391
0.163453
0.164923
0.16496
0.163905
0.162282
0.160731
0.139927
0.146618
0.152328
0.156809
0.159928
0.161683
0.162209
0.161775
0.160699
0.159176
0.138333
0.144932
0.150608
0.155115
0.158322
0.160218
0.160916
0.160647
0.159577
0.157587
0.136914
0.143691
0.149561
0.154254
0.157623
0.159648
0.160429
0.160174
0.158954
0.156449
0.135343
0.142528
0.14879
0.153817
0.157445
0.15965
0.160531
0.160289
0.158948
0.156078
0.1336
0.141456
0.1483
0.153797
0.157772
0.160217
0.161239
0.16105
0.159665
0.156619
0.131872
0.140677
0.148248
0.154293
0.158659
0.161372
0.162572
0.162488
0.161152
0.158114
0.130574
0.140613
0.148956
0.155533
0.160243
0.163193
0.16457
0.164626
0.163421
0.16056
0.129936
0.141914
0.150981
0.157901
0.162758
0.165807
0.167293
0.167481
0.16646
0.16391
0.134543
0.147662
0.155894
0.162158
0.166555
0.169362
0.170787
0.171045
0.17022
0.168067
0.168047
0.163542
0.165387
0.168775
0.171727
0.173847
0.175008
0.175249
0.174603
0.172883
0.178929
0.173764
0.173752
0.17549
0.177363
0.17887
0.179753
0.179955
0.179472
0.178172
0.184449
0.181418
0.181135
0.182027
0.183196
0.184233
0.184876
0.185037
0.184696
0.183768
0.189887
0.18825
0.187967
0.18841
0.189124
0.189815
0.190267
0.190392
0.190166
0.189545
0.195463
0.194615
0.194416
0.194641
0.195075
0.195526
0.195835
0.19593
0.195795
0.195415
0.201147
0.200747
0.20064
0.200762
0.201024
0.201309
0.201513
0.201583
0.201515
0.201319
0.206937
0.206795
0.206755
0.206821
0.206966
0.207129
0.207248
0.207292
0.207271
0.207215
0.212816
0.212846
0.212839
0.212856
0.212906
0.212963
0.213002
0.213011
0.213015
0.213069
0.218813
0.218948
0.218948
0.218903
0.218851
0.218795
0.218741
0.218697
0.218703
0.218838
0.224963
0.225159
0.225131
0.224993
0.224809
0.224611
0.224434
0.224307
0.224287
0.224473
0.231331
0.23154
0.231435
0.231154
0.230788
0.230399
0.230051
0.229799
0.229714
0.229909
0.238011
0.238158
0.237907
0.237414
0.236794
0.236144
0.235563
0.23513
0.234928
0.235072
0.245121
0.245083
0.244588
0.243791
0.242828
0.241834
0.240945
0.240264
0.239874
0.239876
0.252809
0.252376
0.251504
0.250291
0.248885
0.247459
0.246182
0.245176
0.244511
0.244233
0.261266
0.26005
0.258629
0.256882
0.254938
0.253007
0.251275
0.24987
0.248826
0.248069
0.270601
0.26809
0.265856
0.26346
0.260922
0.25846
0.256249
0.254393
0.252847
0.251367
0.280902
0.276162
0.272844
0.269761
0.266678
0.263775
0.261155
0.258854
0.256692
0.254164
0.291826
0.2835
0.278886
0.275267
0.271892
0.268843
0.26606
0.263437
0.260584
0.256627
0.303275
0.289116
0.282819
0.279039
0.275959
0.273401
0.271003
0.268404
0.264894
0.259094
0.314719
0.289625
0.281479
0.278914
0.277618
0.276878
0.275938
0.274091
0.270182
0.26216
0.168866
0.163682
0.1655
0.168841
0.171752
0.173859
0.175012
0.175252
0.174625
0.172857
0.179065
0.173702
0.173797
0.175533
0.177384
0.178883
0.179759
0.179959
0.17949
0.178154
0.184458
0.18135
0.181144
0.182047
0.183209
0.184243
0.184883
0.185042
0.18471
0.183757
0.189909
0.188222
0.187971
0.18842
0.189133
0.189823
0.190273
0.190396
0.190176
0.189538
0.195477
0.194601
0.194415
0.194646
0.19508
0.195531
0.19584
0.195934
0.195802
0.195411
0.201152
0.200741
0.200638
0.200764
0.201026
0.201312
0.201516
0.201585
0.201518
0.201318
0.206939
0.206793
0.206754
0.206821
0.206967
0.207131
0.20725
0.207294
0.207272
0.207215
0.212816
0.212847
0.212839
0.212856
0.212906
0.212964
0.213003
0.213012
0.213014
0.213071
0.218811
0.218951
0.218948
0.218903
0.218851
0.218796
0.218742
0.218698
0.2187
0.218841
0.224959
0.225164
0.22513
0.224992
0.224809
0.224612
0.224434
0.224307
0.224283
0.224476
0.231327
0.231545
0.231434
0.231153
0.230788
0.230398
0.230051
0.229799
0.229709
0.229914
0.238005
0.238163
0.237905
0.237412
0.236793
0.236143
0.235563
0.235131
0.234923
0.235078
0.245115
0.245085
0.244586
0.243789
0.242827
0.241833
0.240945
0.240265
0.239872
0.239881
0.252805
0.252371
0.2515
0.250288
0.248882
0.247458
0.246182
0.245177
0.244512
0.244237
0.261266
0.260031
0.258623
0.256878
0.254935
0.253005
0.251275
0.249873
0.248835
0.24807
0.270613
0.268052
0.265848
0.263456
0.260917
0.258458
0.256249
0.254398
0.252868
0.251362
0.280954
0.276094
0.272837
0.26976
0.266672
0.263774
0.261156
0.258862
0.25673
0.25415
0.2919
0.283329
0.278863
0.275265
0.271885
0.268842
0.266062
0.26345
0.260648
0.256599
0.303401
0.288786
0.28282
0.279081
0.275973
0.273413
0.271012
0.268425
0.264991
0.259046
0.316059
0.28972
0.281772
0.279099
0.277687
0.276911
0.275954
0.274121
0.270323
0.262083
0.168866
0.163683
0.1655
0.168841
0.171752
0.173859
0.175012
0.175252
0.174625
0.172857
0.179065
0.173702
0.173797
0.175533
0.177384
0.178883
0.179759
0.179959
0.17949
0.178154
0.184458
0.18135
0.181144
0.182047
0.183209
0.184243
0.184883
0.185042
0.18471
0.183757
0.189909
0.188222
0.187971
0.18842
0.189133
0.189823
0.190273
0.190396
0.190176
0.189538
0.195477
0.194601
0.194415
0.194646
0.19508
0.195531
0.19584
0.195934
0.195802
0.195411
0.201152
0.200741
0.200638
0.200764
0.201026
0.201312
0.201516
0.201585
0.201518
0.201318
0.206939
0.206793
0.206754
0.206821
0.206967
0.207131
0.20725
0.207294
0.207272
0.207215
0.212816
0.212847
0.212839
0.212856
0.212906
0.212965
0.213003
0.213012
0.213014
0.213071
0.218811
0.218951
0.218948
0.218903
0.218851
0.218796
0.218742
0.218698
0.2187
0.218841
0.224959
0.225164
0.22513
0.224992
0.224809
0.224612
0.224434
0.224307
0.224283
0.224476
0.231327
0.231545
0.231434
0.231153
0.230788
0.230398
0.230051
0.229799
0.229709
0.229914
0.238005
0.238163
0.237906
0.237412
0.236793
0.236143
0.235563
0.235131
0.234923
0.235078
0.245115
0.245085
0.244586
0.243789
0.242827
0.241833
0.240945
0.240265
0.239872
0.239881
0.252805
0.252371
0.2515
0.250288
0.248882
0.247458
0.246182
0.245177
0.244512
0.244237
0.261266
0.260031
0.258623
0.256878
0.254935
0.253005
0.251275
0.249873
0.248835
0.24807
0.270613
0.268052
0.265848
0.263456
0.260917
0.258458
0.256249
0.254398
0.252868
0.251362
0.280954
0.276094
0.272837
0.26976
0.266672
0.263774
0.261156
0.258863
0.25673
0.25415
0.2919
0.283329
0.278863
0.275265
0.271885
0.268842
0.266062
0.26345
0.260648
0.256599
0.303401
0.288786
0.28282
0.279081
0.275973
0.273413
0.271012
0.268425
0.264991
0.259046
0.316059
0.28972
0.281772
0.279099
0.277687
0.276911
0.275954
0.274121
0.270323
0.262083
0.168047
0.163542
0.165387
0.168775
0.171727
0.173847
0.175008
0.175249
0.174603
0.172883
0.178929
0.173764
0.173752
0.17549
0.177363
0.17887
0.179753
0.179955
0.179472
0.178172
0.184449
0.181418
0.181135
0.182027
0.183196
0.184233
0.184876
0.185037
0.184696
0.183768
0.189887
0.18825
0.187967
0.18841
0.189124
0.189815
0.190267
0.190392
0.190166
0.189545
0.195463
0.194615
0.194416
0.194641
0.195075
0.195526
0.195835
0.19593
0.195795
0.195415
0.201147
0.200747
0.20064
0.200762
0.201024
0.201309
0.201513
0.201583
0.201515
0.201319
0.206937
0.206795
0.206755
0.206821
0.206966
0.207129
0.207248
0.207292
0.207271
0.207215
0.212816
0.212846
0.212839
0.212856
0.212906
0.212963
0.213002
0.213011
0.213015
0.213069
0.218813
0.218948
0.218948
0.218903
0.218851
0.218795
0.218741
0.218697
0.218703
0.218838
0.224963
0.225159
0.225131
0.224993
0.224809
0.224612
0.224434
0.224307
0.224287
0.224473
0.231331
0.23154
0.231435
0.231154
0.230788
0.230399
0.230051
0.229799
0.229714
0.229909
0.238011
0.238158
0.237907
0.237414
0.236794
0.236144
0.235563
0.23513
0.234928
0.235072
0.245121
0.245083
0.244588
0.243791
0.242828
0.241834
0.240945
0.240264
0.239874
0.239876
0.252809
0.252376
0.251504
0.250291
0.248885
0.247459
0.246182
0.245176
0.244511
0.244233
0.261266
0.26005
0.258629
0.256883
0.254938
0.253007
0.251275
0.24987
0.248826
0.248069
0.270601
0.26809
0.265856
0.26346
0.260922
0.25846
0.256249
0.254393
0.252847
0.251367
0.280902
0.276163
0.272844
0.269761
0.266678
0.263775
0.261155
0.258854
0.256692
0.254164
0.291826
0.2835
0.278886
0.275267
0.271892
0.268843
0.26606
0.263437
0.260584
0.256627
0.303275
0.289116
0.282819
0.279039
0.275959
0.273401
0.271003
0.268404
0.264894
0.259094
0.314719
0.289625
0.28148
0.278914
0.277618
0.276878
0.275938
0.274091
0.270182
0.26216
0.253497
0.262171
0.267652
0.271828
0.275407
0.27865
0.280839
0.280977
0.277291
0.266801
0.224399
0.240414
0.251752
0.261341
0.27042
0.279042
0.286069
0.289835
0.287477
0.274576
0.207011
0.222458
0.235873
0.249373
0.2638
0.278718
0.2923
0.301796
0.30256
0.287933
0.193514
0.207378
0.221555
0.237925
0.257286
0.279034
0.300812
0.318601
0.325225
0.310813
0.183631
0.196219
0.210789
0.229419
0.253287
0.282137
0.313654
0.342818
0.359446
0.34969
0.177643
0.189834
0.205151
0.226024
0.254275
0.290508
0.33335
0.377763
0.410827
0.414705
0.175401
0.188275
0.205119
0.228741
0.261717
0.305957
0.362063
0.426712
0.485933
0.520234
0.176054
0.190375
0.209346
0.236163
0.274313
0.327472
0.399334
0.489973
0.589846
0.693511
0.177936
0.193417
0.21383
0.242692
0.284451
0.345035
0.432785
0.555951
0.724724
1.00452
0.179405
0.194356
0.21359
0.240484
0.279748
0.338764
0.431557
0.585671
0.871939
1.48899
0.253827
0.261685
0.267521
0.271816
0.275404
0.278658
0.280844
0.281011
0.277486
0.266689
0.22483
0.240364
0.251694
0.261309
0.270398
0.279036
0.286062
0.289872
0.28774
0.274424
0.207271
0.22248
0.235844
0.249334
0.263761
0.278692
0.29227
0.301831
0.302902
0.287738
0.193606
0.207364
0.221505
0.237858
0.257214
0.278969
0.300739
0.318619
0.325638
0.310573
0.183659
0.196188
0.21072
0.229323
0.253174
0.282015
0.313515
0.342795
0.359883
0.349433
0.177651
0.189798
0.205072
0.225906
0.254117
0.290308
0.333107
0.377646
0.411186
0.414654
0.175416
0.188253
0.205052
0.228618
0.26152
0.305643
0.361631
0.426384
0.485905
0.520717
0.176098
0.190409
0.209367
0.236164
0.274261
0.327271
0.398963
0.489663
0.588501
0.693182
0.178006
0.193529
0.214013
0.242981
0.284881
0.345596
0.433529
0.556556
0.721478
1.00222
0.179456
0.194396
0.213611
0.240489
0.279763
0.338842
0.431917
0.586108
0.868249
1.49824
0.253827
0.261685
0.267522
0.271816
0.275404
0.278658
0.280844
0.281011
0.277486
0.266689
0.22483
0.240364
0.251694
0.261309
0.270398
0.279036
0.286062
0.289872
0.28774
0.274424
0.207271
0.22248
0.235844
0.249334
0.263761
0.278692
0.29227
0.301831
0.302902
0.287738
0.193606
0.207364
0.221505
0.237858
0.257214
0.278969
0.300739
0.318619
0.325638
0.310573
0.183659
0.196188
0.21072
0.229323
0.253174
0.282015
0.313515
0.342795
0.359883
0.349433
0.177651
0.189798
0.205072
0.225906
0.254117
0.290308
0.333107
0.377646
0.411186
0.414654
0.175416
0.188253
0.205052
0.228618
0.26152
0.305643
0.361631
0.426384
0.485905
0.520717
0.176098
0.190409
0.209367
0.236164
0.274261
0.327271
0.398963
0.489663
0.588501
0.693182
0.178006
0.193529
0.214013
0.242981
0.284881
0.345596
0.433529
0.556556
0.721478
1.00222
0.179456
0.194396
0.213611
0.240489
0.279763
0.338842
0.431917
0.586108
0.868249
1.49824
0.253497
0.262171
0.267652
0.271828
0.275407
0.27865
0.28084
0.280977
0.277291
0.266801
0.224399
0.240414
0.251752
0.261341
0.27042
0.279042
0.286069
0.289835
0.287477
0.274576
0.207011
0.222458
0.235873
0.249373
0.2638
0.278718
0.2923
0.301796
0.30256
0.287933
0.193515
0.207378
0.221556
0.237925
0.257286
0.279035
0.300812
0.318601
0.325225
0.310813
0.183632
0.196219
0.210789
0.229419
0.253287
0.282137
0.313654
0.342818
0.359446
0.34969
0.177643
0.189834
0.205151
0.226025
0.254275
0.290508
0.33335
0.377763
0.410827
0.414705
0.175402
0.188275
0.205119
0.228741
0.261717
0.305957
0.362063
0.426712
0.485934
0.520234
0.176054
0.190375
0.209346
0.236163
0.274313
0.327472
0.399334
0.489973
0.589846
0.693511
0.177936
0.193417
0.21383
0.242692
0.284451
0.345035
0.432785
0.555951
0.724724
1.00452
0.179405
0.194356
0.21359
0.240484
0.279748
0.338764
0.431557
0.585671
0.871939
1.48899
-0.152285
-0.131721
-0.113823
-0.0972795
-0.0807275
-0.0639725
-0.0470138
-0.0298915
-0.0126693
0.0045788
0.021774
0.0388439
0.0557096
0.0723262
0.0887129
0.105051
0.121817
0.14004
0.16301
0.200668
-0.138635
-0.125167
-0.110689
-0.095474
-0.0795766
-0.0632062
-0.0464976
-0.0295485
-0.0124446
0.00473825
0.0219327
0.0390758
0.0561316
0.0730948
0.0900363
0.107162
0.12487
0.143787
0.165438
0.19337
-0.135574
-0.123556
-0.109858
-0.0950105
-0.0793327
-0.0630843
-0.0464359
-0.0295089
-0.012397
0.00482452
0.0220938
0.0393598
0.0565885
0.0737708
0.0909451
0.108229
0.125839
0.144078
0.163519
0.185115
-0.136861
-0.124512
-0.110615
-0.0956202
-0.0798285
-0.063476
-0.0467287
-0.029705
-0.0124919
0.00484448
0.0222507
0.0396809
0.0570937
0.0744528
0.0917308
0.108916
0.126014
0.143029
0.160028
0.177133
-0.139683
-0.126625
-0.112211
-0.096818
-0.0807212
-0.0641304
-0.0471926
-0.0300093
-0.0126517
0.00482808
0.0223869
0.0399811
0.057558
0.0750459
0.0923464
0.109327
0.125816
0.141607
0.156528
0.170541
-0.142272
-0.128556
-0.113642
-0.0978629
-0.0814735
-0.0646609
-0.0475523
-0.0302319
-0.0127555
0.00483624
0.0225068
0.0402111
0.0578823
0.0754163
0.0926575
0.109389
0.125334
0.140195
0.153754
0.166064
-0.142949
-0.128954
-0.113872
-0.0979876
-0.0815318
-0.0646757
-0.047536
-0.0301894
-0.012687
0.00493292
0.0226322
0.0403591
0.0580328
0.0755264
0.0926525
0.109157
0.124737
0.139098
0.15209
0.163917
-0.140812
-0.127145
-0.112417
-0.0968562
-0.0806723
-0.0640319
-0.0470565
-0.029832
-0.0124194
0.00513252
0.022775
0.0404443
0.0580475
0.0754463
0.0924457
0.108796
0.124218
0.13848
0.151535
0.163733
-0.135864
-0.123307
-0.10953
-0.0947351
-0.0791427
-0.0629438
-0.0462909
-0.0292991
-0.0120553
0.00537124
0.0229167
0.0405029
0.0580278
0.075352
0.0922875
0.108604
0.124061
0.138482
0.15189
0.164699
-0.127762
-0.117472
-0.10542
-0.0918981
-0.0772173
-0.0616566
-0.0454428
-0.0287499
-0.0117081
0.00558247
0.0230361
0.0405726
0.0580907
0.0754543
0.092486
0.108968
0.124665
0.139391
0.153122
0.166173
-0.152644
-0.131599
-0.113808
-0.0973013
-0.0807399
-0.06398
-0.0470191
-0.0298948
-0.012671
0.00457848
0.0217746
0.0388447
0.0557096
0.0723235
0.0887033
0.10503
0.121794
0.139992
0.162678
0.200037
-0.138577
-0.125001
-0.110614
-0.0954378
-0.0795504
-0.0631878
-0.046485
-0.02954
-0.0124391
0.00474153
0.021935
0.0390784
0.0561367
0.0731054
0.0900555
0.107194
0.12493
0.143862
0.165341
0.193108
-0.135633
-0.12353
-0.109833
-0.0949922
-0.079318
-0.0630737
-0.0464286
-0.0295037
-0.0123934
0.00482688
0.0220953
0.0393608
0.0565891
0.0737711
0.0909437
0.108224
0.125833
0.14406
0.163427
0.185027
-0.136903
-0.12451
-0.110605
-0.0956106
-0.07982
-0.0634694
-0.046724
-0.0297017
-0.0124895
0.00484611
0.0222518
0.0396816
0.0570941
0.0744525
0.0917286
0.108911
0.126003
0.143007
0.159977
0.177102
-0.139708
-0.126631
-0.112213
-0.0968177
-0.08072
-0.0641291
-0.0471916
-0.0300087
-0.0126514
0.00482831
0.0223871
0.0399816
0.0575587
0.0750468
0.0923472
0.109327
0.125814
0.141601
0.156512
0.170536
-0.142309
-0.12858
-0.113659
-0.0978747
-0.0814817
-0.0646666
-0.0475565
-0.0302349
-0.0127577
0.00483467
0.0225058
0.0402107
0.0578825
0.0754171
0.0926589
0.109391
0.125337
0.140198
0.153756
0.16607
-0.14299
-0.128985
-0.113895
-0.0980043
-0.0815438
-0.0646843
-0.0475421
-0.0301938
-0.0126902
0.00493042
0.0226303
0.0403577
0.0580321
0.0755268
0.0926545
0.109162
0.124745
0.139111
0.152106
0.163936
-0.140848
-0.12717
-0.112433
-0.0968667
-0.0806789
-0.0640359
-0.0470591
-0.0298337
-0.0124208
0.00513102
0.0227731
0.040442
0.0580451
0.0754446
0.0924458
0.108799
0.124228
0.138499
0.151565
0.163772
-0.135961
-0.123368
-0.109566
-0.0947556
-0.0791534
-0.0629489
-0.0462929
-0.0292997
-0.0120555
0.00537045
0.0229148
0.0404994
0.0580225
0.0753452
0.09228
0.108598
0.124059
0.13849
0.151913
0.164743
-0.127706
-0.117433
-0.105394
-0.0918802
-0.0772055
-0.061649
-0.0454382
-0.0287476
-0.0117075
0.00558196
0.023035
0.0405716
0.0580907
0.0754569
0.0924938
0.108984
0.124692
0.139431
0.153174
0.166229
-0.152644
-0.131599
-0.113808
-0.0973013
-0.0807399
-0.0639799
-0.047019
-0.0298948
-0.012671
0.00457848
0.0217746
0.0388447
0.0557096
0.0723235
0.0887033
0.10503
0.121794
0.139992
0.162678
0.200037
-0.138577
-0.125001
-0.110614
-0.0954378
-0.0795504
-0.0631878
-0.046485
-0.02954
-0.0124391
0.00474153
0.021935
0.0390784
0.0561367
0.0731055
0.0900555
0.107194
0.12493
0.143862
0.165341
0.193108
-0.135633
-0.12353
-0.109833
-0.0949922
-0.0793179
-0.0630737
-0.0464286
-0.0295037
-0.0123934
0.00482688
0.0220953
0.0393608
0.0565891
0.0737711
0.0909437
0.108224
0.125833
0.14406
0.163427
0.185027
-0.136903
-0.12451
-0.110605
-0.0956106
-0.07982
-0.0634694
-0.0467239
-0.0297017
-0.0124895
0.00484611
0.0222518
0.0396817
0.0570941
0.0744525
0.0917286
0.108911
0.126003
0.143007
0.159977
0.177102
-0.139708
-0.126631
-0.112213
-0.0968177
-0.08072
-0.0641291
-0.0471916
-0.0300087
-0.0126514
0.0048283
0.0223871
0.0399816
0.0575587
0.0750468
0.0923472
0.109327
0.125814
0.141601
0.156512
0.170536
-0.142309
-0.12858
-0.113659
-0.0978747
-0.0814817
-0.0646666
-0.0475565
-0.0302349
-0.0127577
0.00483467
0.0225058
0.0402107
0.0578825
0.0754171
0.0926589
0.109391
0.125337
0.140198
0.153756
0.16607
-0.14299
-0.128985
-0.113895
-0.0980043
-0.0815438
-0.0646843
-0.0475421
-0.0301938
-0.0126902
0.00493042
0.0226303
0.0403577
0.0580321
0.0755268
0.0926544
0.109162
0.124745
0.139111
0.152106
0.163936
-0.140848
-0.12717
-0.112433
-0.0968667
-0.0806789
-0.0640359
-0.0470591
-0.0298337
-0.0124208
0.00513102
0.0227731
0.040442
0.0580451
0.0754446
0.0924458
0.108799
0.124228
0.138499
0.151565
0.163772
-0.135961
-0.123368
-0.109566
-0.0947556
-0.0791534
-0.0629489
-0.0462929
-0.0292997
-0.0120555
0.00537045
0.0229148
0.0404994
0.0580225
0.0753452
0.09228
0.108598
0.124059
0.13849
0.151913
0.164743
-0.127706
-0.117433
-0.105394
-0.0918802
-0.0772055
-0.061649
-0.0454382
-0.0287476
-0.0117075
0.00558196
0.023035
0.0405716
0.0580907
0.0754569
0.0924938
0.108984
0.124692
0.139431
0.153174
0.166229
-0.152285
-0.131721
-0.113823
-0.0972795
-0.0807275
-0.0639725
-0.0470138
-0.0298915
-0.0126693
0.0045788
0.021774
0.0388439
0.0557096
0.0723262
0.0887128
0.105051
0.121817
0.14004
0.16301
0.200668
-0.138635
-0.125167
-0.110689
-0.095474
-0.0795766
-0.0632062
-0.0464975
-0.0295485
-0.0124446
0.00473825
0.0219327
0.0390758
0.0561316
0.0730948
0.0900363
0.107162
0.12487
0.143787
0.165438
0.19337
-0.135574
-0.123556
-0.109858
-0.0950105
-0.0793327
-0.0630843
-0.0464359
-0.0295089
-0.012397
0.00482452
0.0220938
0.0393598
0.0565885
0.0737708
0.0909451
0.108229
0.125839
0.144078
0.163519
0.185115
-0.136861
-0.124512
-0.110615
-0.0956202
-0.0798285
-0.063476
-0.0467287
-0.029705
-0.0124919
0.00484448
0.0222507
0.0396809
0.0570937
0.0744528
0.0917308
0.108916
0.126014
0.143029
0.160028
0.177133
-0.139683
-0.126625
-0.112211
-0.096818
-0.0807212
-0.0641303
-0.0471926
-0.0300093
-0.0126517
0.00482807
0.0223869
0.0399812
0.057558
0.0750459
0.0923465
0.109327
0.125816
0.141607
0.156528
0.170541
-0.142272
-0.128556
-0.113642
-0.0978629
-0.0814735
-0.0646609
-0.0475523
-0.0302319
-0.0127555
0.00483624
0.0225068
0.0402112
0.0578823
0.0754163
0.0926575
0.109389
0.125334
0.140195
0.153754
0.166064
-0.142949
-0.128954
-0.113872
-0.0979876
-0.0815318
-0.0646757
-0.047536
-0.0301894
-0.012687
0.00493291
0.0226322
0.0403591
0.0580328
0.0755264
0.0926525
0.109157
0.124737
0.139098
0.15209
0.163917
-0.140812
-0.127145
-0.112417
-0.0968562
-0.0806724
-0.0640319
-0.0470565
-0.029832
-0.0124194
0.00513251
0.022775
0.0404443
0.0580475
0.0754463
0.0924457
0.108796
0.124218
0.13848
0.151536
0.163733
-0.135864
-0.123307
-0.10953
-0.0947351
-0.0791427
-0.0629438
-0.0462909
-0.0292991
-0.0120553
0.00537124
0.0229167
0.0405029
0.0580278
0.075352
0.0922876
0.108604
0.124061
0.138482
0.15189
0.164699
-0.127762
-0.117472
-0.10542
-0.0918981
-0.0772173
-0.0616566
-0.0454428
-0.0287499
-0.0117081
0.00558247
0.0230361
0.0405726
0.0580907
0.0754543
0.092486
0.108968
0.124665
0.139391
0.153122
0.166173
-0.155697
-0.158537
-0.159065
-0.158059
-0.156057
-0.15352
-0.151006
-0.149078
-0.149419
-0.155489
-0.163081
-0.16704
-0.167522
-0.165875
-0.162941
-0.159234
-0.155224
-0.15122
-0.147773
-0.145429
-0.172279
-0.177517
-0.17769
-0.175087
-0.171049
-0.166209
-0.160994
-0.155577
-0.150029
-0.144112
-0.184646
-0.191101
-0.190335
-0.186155
-0.180639
-0.174554
-0.168254
-0.161724
-0.154736
-0.14682
-0.202507
-0.209413
-0.206284
-0.199319
-0.191541
-0.183779
-0.176211
-0.168551
-0.1603
-0.150883
-0.230272
-0.234783
-0.226189
-0.214271
-0.20288
-0.192644
-0.183382
-0.174426
-0.165001
-0.154428
-0.276784
-0.27042
-0.250155
-0.229769
-0.212793
-0.199039
-0.187646
-0.17729
-0.166892
-0.155593
-0.361035
-0.318989
-0.276845
-0.243344
-0.218485
-0.200413
-0.186787
-0.175405
-0.164601
-0.15326
-0.538182
-0.375383
-0.29371
-0.244501
-0.212207
-0.191465
-0.177591
-0.166951
-0.157242
-0.147108
-0.923123
-0.43018
-0.263328
-0.205818
-0.176565
-0.161258
-0.153317
-0.147983
-0.142675
-0.136125
-0.155666
-0.1586
-0.159079
-0.158061
-0.156056
-0.153517
-0.151017
-0.149071
-0.149238
-0.155625
-0.163033
-0.167129
-0.167532
-0.165862
-0.162923
-0.159206
-0.155189
-0.151149
-0.147575
-0.145299
-0.172212
-0.17764
-0.177691
-0.175056
-0.171017
-0.166172
-0.160959
-0.155536
-0.149971
-0.144135
-0.184563
-0.191266
-0.190315
-0.186097
-0.18059
-0.174511
-0.16822
-0.161697
-0.154716
-0.146848
-0.202417
-0.209616
-0.206223
-0.199226
-0.191477
-0.183734
-0.176183
-0.168538
-0.160298
-0.150903
-0.230232
-0.23496
-0.226037
-0.214134
-0.202809
-0.19261
-0.183374
-0.174439
-0.165028
-0.154466
-0.277023
-0.270357
-0.249777
-0.229534
-0.212685
-0.198999
-0.187639
-0.177313
-0.166931
-0.155638
-0.361366
-0.31825
-0.276424
-0.243236
-0.218481
-0.200452
-0.186841
-0.175463
-0.164655
-0.153307
-0.536068
-0.372929
-0.294467
-0.245618
-0.212976
-0.192033
-0.178019
-0.167259
-0.157457
-0.147256
-0.93104
-0.425899
-0.263099
-0.206015
-0.176208
-0.160896
-0.153077
-0.147815
-0.142554
-0.136041
-0.155666
-0.1586
-0.159079
-0.158061
-0.156056
-0.153517
-0.151017
-0.149071
-0.149238
-0.155625
-0.163033
-0.167129
-0.167532
-0.165862
-0.162923
-0.159206
-0.155189
-0.151149
-0.147575
-0.145299
-0.172212
-0.17764
-0.177691
-0.175056
-0.171017
-0.166172
-0.160959
-0.155536
-0.149971
-0.144135
-0.184563
-0.191266
-0.190315
-0.186097
-0.18059
-0.174511
-0.16822
-0.161697
-0.154716
-0.146848
-0.202417
-0.209616
-0.206223
-0.199226
-0.191477
-0.183734
-0.176183
-0.168538
-0.160298
-0.150903
-0.230232
-0.23496
-0.226037
-0.214134
-0.202809
-0.19261
-0.183374
-0.174439
-0.165028
-0.154466
-0.277023
-0.270357
-0.249777
-0.229534
-0.212685
-0.198999
-0.187639
-0.177313
-0.166931
-0.155638
-0.361366
-0.31825
-0.276424
-0.243236
-0.218481
-0.200452
-0.186841
-0.175463
-0.164655
-0.153307
-0.536068
-0.372929
-0.294467
-0.245618
-0.212976
-0.192033
-0.178019
-0.167259
-0.157457
-0.147256
-0.93104
-0.425899
-0.263099
-0.206015
-0.176208
-0.160896
-0.153077
-0.147815
-0.142554
-0.136041
-0.155697
-0.158537
-0.159065
-0.158059
-0.156057
-0.15352
-0.151006
-0.149078
-0.149419
-0.155489
-0.163081
-0.16704
-0.167522
-0.165875
-0.162941
-0.159234
-0.155224
-0.15122
-0.147773
-0.145429
-0.172279
-0.177517
-0.17769
-0.175087
-0.171049
-0.166209
-0.160994
-0.155576
-0.150029
-0.144112
-0.184646
-0.191101
-0.190335
-0.186155
-0.180639
-0.174554
-0.168254
-0.161724
-0.154736
-0.14682
-0.202507
-0.209413
-0.206284
-0.199319
-0.191541
-0.183779
-0.176211
-0.168551
-0.1603
-0.150883
-0.230272
-0.234783
-0.226189
-0.214271
-0.20288
-0.192644
-0.183382
-0.174426
-0.165001
-0.154428
-0.276784
-0.270419
-0.250155
-0.229769
-0.212793
-0.199039
-0.187646
-0.17729
-0.166892
-0.155593
-0.361035
-0.318989
-0.276845
-0.243344
-0.218485
-0.200413
-0.186787
-0.175405
-0.164601
-0.15326
-0.538182
-0.375383
-0.29371
-0.244501
-0.212207
-0.191465
-0.177591
-0.166951
-0.157242
-0.147108
-0.923123
-0.43018
-0.263328
-0.205818
-0.176565
-0.161258
-0.153317
-0.147983
-0.142675
-0.136125
-0.0261976
-0.0281426
-0.0295872
-0.0311199
-0.0330333
-0.0354401
-0.03838
-0.0418903
-0.0477714
-0.060934
-0.0344419
-0.035794
-0.0370168
-0.0385034
-0.0404558
-0.0429506
-0.0459959
-0.0494917
-0.0542254
-0.0629335
-0.0426457
-0.0434686
-0.0444255
-0.0457274
-0.0474721
-0.0496605
-0.0522143
-0.0549279
-0.0578868
-0.0621423
-0.0505823
-0.0509824
-0.0516725
-0.0527201
-0.0541417
-0.0558885
-0.0578382
-0.0597807
-0.0615619
-0.0634837
-0.0581401
-0.0582394
-0.0586931
-0.0594739
-0.0605449
-0.0618459
-0.0632383
-0.0645432
-0.0655832
-0.0662081
-0.065299
-0.0652091
-0.0654742
-0.0660153
-0.0667728
-0.0676746
-0.0686055
-0.0694294
-0.0699772
-0.0700253
-0.0720943
-0.071905
-0.0720328
-0.0723782
-0.0728765
-0.0734642
-0.0740517
-0.0745404
-0.0747926
-0.0746026
-0.0785889
-0.0783644
-0.0784014
-0.0786006
-0.0789022
-0.0792579
-0.0796035
-0.0798711
-0.0799572
-0.0796935
-0.0848523
-0.0846341
-0.0846178
-0.0847155
-0.0848779
-0.0850717
-0.0852547
-0.0853832
-0.0853826
-0.0851236
-0.0909488
-0.0907605
-0.0907186
-0.0907512
-0.0908209
-0.0909077
-0.0909872
-0.0910333
-0.0909939
-0.0907726
-0.0969311
-0.0967846
-0.0967365
-0.0967311
-0.0967425
-0.096762
-0.0967795
-0.0967817
-0.0967322
-0.0965592
-0.102839
-0.10274
-0.102699
-0.102674
-0.10265
-0.102628
-0.102611
-0.102596
-0.102555
-0.102431
-0.108698
-0.108653
-0.108629
-0.108597
-0.108549
-0.1085
-0.108465
-0.10845
-0.108432
-0.108357
-0.114522
-0.114544
-0.114548
-0.114512
-0.114443
-0.114367
-0.114322
-0.114323
-0.114347
-0.114329
-0.120318
-0.120433
-0.120473
-0.120433
-0.120332
-0.12022
-0.120162
-0.120194
-0.120296
-0.120366
-0.126087
-0.126337
-0.126429
-0.126376
-0.126217
-0.12604
-0.125956
-0.12604
-0.126279
-0.12654
-0.131828
-0.13229
-0.132452
-0.132363
-0.132099
-0.131798
-0.131653
-0.131805
-0.132277
-0.133004
-0.137558
-0.138343
-0.138597
-0.138431
-0.137979
-0.137456
-0.137169
-0.137368
-0.138203
-0.140193
-0.143331
-0.144597
-0.144957
-0.144644
-0.14388
-0.14298
-0.142402
-0.142574
-0.14418
-0.149826
-0.149285
-0.151226
-0.151692
-0.151118
-0.14986
-0.148337
-0.147155
-0.14702
-0.150066
-0.162966
-0.026179
-0.0281719
-0.0295923
-0.0311251
-0.0330477
-0.0354763
-0.0384792
-0.0420493
-0.0479452
-0.0619611
-0.034434
-0.0358153
-0.0370228
-0.0385093
-0.040466
-0.0429679
-0.0460375
-0.0495286
-0.054111
-0.0629946
-0.042645
-0.0434815
-0.0444299
-0.0457306
-0.0474753
-0.0496623
-0.0522197
-0.0549227
-0.0578015
-0.0621131
-0.0505855
-0.0509883
-0.0516754
-0.052722
-0.054143
-0.0558883
-0.0578391
-0.0597817
-0.0615428
-0.0634937
-0.0581454
-0.05824
-0.0586948
-0.0594751
-0.060546
-0.0618451
-0.063237
-0.0645423
-0.0655815
-0.0662114
-0.0653048
-0.0652065
-0.0654749
-0.0660157
-0.0667725
-0.0676736
-0.0686036
-0.0694277
-0.0699807
-0.0700217
-0.0720997
-0.0719007
-0.0720328
-0.0723783
-0.0728758
-0.0734633
-0.0740504
-0.0745399
-0.0747992
-0.0745976
-0.0785934
-0.0783598
-0.0784012
-0.0786005
-0.0789016
-0.0792574
-0.0796027
-0.0798713
-0.0799643
-0.079689
-0.0848559
-0.0846298
-0.0846175
-0.0847155
-0.0848775
-0.0850715
-0.0852542
-0.0853836
-0.0853887
-0.08512
-0.0909515
-0.0907569
-0.0907183
-0.0907512
-0.0908207
-0.0909075
-0.0909868
-0.0910337
-0.0909987
-0.0907698
-0.0969331
-0.0967819
-0.0967364
-0.0967313
-0.0967424
-0.0967618
-0.0967791
-0.096782
-0.0967359
-0.0965572
-0.10284
-0.102738
-0.102699
-0.102675
-0.10265
-0.102628
-0.102611
-0.102596
-0.102557
-0.102429
-0.108698
-0.108653
-0.10863
-0.108597
-0.108549
-0.108499
-0.108464
-0.108449
-0.108433
-0.108356
-0.114523
-0.114545
-0.114549
-0.114513
-0.114443
-0.114366
-0.114321
-0.114321
-0.114348
-0.114328
-0.120319
-0.120436
-0.120475
-0.120435
-0.120333
-0.120219
-0.12016
-0.120191
-0.120294
-0.120366
-0.126086
-0.126344
-0.126434
-0.126379
-0.126219
-0.126039
-0.125952
-0.126034
-0.126272
-0.126544
-0.131826
-0.132301
-0.132459
-0.132368
-0.132102
-0.131798
-0.131649
-0.131799
-0.132266
-0.133015
-0.137553
-0.138362
-0.138606
-0.138438
-0.137984
-0.137457
-0.137166
-0.137358
-0.138154
-0.140154
-0.143322
-0.144626
-0.14497
-0.144654
-0.143888
-0.142985
-0.14241
-0.142571
-0.144048
-0.14968
-0.149267
-0.15127
-0.151707
-0.151128
-0.149872
-0.148356
-0.147209
-0.147113
-0.150077
-0.163435
-0.0261791
-0.0281719
-0.0295923
-0.0311251
-0.0330477
-0.0354763
-0.0384793
-0.0420493
-0.0479452
-0.0619612
-0.0344341
-0.0358154
-0.0370228
-0.0385094
-0.040466
-0.042968
-0.0460375
-0.0495287
-0.054111
-0.0629947
-0.042645
-0.0434815
-0.0444299
-0.0457306
-0.0474754
-0.0496624
-0.0522197
-0.0549228
-0.0578015
-0.0621131
-0.0505856
-0.0509883
-0.0516754
-0.052722
-0.054143
-0.0558884
-0.0578391
-0.0597818
-0.0615428
-0.0634937
-0.0581454
-0.05824
-0.0586948
-0.0594751
-0.060546
-0.0618451
-0.063237
-0.0645423
-0.0655815
-0.0662114
-0.0653048
-0.0652065
-0.0654749
-0.0660157
-0.0667725
-0.0676736
-0.0686036
-0.0694278
-0.0699807
-0.0700217
-0.0720997
-0.0719007
-0.0720328
-0.0723783
-0.0728758
-0.0734633
-0.0740504
-0.0745399
-0.0747992
-0.0745976
-0.0785934
-0.0783598
-0.0784012
-0.0786006
-0.0789016
-0.0792574
-0.0796027
-0.0798713
-0.0799643
-0.079689
-0.0848559
-0.0846298
-0.0846175
-0.0847155
-0.0848775
-0.0850715
-0.0852542
-0.0853836
-0.0853887
-0.08512
-0.0909515
-0.0907569
-0.0907183
-0.0907512
-0.0908207
-0.0909075
-0.0909868
-0.0910337
-0.0909987
-0.0907698
-0.0969331
-0.0967819
-0.0967364
-0.0967313
-0.0967424
-0.0967618
-0.0967791
-0.096782
-0.0967359
-0.0965572
-0.10284
-0.102738
-0.102699
-0.102675
-0.10265
-0.102628
-0.102611
-0.102596
-0.102557
-0.102429
-0.108698
-0.108653
-0.10863
-0.108597
-0.108549
-0.108499
-0.108464
-0.108449
-0.108433
-0.108356
-0.114523
-0.114545
-0.114549
-0.114513
-0.114443
-0.114366
-0.114321
-0.114321
-0.114348
-0.114328
-0.120319
-0.120436
-0.120475
-0.120435
-0.120333
-0.120219
-0.12016
-0.120191
-0.120294
-0.120366
-0.126086
-0.126344
-0.126434
-0.126379
-0.126219
-0.126039
-0.125952
-0.126034
-0.126272
-0.126544
-0.131826
-0.132301
-0.132459
-0.132368
-0.132102
-0.131798
-0.131649
-0.131799
-0.132266
-0.133015
-0.137553
-0.138362
-0.138606
-0.138438
-0.137984
-0.137457
-0.137166
-0.137358
-0.138154
-0.140154
-0.143322
-0.144625
-0.14497
-0.144654
-0.143888
-0.142985
-0.14241
-0.142571
-0.144048
-0.14968
-0.149267
-0.15127
-0.151707
-0.151128
-0.149872
-0.148356
-0.147209
-0.147113
-0.150077
-0.163435
-0.0261976
-0.0281427
-0.0295873
-0.03112
-0.0330334
-0.0354402
-0.0383801
-0.0418904
-0.0477714
-0.060934
-0.034442
-0.0357941
-0.0370169
-0.0385035
-0.0404559
-0.0429506
-0.045996
-0.0494918
-0.0542255
-0.0629336
-0.0426458
-0.0434687
-0.0444255
-0.0457275
-0.0474722
-0.0496605
-0.0522144
-0.0549279
-0.0578869
-0.0621424
-0.0505823
-0.0509825
-0.0516725
-0.0527202
-0.0541418
-0.0558886
-0.0578382
-0.0597808
-0.061562
-0.0634837
-0.0581402
-0.0582394
-0.0586932
-0.059474
-0.060545
-0.061846
-0.0632384
-0.0645432
-0.0655832
-0.0662081
-0.065299
-0.0652092
-0.0654743
-0.0660153
-0.0667729
-0.0676746
-0.0686055
-0.0694294
-0.0699772
-0.0700254
-0.0720943
-0.071905
-0.0720328
-0.0723783
-0.0728765
-0.0734642
-0.0740518
-0.0745404
-0.0747926
-0.0746026
-0.0785889
-0.0783644
-0.0784015
-0.0786006
-0.0789022
-0.0792579
-0.0796035
-0.0798711
-0.0799572
-0.0796935
-0.0848523
-0.0846342
-0.0846179
-0.0847155
-0.0848779
-0.0850718
-0.0852548
-0.0853832
-0.0853826
-0.0851237
-0.0909488
-0.0907605
-0.0907186
-0.0907512
-0.0908209
-0.0909077
-0.0909872
-0.0910333
-0.0909939
-0.0907726
-0.0969311
-0.0967846
-0.0967365
-0.0967311
-0.0967425
-0.096762
-0.0967795
-0.0967817
-0.0967322
-0.0965592
-0.102839
-0.10274
-0.102699
-0.102674
-0.10265
-0.102628
-0.102611
-0.102596
-0.102555
-0.102431
-0.108698
-0.108653
-0.108629
-0.108597
-0.108549
-0.1085
-0.108465
-0.10845
-0.108432
-0.108357
-0.114522
-0.114544
-0.114548
-0.114512
-0.114443
-0.114367
-0.114322
-0.114323
-0.114347
-0.114329
-0.120318
-0.120433
-0.120473
-0.120433
-0.120332
-0.12022
-0.120162
-0.120194
-0.120296
-0.120366
-0.126086
-0.126337
-0.126429
-0.126376
-0.126217
-0.12604
-0.125956
-0.12604
-0.126279
-0.12654
-0.131828
-0.13229
-0.132452
-0.132363
-0.132099
-0.131798
-0.131653
-0.131805
-0.132277
-0.133004
-0.137558
-0.138343
-0.138597
-0.138431
-0.137979
-0.137456
-0.137169
-0.137368
-0.138203
-0.140193
-0.143331
-0.144597
-0.144957
-0.144644
-0.143879
-0.142979
-0.142402
-0.142574
-0.14418
-0.149826
-0.149284
-0.151226
-0.151692
-0.151118
-0.14986
-0.148337
-0.147154
-0.14702
-0.150066
-0.162966
)
;

boundaryField
{
    carasuperior
    {
        type            zeroGradient;
    }
    lateralizquierda
    {
        type            zeroGradient;
    }
    lateralderecha
    {
        type            zeroGradient;
    }
    carainferior
    {
        type            zeroGradient;
    }
    carainteriores
    {
        type            zeroGradient;
    }
    defaultFaces
    {
        type            empty;
    }
}


// ************************************************************************* //
