/*--------------------------------*- C++ -*----------------------------------*\
| =========                 |                                                 |
| \\      /  F ield         | OpenFOAM: The Open Source CFD Toolbox           |
|  \\    /   O peration     | Version:  2.4.0                                 |
|   \\  /    A nd           | Web:      www.OpenFOAM.org                      |
|    \\/     M anipulation  |                                                 |
\*---------------------------------------------------------------------------*/
FoamFile
{
    version     2.0;
    format      ascii;
    class       volScalarField;
    location    "0.63";
    object      T;
}
// * * * * * * * * * * * * * * * * * * * * * * * * * * * * * * * * * * * * * //

dimensions      [0 0 0 1 0 0 0];

internalField   nonuniform List<scalar> 
1600
(
101.398
104.192
106.984
109.772
112.555
115.33
118.097
120.853
123.597
126.328
129.043
131.742
134.424
137.086
139.728
142.349
144.948
147.523
150.075
152.603
155.106
157.584
160.039
162.468
164.875
167.258
169.618
171.958
174.278
176.578
178.862
181.13
183.383
185.624
187.854
190.075
192.289
194.496
196.699
198.9
101.399
104.195
106.989
109.779
112.563
115.34
118.108
120.866
123.612
126.344
129.062
131.762
134.445
137.108
139.752
142.373
144.973
147.549
150.101
152.629
155.132
157.611
160.065
162.494
164.899
167.281
169.641
171.979
174.298
176.597
178.879
181.145
183.397
185.637
187.865
190.084
192.295
194.501
196.702
198.901
101.4
104.2
106.998
109.791
112.579
115.36
118.131
120.893
123.642
126.377
129.097
131.8
134.486
137.152
139.797
142.421
145.022
147.599
150.152
152.681
155.185
157.663
160.116
162.545
164.949
167.33
169.687
172.023
174.339
176.636
178.914
181.177
183.426
185.661
187.886
190.101
192.309
194.511
196.708
198.903
101.403
104.208
107.011
109.81
112.603
115.389
118.165
120.931
123.685
126.425
129.15
131.857
134.546
137.216
139.864
142.491
145.094
147.673
150.228
152.758
155.262
157.74
160.193
162.62
165.023
167.401
169.756
172.089
174.401
176.693
178.967
181.225
183.468
185.699
187.918
190.127
192.329
194.525
196.717
198.906
101.406
104.218
107.028
109.834
112.634
115.427
118.21
120.983
123.743
126.489
129.219
131.932
134.626
137.3
139.952
142.582
145.189
147.771
150.327
152.858
155.363
157.841
160.293
162.719
165.12
167.495
169.847
172.175
174.482
176.769
179.038
181.289
183.526
185.749
187.96
190.162
192.357
194.545
196.728
198.91
101.411
104.232
107.05
109.865
112.673
115.474
118.266
121.046
123.814
126.567
129.305
132.024
134.724
137.404
140.061
142.696
145.306
147.891
150.45
152.983
155.488
157.967
160.418
162.842
165.24
167.612
169.96
172.283
174.584
176.864
179.126
181.369
183.597
185.811
188.014
190.206
192.391
194.569
196.743
198.915
101.416
104.247
107.076
109.901
112.72
115.531
118.332
121.122
123.899
126.661
129.406
132.133
134.841
137.527
140.19
142.83
145.445
148.034
150.596
153.13
155.637
158.115
160.566
162.988
165.383
167.752
170.094
172.412
174.706
176.978
179.231
181.465
183.683
185.887
188.078
190.259
192.432
194.599
196.761
198.921
101.422
104.265
107.106
109.943
112.774
115.596
118.409
121.21
123.997
126.769
129.524
132.26
134.976
137.669
140.339
142.985
145.605
148.198
150.763
153.3
155.808
158.287
160.737
163.157
165.549
167.913
170.25
172.561
174.848
177.111
179.354
181.577
183.783
185.975
188.153
190.321
192.481
194.634
196.782
198.928
101.429
104.286
107.141
109.991
112.835
115.671
118.497
121.31
124.109
126.892
129.657
132.403
135.128
137.83
140.508
143.16
145.786
148.384
150.953
153.492
156.002
158.481
160.93
163.348
165.737
168.096
170.427
172.731
175.008
177.262
179.494
181.705
183.898
186.075
188.239
190.392
192.536
194.673
196.806
198.936
101.437
104.309
107.18
110.046
112.905
115.755
118.595
121.422
124.234
127.03
129.807
132.564
135.299
138.01
140.696
143.356
145.988
148.59
151.163
153.706
156.217
158.696
161.144
163.56
165.945
168.3
170.624
172.92
175.188
177.431
179.651
181.848
184.027
186.189
188.336
190.472
192.599
194.718
196.833
198.945
101.446
104.335
107.223
110.106
112.982
115.848
118.704
121.546
124.373
127.182
129.972
132.741
135.487
138.209
140.904
143.571
146.21
148.818
151.395
153.94
156.453
158.933
161.38
163.793
166.174
168.523
170.841
173.128
175.387
177.618
179.825
182.008
184.171
186.315
188.445
190.562
192.669
194.769
196.863
198.955
101.455
104.364
107.271
110.173
113.067
115.951
118.824
121.683
124.526
127.35
130.154
132.936
135.694
138.426
141.131
143.806
146.452
149.066
151.647
154.195
156.71
159.19
161.635
164.046
166.423
168.767
171.077
173.356
175.604
177.823
180.015
182.183
184.328
186.455
188.564
190.661
192.746
194.824
196.897
198.966
101.466
104.396
107.324
110.246
113.16
116.065
118.956
121.833
124.693
127.533
130.353
133.149
135.919
138.663
141.377
144.062
146.714
149.334
151.92
154.471
156.987
159.467
161.911
164.319
166.692
169.029
171.332
173.601
175.838
178.044
180.222
182.373
184.501
186.607
188.695
190.769
192.831
194.885
196.934
198.978
101.477
104.431
107.382
110.326
113.263
116.188
119.101
121.997
124.875
127.733
130.569
133.38
136.164
138.919
141.645
144.338
146.998
149.624
152.214
154.768
157.285
159.765
162.207
164.612
166.98
169.31
171.605
173.865
176.09
178.283
180.445
182.579
184.687
186.772
188.838
190.887
192.924
194.952
196.974
198.991
101.49
104.469
107.445
110.414
113.375
116.323
119.258
122.176
125.074
127.951
130.804
133.63
136.429
139.197
141.933
144.636
147.304
149.936
152.531
155.088
157.606
160.085
162.525
164.926
167.288
169.612
171.898
174.147
176.36
178.539
180.685
182.8
184.888
186.951
188.993
191.016
193.025
195.025
197.018
199.006
101.504
104.511
107.514
110.51
113.497
116.471
119.43
122.371
125.291
128.188
131.059
133.902
136.716
139.498
142.246
144.959
147.635
150.273
152.872
155.431
157.951
160.429
162.867
165.264
167.62
169.936
172.212
174.449
176.649
178.812
180.941
183.038
185.104
187.144
189.159
191.155
193.135
195.103
197.065
199.022
101.519
104.556
107.589
110.615
113.63
116.632
119.617
122.583
125.526
128.445
131.336
134.198
137.027
139.823
142.584
145.307
147.991
150.636
153.24
155.802
158.322
160.8
163.235
165.627
167.976
170.283
172.549
174.774
176.959
179.106
181.216
183.292
185.336
187.351
189.339
191.305
193.253
195.189
197.117
199.039
101.536
104.606
107.672
110.73
113.776
116.808
119.821
122.814
125.782
128.724
131.637
134.518
137.365
140.176
142.95
145.684
148.377
151.029
153.638
156.203
158.724
161.2
163.632
166.018
168.361
170.658
172.912
175.124
177.293
179.422
181.512
183.566
185.585
187.573
189.532
191.467
193.382
195.282
197.173
199.057
101.554
104.661
107.763
110.856
113.936
117
120.045
123.066
126.062
129.029
131.965
134.867
137.732
140.56
143.347
146.093
148.796
151.455
154.069
156.637
159.159
161.634
164.062
166.443
168.777
171.064
173.306
175.502
177.654
179.763
181.832
183.861
185.853
187.812
189.74
191.642
193.521
195.382
197.234
199.077
101.574
104.721
107.862
110.993
114.111
117.211
120.289
123.343
126.368
129.362
132.323
135.247
138.133
140.977
143.78
146.538
149.252
151.918
154.538
157.109
159.632
162.105
164.53
166.904
169.229
171.505
173.733
175.913
178.046
180.134
182.178
184.18
186.143
188.071
189.965
191.831
193.671
195.491
197.3
199.099
101.597
104.787
107.972
111.145
114.303
117.442
120.557
123.645
126.703
129.727
132.714
135.663
138.57
141.433
144.252
147.024
149.748
152.423
155.048
157.623
160.147
162.619
165.039
167.406
169.722
171.986
174.198
176.36
178.473
180.537
182.554
184.528
186.459
188.352
190.209
192.035
193.834
195.61
197.372
199.123
101.621
104.86
108.092
111.312
114.515
117.697
120.852
123.978
127.071
130.127
133.143
136.117
139.048
141.931
144.767
147.554
150.29
152.974
155.606
158.184
160.708
163.179
165.594
167.954
170.259
172.51
174.706
176.848
178.938
180.977
182.966
184.907
186.803
188.658
190.475
192.258
194.011
195.739
197.451
199.149
101.648
104.941
108.226
111.497
114.749
117.977
121.177
124.344
127.475
130.566
133.614
136.616
139.571
142.477
145.331
148.133
150.881
153.575
156.214
158.796
161.322
163.79
166.2
168.552
170.846
173.082
175.26
177.382
179.448
181.458
183.416
185.322
187.18
188.993
190.765
192.501
194.204
195.88
197.537
199.178
101.678
105.03
108.374
111.701
115.008
118.288
121.536
124.748
127.92
131.049
134.131
137.164
140.145
143.074
145.948
148.767
151.529
154.233
156.879
159.465
161.991
164.457
166.862
169.205
171.487
173.708
175.867
177.966
180.005
181.986
183.909
185.778
187.594
189.362
191.085
192.768
194.416
196.034
197.632
199.209
101.711
105.13
108.538
111.928
115.295
118.631
121.933
125.194
128.411
131.581
134.7
137.765
140.776
143.729
146.625
149.461
152.237
154.952
157.605
160.196
162.723
165.186
167.585
169.919
172.188
174.392
176.531
178.606
180.617
182.565
184.451
186.279
188.05
189.767
191.436
193.062
194.649
196.204
197.736
199.244
101.748
105.241
108.72
112.18
115.613
119.012
122.372
125.687
128.954
132.168
135.326
138.427
141.468
144.448
147.366
150.221
153.012
155.738
158.399
160.994
163.522
165.982
168.375
170.699
172.955
175.141
177.259
179.307
181.287
183.2
185.047
186.83
188.552
190.215
191.825
193.387
194.907
196.392
197.852
199.282
101.79
105.364
108.924
112.462
115.968
119.436
122.86
126.234
129.553
132.815
136.016
139.155
142.228
145.237
148.178
151.052
153.859
156.597
159.266
161.865
164.394
166.851
169.238
171.551
173.792
175.96
178.055
180.076
182.023
183.899
185.703
187.438
189.106
190.71
192.255
193.748
195.194
196.601
197.98
199.325
101.836
105.503
109.153
112.776
116.364
119.908
123.402
126.84
130.217
133.53
136.777
139.955
143.063
146.101
149.067
151.962
154.784
157.534
160.211
162.815
165.344
167.799
170.178
172.481
174.707
176.855
178.926
180.918
182.831
184.667
186.426
188.109
189.719
191.259
192.733
194.149
195.513
196.833
198.122
199.372
101.888
105.659
109.409
113.129
116.807
120.435
124.005
127.512
130.952
134.32
137.615
140.835
143.98
147.048
150.04
152.956
155.795
158.557
161.242
163.85
166.38
168.832
171.203
173.495
175.705
177.833
179.878
181.84
183.718
185.511
187.222
188.85
190.397
191.868
193.265
194.596
195.869
197.093
198.281
199.425
101.947
105.835
109.699
113.526
117.304
121.024
124.678
128.26
131.766
135.192
138.538
141.802
144.984
148.084
151.103
154.04
156.896
159.67
162.364
164.976
167.507
169.954
172.319
174.599
176.793
178.9
180.919
182.85
184.69
186.44
188.099
189.669
191.15
192.545
193.858
195.097
196.269
197.386
198.46
199.485
102.015
106.034
110.026
113.974
117.864
121.685
125.43
129.092
132.668
136.156
139.554
142.864
146.085
149.217
152.263
155.221
158.094
160.881
163.583
166.199
168.73
171.174
173.531
175.798
177.976
180.062
182.055
183.954
185.756
187.461
189.067
190.575
191.985
193.3
194.522
195.659
196.719
197.716
198.662
199.553
102.092
106.263
110.4
114.483
118.497
122.428
126.27
130.018
133.668
137.219
140.673
144.029
147.288
150.454
153.526
156.506
159.395
162.195
164.904
167.525
170.056
172.496
174.845
177.101
179.262
181.327
183.294
185.16
186.924
188.582
190.135
191.579
192.915
194.143
195.268
196.294
197.23
198.091
198.891
199.63
102.181
106.527
110.83
115.065
119.215
123.266
127.212
131.049
134.776
138.393
141.902
145.304
148.603
151.8
154.898
157.9
160.805
163.617
166.334
168.959
171.489
173.926
176.267
178.512
180.657
182.702
184.643
186.477
188.202
189.815
191.312
192.691
193.95
195.089
196.108
197.013
197.812
198.521
199.154
199.72
102.286
106.835
111.329
115.736
120.035
124.215
128.271
132.201
136.005
139.687
143.251
146.699
150.035
153.264
156.387
159.409
162.33
165.152
167.877
170.505
173.036
175.469
177.803
180.037
182.167
184.192
186.108
187.912
189.6
191.168
192.611
193.925
195.106
196.151
197.06
197.835
198.482
199.019
199.46
199.826
102.411
107.202
111.917
116.515
120.977
125.294
129.462
133.485
137.367
141.113
144.729
148.22
151.593
154.85
157.998
161.038
163.973
166.806
169.538
172.17
174.701
177.131
179.458
181.681
183.798
185.805
187.698
189.474
191.127
192.652
194.043
195.294
196.398
197.35
198.144
198.781
199.262
199.605
199.823
199.955
102.564
107.648
112.62
117.432
122.068
126.524
130.805
134.919
138.874
142.68
146.345
149.876
153.281
156.566
159.735
162.792
165.741
168.583
171.322
173.956
176.487
178.915
181.236
183.451
185.555
187.546
189.42
191.17
192.792
194.279
195.623
196.815
197.846
198.706
199.385
199.878
200.18
200.306
200.263
200.111
102.763
108.211
113.48
118.524
123.338
127.932
132.32
136.518
140.54
144.399
148.107
151.674
155.108
158.416
161.604
164.676
167.636
170.487
173.231
175.869
178.401
180.826
183.143
185.351
187.446
189.424
191.28
193.01
194.606
196.06
197.363
198.504
199.47
200.247
200.817
201.167
201.28
201.164
200.807
200.306
103.036
108.954
114.559
119.84
124.826
129.546
134.028
138.298
142.377
146.281
150.025
153.621
157.078
160.406
163.609
166.693
169.663
172.522
175.271
177.912
180.445
182.87
185.184
187.387
189.475
191.443
193.288
195.001
196.577
198.006
199.278
200.378
201.292
202
202.477
202.698
202.628
202.25
201.512
200.567
103.496
109.994
115.934
121.436
126.571
131.394
135.951
140.276
144.398
148.336
152.107
155.725
159.2
162.542
165.758
168.852
171.83
174.695
177.448
180.092
182.627
185.052
187.366
189.566
191.65
193.613
195.449
197.153
198.716
200.128
201.378
202.451
203.328
203.988
204.399
204.526
204.306
203.686
202.524
201.006
104.343
111.579
117.794
123.445
128.671
133.552
138.149
142.503
146.647
150.603
154.388
158.018
161.503
164.853
168.075
171.175
174.158
177.026
179.782
182.428
184.964
187.389
189.703
191.902
193.983
195.943
197.775
199.473
201.029
202.433
203.671
204.729
205.586
206.219
206.593
206.667
206.364
205.608
204.154
202.056
)
;

boundaryField
{
    carasuperior
    {
        type            fixedGradient;
        gradient        uniform 100;
    }
    lateralizquierda
    {
        type            fixedValue;
        value           uniform 100;
    }
    lateralderecha
    {
        type            fixedValue;
        value           uniform 200;
    }
    carainferior
    {
        type            zeroGradient;
    }
    frontAndBack
    {
        type            empty;
    }
}


// ************************************************************************* //
