/*--------------------------------*- C++ -*----------------------------------*\
| =========                 |                                                 |
| \\      /  F ield         | OpenFOAM: The Open Source CFD Toolbox           |
|  \\    /   O peration     | Version:  2.4.0                                 |
|   \\  /    A nd           | Web:      www.OpenFOAM.org                      |
|    \\/     M anipulation  |                                                 |
\*---------------------------------------------------------------------------*/
FoamFile
{
    version     2.0;
    format      ascii;
    class       volScalarField;
    location    "0.925";
    object      T;
}
// * * * * * * * * * * * * * * * * * * * * * * * * * * * * * * * * * * * * * //

dimensions      [0 0 0 1 0 0 0];

internalField   nonuniform List<scalar> 
1600
(
101.413
104.239
107.062
109.88
112.692
115.496
118.29
121.073
123.842
126.597
129.334
132.053
134.753
137.431
140.087
142.72
145.327
147.91
150.466
152.996
155.499
157.975
160.424
162.847
165.243
167.614
169.961
172.284
174.585
176.866
179.128
181.372
183.601
185.815
188.018
190.211
192.395
194.572
196.745
198.915
101.414
104.241
107.066
109.886
112.7
115.506
118.302
121.087
123.857
126.613
129.352
132.073
134.774
137.453
140.111
142.744
145.353
147.936
150.493
153.023
155.526
158.001
160.45
162.872
165.268
167.638
169.983
172.305
174.605
176.885
179.145
181.388
183.615
185.828
188.029
190.219
192.402
194.577
196.748
198.916
101.416
104.247
107.075
109.899
112.716
115.526
118.325
121.113
123.887
126.646
129.388
132.111
134.815
137.497
140.156
142.791
145.402
147.986
150.544
153.075
155.578
158.054
160.502
162.923
165.317
167.686
170.029
172.349
174.647
176.923
179.18
181.42
183.643
185.853
188.05
190.237
192.415
194.587
196.754
198.918
101.419
104.255
107.088
109.917
112.74
115.555
118.359
121.152
123.931
126.694
129.44
132.168
134.875
137.561
140.223
142.861
145.474
148.06
150.62
153.151
155.655
158.131
160.578
162.998
165.391
167.757
170.098
172.415
174.708
176.98
179.233
181.467
183.686
185.89
188.082
190.263
192.435
194.601
196.763
198.921
101.422
104.265
107.106
109.942
112.772
115.593
118.404
121.203
123.988
126.758
129.51
132.243
134.955
137.645
140.312
142.953
145.569
148.158
150.719
153.252
155.756
158.232
160.679
163.097
165.488
167.851
170.189
172.501
174.79
177.057
179.303
181.531
183.743
185.94
188.124
190.298
192.463
194.621
196.774
198.925
101.426
104.278
107.128
109.972
112.811
115.64
118.46
121.267
124.06
126.837
129.596
132.335
135.053
137.749
140.42
143.067
145.686
148.278
150.842
153.376
155.882
158.357
160.803
163.22
165.608
167.968
170.301
172.609
174.892
177.152
179.391
181.611
183.814
186.002
188.177
190.342
192.497
194.646
196.789
198.93
101.432
104.294
107.154
110.009
112.857
115.697
118.526
121.343
124.145
126.93
129.697
132.445
135.17
137.872
140.55
143.201
145.825
148.421
150.987
153.524
156.03
158.506
160.951
163.366
165.752
168.108
170.436
172.737
175.013
177.266
179.496
181.707
183.9
186.077
188.242
190.394
192.538
194.675
196.807
198.936
101.438
104.312
107.184
110.051
112.911
115.763
118.603
121.431
124.243
127.039
129.815
132.571
135.305
138.015
140.699
143.356
145.985
148.585
151.155
153.694
156.202
158.678
161.122
163.535
165.917
168.269
170.592
172.886
175.155
177.398
179.619
181.819
184
186.165
188.317
190.456
192.587
194.71
196.828
198.943
101.445
104.333
107.219
110.099
112.973
115.838
118.691
121.531
124.355
127.162
129.949
132.715
135.458
138.176
140.868
143.532
146.166
148.771
151.344
153.886
156.395
158.871
161.315
163.726
166.105
168.452
170.768
173.056
175.315
177.549
179.759
181.946
184.115
186.266
188.403
190.527
192.642
194.749
196.852
198.951
101.453
104.356
107.257
110.154
113.042
115.922
118.789
121.643
124.48
127.299
130.098
132.875
135.628
138.356
141.056
143.727
146.368
148.978
151.555
154.1
156.61
159.087
161.529
163.938
166.313
168.655
170.965
173.245
175.495
177.718
179.915
182.09
184.244
186.379
188.5
190.607
192.705
194.794
196.879
198.96
101.461
104.382
107.301
110.214
113.119
116.015
118.898
121.767
124.619
127.452
130.264
133.053
135.817
138.554
141.263
143.942
146.59
149.205
151.787
154.334
156.846
159.323
161.765
164.171
166.542
168.879
171.182
173.453
175.694
177.905
180.089
182.249
184.387
186.506
188.608
190.697
192.775
194.845
196.909
198.97
101.471
104.411
107.349
110.281
113.205
116.118
119.019
121.904
124.772
127.62
130.446
133.248
136.024
138.772
141.49
144.178
146.832
149.453
152.039
154.589
157.103
159.58
162.021
164.424
166.791
169.122
171.418
173.68
175.91
178.109
180.28
182.424
184.545
186.645
188.727
190.795
192.852
194.9
196.942
198.981
101.481
104.443
107.401
110.354
113.298
116.231
119.151
122.054
124.939
127.803
130.644
133.46
136.249
139.009
141.737
144.433
147.095
149.722
152.312
154.865
157.38
159.858
162.296
164.697
167.059
169.384
171.673
173.926
176.144
178.331
180.487
182.614
184.717
186.797
188.858
190.904
192.937
194.961
196.979
198.993
101.493
104.478
107.459
110.434
113.401
116.355
119.295
122.218
125.122
128.003
130.861
133.692
136.494
139.265
142.004
144.71
147.379
150.012
152.606
155.162
157.679
160.156
162.593
164.99
167.348
169.666
171.946
174.189
176.396
178.569
180.71
182.82
184.903
186.962
189.001
191.022
193.03
195.028
197.019
199.007
101.506
104.516
107.522
110.522
113.512
116.49
119.453
122.397
125.321
128.221
131.096
133.942
136.759
139.543
142.293
145.008
147.685
150.324
152.923
155.482
158
160.476
162.911
165.304
167.656
169.968
172.239
174.472
176.666
178.825
180.949
183.041
185.104
187.141
189.155
191.15
193.131
195.1
197.063
199.021
101.52
104.557
107.592
110.618
113.635
116.638
119.624
122.592
125.537
128.457
131.351
134.214
137.046
139.844
142.606
145.33
148.015
150.66
153.264
155.826
158.344
160.82
163.252
165.642
167.988
170.291
172.553
174.774
176.955
179.099
181.206
183.279
185.32
187.334
189.322
191.289
193.24
195.179
197.111
199.037
101.535
104.603
107.667
110.723
113.768
116.798
119.811
122.804
125.772
128.714
131.628
134.509
137.357
140.169
142.944
145.678
148.372
151.024
153.632
156.196
158.716
161.191
163.62
166.005
168.344
170.639
172.89
175.099
177.266
179.392
181.481
183.533
185.552
187.541
189.502
191.44
193.359
195.265
197.163
199.054
101.552
104.653
107.75
110.838
113.914
116.974
120.016
123.035
126.029
128.994
131.929
134.83
137.695
140.522
143.31
146.056
148.758
151.417
154.03
156.597
159.118
161.591
164.018
166.397
168.729
171.015
173.254
175.449
177.6
179.709
181.777
183.807
185.801
187.763
189.695
191.602
193.487
195.357
197.219
199.073
101.57
104.708
107.84
110.964
114.073
117.166
120.239
123.287
126.308
129.299
132.257
135.179
138.062
140.906
143.707
146.465
149.177
151.843
154.462
157.032
159.553
162.026
164.448
166.822
169.146
171.421
173.648
175.828
177.961
180.05
182.097
184.102
186.07
188.002
189.903
191.777
193.626
195.458
197.28
199.093
101.59
104.768
107.94
111.101
114.248
117.377
120.483
123.563
126.614
129.632
132.615
135.559
138.463
141.324
144.14
146.91
149.633
152.306
154.931
157.504
160.026
162.497
164.916
167.283
169.598
171.862
174.076
176.239
178.354
180.421
182.443
184.422
186.36
188.261
190.128
191.966
193.776
195.567
197.346
199.115
101.612
104.834
108.049
111.253
114.441
117.608
120.751
123.866
126.949
129.997
133.006
135.974
138.899
141.779
144.612
147.395
150.129
152.811
155.441
158.018
160.542
163.011
165.425
167.786
170.091
172.343
174.541
176.687
178.781
180.825
182.82
184.77
186.676
188.542
190.373
192.17
193.939
195.686
197.418
199.138
101.637
104.907
108.17
111.42
114.653
117.863
121.046
124.199
127.316
130.396
133.435
136.429
139.377
142.277
145.127
147.925
150.671
153.362
155.998
158.579
161.103
163.571
165.981
168.334
170.629
172.867
175.049
177.175
179.247
181.265
183.232
185.15
187.021
188.849
190.638
192.393
194.117
195.815
197.497
199.164
101.664
104.988
108.303
111.605
114.886
118.143
121.371
124.565
127.721
130.835
133.905
136.928
139.901
142.822
145.691
148.505
151.263
153.964
156.607
159.192
161.717
164.182
166.587
168.932
171.216
173.44
175.604
177.71
179.757
181.747
183.683
185.565
187.398
189.185
190.929
192.636
194.31
195.956
197.583
199.193
101.693
105.077
108.451
111.809
115.145
118.454
121.73
124.968
128.166
131.318
134.422
137.475
140.475
143.42
146.308
149.139
151.91
154.621
157.272
159.86
162.387
164.85
167.25
169.586
171.858
174.067
176.212
178.294
180.315
182.275
184.177
186.022
187.813
189.554
191.249
192.904
194.522
196.111
197.678
199.224
101.727
105.176
108.615
112.036
115.432
118.797
122.126
125.414
128.657
131.85
134.991
138.076
141.105
144.075
146.985
149.833
152.618
155.34
157.998
160.591
163.118
165.579
167.973
170.3
172.56
174.752
176.877
178.935
180.927
182.855
184.719
186.523
188.269
189.96
191.601
193.198
194.756
196.281
197.782
199.259
101.764
105.287
108.798
112.288
115.75
119.178
122.566
125.907
129.199
132.436
135.617
138.738
141.797
144.794
147.726
150.592
153.393
156.126
158.792
161.39
163.918
166.376
168.764
171.081
173.327
175.501
177.604
179.637
181.599
183.491
185.316
187.075
188.771
190.408
191.99
193.524
195.014
196.469
197.898
199.297
101.805
105.411
109.002
112.569
116.105
119.602
123.053
126.454
129.798
133.084
136.307
139.465
142.557
145.582
148.538
151.424
154.24
156.985
159.659
162.261
164.79
167.245
169.627
171.933
174.165
176.321
178.401
180.406
182.335
184.191
185.973
187.684
189.326
190.904
192.421
193.885
195.301
196.678
198.026
199.34
101.852
105.549
109.23
112.883
116.501
120.074
123.595
127.059
130.462
133.799
137.067
140.266
143.392
146.446
149.427
152.333
155.166
157.923
160.605
163.211
165.741
168.193
170.568
172.864
175.08
177.217
179.273
181.248
183.144
184.959
186.696
188.355
189.94
191.453
192.9
194.286
195.62
196.911
198.169
199.388
101.904
105.705
109.486
113.236
116.944
120.6
124.198
127.732
131.196
134.588
137.905
141.145
144.308
147.393
150.399
153.327
156.176
158.946
161.636
164.247
166.777
169.226
171.593
173.878
176.079
178.195
180.226
182.171
184.031
185.804
187.493
189.097
190.619
192.063
193.432
194.734
195.977
197.171
198.328
199.441
101.963
105.881
109.775
113.633
117.441
121.19
124.871
128.479
132.01
135.46
138.828
142.112
145.313
148.429
151.462
154.411
157.277
160.059
162.758
165.373
167.904
170.349
172.709
174.982
177.167
179.262
181.268
183.182
185.004
186.734
188.371
189.917
191.372
192.741
194.026
195.235
196.377
197.464
198.507
199.501
102.03
106.081
110.103
114.081
118
121.85
125.622
129.311
132.912
136.423
139.844
143.174
146.413
149.562
152.622
155.593
158.475
161.27
163.977
166.596
169.127
171.569
173.921
176.182
178.351
180.425
182.405
184.287
186.071
187.755
189.34
190.824
192.209
193.496
194.691
195.798
196.828
197.794
198.709
199.568
102.107
106.309
110.477
114.59
118.633
122.593
126.463
130.236
133.912
137.487
140.962
144.338
147.617
150.798
153.885
156.877
159.776
162.583
165.299
167.922
170.453
172.892
175.236
177.485
179.637
181.691
183.644
185.494
187.239
188.878
190.408
191.828
193.139
194.34
195.437
196.433
197.339
198.17
198.938
199.646
102.196
106.573
110.907
115.172
119.351
123.431
127.405
131.268
135.02
138.66
142.191
145.614
148.931
152.145
155.257
158.271
161.186
164.005
166.728
169.356
171.887
174.322
176.659
178.896
181.033
183.066
184.993
186.812
188.519
190.111
191.586
192.941
194.175
195.287
196.278
197.153
197.922
198.6
199.202
199.736
102.301
106.882
111.406
115.842
120.171
124.38
128.463
132.419
136.249
139.954
143.54
147.008
150.363
153.608
156.746
159.78
162.711
165.541
168.272
170.903
173.434
175.865
178.195
180.422
182.543
184.557
186.459
188.247
189.917
191.465
192.886
194.176
195.331
196.35
197.23
197.976
198.593
199.098
199.508
199.842
102.426
107.248
111.993
116.622
121.113
125.458
129.654
133.703
137.61
141.379
145.017
148.529
151.92
155.194
158.356
161.409
164.354
167.195
169.933
172.567
175.099
177.527
179.85
182.067
184.175
186.17
188.05
189.81
191.445
192.95
194.319
195.546
196.625
197.549
198.315
198.922
199.373
199.684
199.871
199.971
102.58
107.694
112.696
117.538
122.203
126.688
130.997
135.137
139.117
142.946
146.633
150.185
153.609
156.91
160.093
163.163
166.122
168.972
171.716
174.354
176.886
179.311
181.629
183.837
185.933
187.912
189.772
191.507
193.111
194.578
195.899
197.068
198.073
198.906
199.557
200.02
200.291
200.386
200.311
200.127
102.778
108.257
113.556
118.63
123.473
128.096
132.511
136.735
140.782
144.665
148.395
151.983
155.435
158.759
161.962
165.046
168.017
170.876
173.625
176.266
178.799
181.223
183.536
185.737
187.823
189.79
191.633
193.347
194.925
196.359
197.64
198.758
199.698
200.447
200.99
201.309
201.392
201.244
200.855
200.322
103.051
109
114.635
119.946
124.961
129.709
134.219
138.515
142.619
146.546
150.312
153.929
157.405
160.749
163.967
167.064
170.044
172.911
175.665
178.31
180.844
183.267
185.577
187.774
189.853
191.81
193.641
195.339
196.897
198.306
199.556
200.632
201.52
202.201
202.65
202.842
202.74
202.331
201.561
200.583
103.511
110.04
116.01
121.542
126.705
131.557
136.141
140.493
144.639
148.601
152.394
156.033
159.527
162.885
166.115
169.222
172.21
175.083
177.843
180.49
183.026
185.449
187.759
189.953
192.028
193.98
195.803
197.491
199.036
200.428
201.656
202.706
203.558
204.19
204.573
204.67
204.419
203.768
202.574
201.023
104.358
111.625
117.87
123.55
128.805
133.715
138.339
142.72
146.888
150.867
154.675
158.325
161.829
165.196
168.433
171.545
174.538
177.414
180.176
182.826
185.363
187.786
190.096
192.289
194.361
196.31
198.129
199.812
201.35
202.734
203.95
204.984
205.816
206.422
206.767
206.811
206.478
205.69
204.203
202.072
)
;

boundaryField
{
    carasuperior
    {
        type            fixedGradient;
        gradient        uniform 100;
    }
    lateralizquierda
    {
        type            fixedValue;
        value           uniform 100;
    }
    lateralderecha
    {
        type            fixedValue;
        value           uniform 200;
    }
    carainferior
    {
        type            zeroGradient;
    }
    frontAndBack
    {
        type            empty;
    }
}


// ************************************************************************* //
