/*--------------------------------*- C++ -*----------------------------------*\
| =========                 |                                                 |
| \\      /  F ield         | OpenFOAM: The Open Source CFD Toolbox           |
|  \\    /   O peration     | Version:  2.4.0                                 |
|   \\  /    A nd           | Web:      www.OpenFOAM.org                      |
|    \\/     M anipulation  |                                                 |
\*---------------------------------------------------------------------------*/
FoamFile
{
    version     2.0;
    format      ascii;
    class       volScalarField;
    location    "0.4";
    object      T;
}
// * * * * * * * * * * * * * * * * * * * * * * * * * * * * * * * * * * * * * //

dimensions      [0 0 0 1 0 0 0];

internalField   nonuniform List<scalar> 
1600
(
101.256
103.769
106.283
108.796
111.311
113.826
116.341
118.857
121.374
123.891
126.408
128.925
131.442
133.959
136.475
138.99
141.504
144.016
146.526
149.034
151.54
154.043
156.543
159.04
161.535
164.027
166.516
169.003
171.488
173.971
176.452
178.932
181.412
183.891
186.369
188.848
191.326
193.804
196.282
198.761
101.257
103.772
106.287
108.803
111.319
113.835
116.352
118.87
121.388
123.907
126.426
128.945
131.463
133.981
136.498
139.014
141.529
144.042
146.552
149.061
151.566
154.069
156.569
159.066
161.56
164.051
166.539
169.024
171.508
173.989
176.469
178.948
181.426
183.903
186.38
188.857
191.333
193.809
196.286
198.762
101.259
103.777
106.296
108.815
111.334
113.854
116.375
118.896
121.418
123.939
126.461
128.982
131.504
134.024
136.543
139.061
141.578
144.092
146.604
149.113
151.619
154.121
156.621
159.117
161.61
164.099
166.585
169.069
171.55
174.028
176.505
178.981
181.455
183.928
186.401
188.874
191.347
193.819
196.291
198.764
101.262
103.785
106.309
108.833
111.358
113.883
116.409
118.934
121.461
123.987
126.513
129.038
131.563
134.087
136.61
139.131
141.649
144.166
146.679
149.189
151.696
154.199
156.698
159.193
161.684
164.171
166.655
169.135
171.612
174.087
176.559
179.029
181.498
183.966
186.434
188.901
191.367
193.834
196.3
198.767
101.265
103.795
106.326
108.857
111.389
113.921
116.453
118.985
121.517
124.049
126.581
129.112
131.642
134.171
136.697
139.222
141.744
144.262
146.778
149.289
151.797
154.3
156.798
159.292
161.781
164.266
166.746
169.222
171.695
174.164
176.63
179.094
181.556
184.017
186.477
188.936
191.395
193.854
196.312
198.771
101.269
103.808
106.348
108.887
111.427
113.967
116.508
119.048
121.588
124.127
126.666
129.203
131.739
134.273
136.805
139.334
141.86
144.382
146.9
149.413
151.922
154.425
156.923
159.416
161.902
164.384
166.86
169.331
171.798
174.26
176.719
179.175
181.629
184.08
186.531
188.981
191.43
193.879
196.327
198.776
101.275
103.824
106.374
108.923
111.473
114.023
116.573
119.123
121.672
124.22
126.766
129.312
131.855
134.395
136.933
139.468
141.998
144.524
147.045
149.561
152.07
154.574
157.071
159.562
162.046
164.524
166.995
169.461
171.921
174.375
176.825
179.272
181.715
184.157
186.596
189.034
191.472
193.909
196.345
198.782
101.281
103.842
106.403
108.965
111.527
114.088
116.649
119.21
121.769
124.327
126.883
129.437
131.988
134.537
137.081
139.622
142.157
144.688
147.212
149.73
152.242
154.746
157.242
159.732
162.213
164.686
167.152
169.611
172.063
174.509
176.95
179.385
181.817
184.246
186.672
189.097
191.521
193.944
196.366
198.789
101.288
103.862
106.438
109.013
111.588
114.162
116.736
119.308
121.879
124.449
127.015
129.579
132.14
134.697
137.249
139.796
142.337
144.872
147.401
149.922
152.435
154.94
157.436
159.923
162.401
164.87
167.33
169.782
172.226
174.662
177.091
179.514
181.933
184.348
186.759
189.169
191.577
193.984
196.39
198.797
101.295
103.886
106.476
109.067
111.657
114.246
116.833
119.42
122.004
124.585
127.164
129.739
132.309
134.875
137.436
139.99
142.538
145.078
147.611
150.135
152.65
155.155
157.65
160.135
162.61
165.074
167.528
169.972
172.407
174.832
177.249
179.659
182.063
184.462
186.857
189.25
191.64
194.029
196.418
198.806
101.304
103.911
106.519
109.127
111.733
114.338
116.942
119.543
122.142
124.737
127.328
129.915
132.497
135.073
137.642
140.204
142.759
145.305
147.842
150.369
152.885
155.391
157.886
160.368
162.84
165.299
167.746
170.182
172.606
175.02
177.425
179.82
182.208
184.59
186.967
189.34
191.711
194.08
196.448
198.816
101.314
103.94
106.567
109.193
111.818
114.441
117.062
119.679
122.294
124.904
127.509
130.109
132.702
135.289
137.868
140.439
143
145.552
148.093
150.623
153.141
155.647
158.141
160.621
163.089
165.542
167.983
170.41
172.824
175.226
177.616
179.996
182.367
184.73
187.087
189.439
191.789
194.136
196.482
198.827
101.324
103.972
106.619
109.266
111.911
114.554
117.193
119.829
122.46
125.086
127.707
130.32
132.927
135.525
138.114
140.693
143.262
145.819
148.365
150.898
153.418
155.924
158.416
160.894
163.357
165.805
168.238
170.655
173.059
175.448
177.824
180.187
182.54
184.883
187.219
189.549
191.874
194.197
196.519
198.84
101.336
104.006
106.677
109.346
112.013
114.677
117.337
119.992
122.642
125.286
127.922
130.551
133.17
135.78
138.38
140.968
143.545
146.108
148.658
151.194
153.715
156.221
158.712
161.186
163.644
166.086
168.511
170.919
173.311
175.687
178.047
180.394
182.727
185.049
187.362
189.667
191.967
194.264
196.559
198.853
101.348
104.044
106.74
109.434
112.125
114.812
117.494
120.171
122.841
125.503
128.157
130.801
133.435
136.058
138.668
141.266
143.85
146.419
148.974
151.512
154.035
156.54
159.029
161.499
163.952
166.386
168.803
171.2
173.58
175.942
178.287
180.615
182.929
185.228
187.517
189.796
192.069
194.337
196.603
198.868
101.362
104.086
106.809
109.53
112.247
114.959
117.666
120.365
123.057
125.739
128.412
131.073
133.722
136.358
138.98
141.587
144.179
146.755
149.314
151.855
154.378
156.883
159.369
161.835
164.282
166.708
169.115
171.501
173.868
176.215
178.543
180.852
183.144
185.421
187.684
189.935
192.178
194.416
196.651
198.883
101.378
104.132
106.885
109.635
112.381
115.12
117.853
120.578
123.292
125.996
128.689
131.368
134.033
136.683
139.317
141.935
144.535
147.117
149.681
152.224
154.748
157.252
159.735
162.196
164.636
167.054
169.45
171.824
174.176
176.507
178.816
181.105
183.375
185.627
187.863
190.085
192.297
194.501
196.703
198.9
101.394
104.182
106.968
109.75
112.527
115.297
118.058
120.809
123.549
126.276
128.99
131.688
134.371
137.036
139.683
142.312
144.921
147.509
150.077
152.624
155.148
157.65
160.13
162.585
165.018
167.426
169.811
172.171
174.508
176.821
179.11
181.377
183.623
185.848
188.055
190.247
192.425
194.594
196.759
198.919
101.413
104.237
107.059
109.876
112.687
115.489
118.282
121.062
123.829
126.582
129.318
132.037
134.738
137.419
140.08
142.72
145.339
147.934
150.507
153.056
155.581
158.082
160.557
163.007
165.431
167.829
170.201
172.547
174.866
177.159
179.427
181.669
183.889
186.086
188.262
190.42
192.563
194.694
196.819
198.939
101.433
104.297
107.158
110.014
112.862
115.7
118.527
121.339
124.136
126.916
129.677
132.418
135.139
137.837
140.513
143.165
145.794
148.397
150.975
153.527
156.052
158.551
161.022
163.465
165.88
168.267
170.625
172.954
175.254
177.526
179.769
181.986
184.176
186.342
188.485
190.608
192.712
194.802
196.885
198.961
101.455
104.363
107.268
110.166
113.055
115.932
118.796
121.643
124.472
127.281
130.069
132.834
135.576
138.293
140.985
143.65
146.289
148.901
151.484
154.039
156.565
159.061
161.528
163.964
166.369
168.743
171.085
173.397
175.676
177.925
180.142
182.33
184.488
186.62
188.727
190.81
192.873
194.92
196.956
198.984
101.479
104.437
107.389
110.334
113.268
116.188
119.091
121.976
124.84
127.682
130.499
133.29
136.055
138.792
141.501
144.18
146.83
149.45
152.04
154.598
157.124
159.618
162.08
164.508
166.902
169.262
171.588
173.88
176.137
178.36
180.549
182.705
184.829
186.923
188.989
191.031
193.049
195.048
197.034
199.01
101.507
104.518
107.523
110.519
113.503
116.47
119.417
122.344
125.246
128.122
130.97
133.79
136.579
139.338
142.065
144.76
147.422
150.051
152.647
155.208
157.735
160.226
162.682
165.102
167.484
169.83
172.138
174.408
176.641
178.836
180.994
183.115
185.201
187.254
189.277
191.271
193.24
195.187
197.12
199.038
101.537
104.607
107.671
110.724
113.762
116.781
119.777
122.749
125.692
128.606
131.489
134.338
137.154
139.936
142.682
145.393
148.069
150.708
153.31
155.875
158.402
160.891
163.34
165.751
168.121
170.451
172.739
174.987
177.193
179.358
181.482
183.566
185.611
187.618
189.592
191.535
193.45
195.34
197.214
199.069
101.57
104.707
107.836
110.952
114.05
117.125
120.175
123.196
126.185
129.14
132.059
134.941
137.786
140.592
143.359
146.088
148.776
151.426
154.035
156.603
159.131
161.616
164.06
166.46
168.817
171.13
173.398
175.621
177.798
179.931
182.018
184.061
186.061
188.019
189.94
191.826
193.68
195.508
197.317
199.104
101.607
104.818
108.019
111.205
114.369
117.508
120.616
123.691
126.729
129.728
132.687
135.604
138.479
141.311
144.101
146.847
149.551
152.211
154.827
157.399
159.927
162.409
164.846
167.236
169.579
171.873
174.119
176.316
178.463
180.56
182.608
184.606
186.557
188.462
190.324
192.147
193.935
195.694
197.431
199.142
101.649
104.942
108.224
111.487
114.725
117.933
121.105
124.238
127.33
130.377
133.378
136.333
139.241
142.101
144.914
147.679
150.397
153.069
155.692
158.268
160.796
163.275
165.704
168.083
170.411
172.687
174.909
177.078
179.192
181.252
183.257
185.208
187.106
188.952
190.75
192.504
194.219
195.9
197.558
199.184
101.695
105.081
108.453
111.802
115.122
118.406
121.649
124.846
127.995
131.093
134.14
137.135
140.077
142.966
145.803
148.589
151.323
154.005
156.637
159.216
161.744
164.219
166.641
169.008
171.321
173.576
175.774
177.913
179.993
182.013
183.973
185.872
187.712
189.495
191.223
192.901
194.534
196.13
197.699
199.231
101.748
105.237
108.71
112.156
115.566
118.934
122.253
125.52
128.731
131.885
134.98
138.016
140.994
143.914
146.777
149.583
152.333
155.027
157.666
160.249
162.777
165.248
167.662
170.017
172.313
174.548
176.72
178.829
180.873
182.851
184.762
186.606
188.384
190.098
191.749
193.344
194.887
196.388
197.856
199.283
101.807
105.414
109
112.553
116.064
119.524
122.928
126.269
129.547
132.759
135.905
138.985
142
144.952
147.84
150.667
153.434
156.14
158.787
161.374
163.901
166.368
168.773
171.116
173.395
175.609
177.755
179.832
181.838
183.772
185.632
187.418
189.13
190.769
192.337
193.84
195.283
196.678
198.033
199.343
101.874
105.614
109.328
113.003
116.625
120.187
123.68
127.102
130.45
133.724
136.923
140.048
143.102
146.086
149.001
151.849
154.632
157.35
160.004
162.595
165.122
167.584
169.981
172.312
174.574
176.766
178.885
180.93
182.897
184.786
186.593
188.317
189.959
191.517
192.995
194.397
195.73
197.005
198.233
199.41
101.951
105.843
109.703
113.513
117.259
120.931
124.522
128.03
131.452
134.789
138.043
141.215
144.307
147.323
150.265
153.134
155.933
158.663
161.325
163.919
166.445
168.903
171.292
173.61
175.855
178.025
180.117
182.129
184.058
185.9
187.653
189.314
190.881
192.354
193.734
195.026
196.236
197.377
198.461
199.487
102.041
106.107
110.133
114.096
117.978
121.77
125.466
129.064
132.563
135.965
139.274
142.492
145.624
148.671
151.639
154.529
157.343
160.084
162.753
165.351
167.876
170.33
172.71
175.016
177.245
179.393
181.46
183.439
185.329
187.125
188.823
190.418
191.909
193.292
194.569
195.74
196.814
197.804
198.722
199.576
102.145
106.416
110.633
114.767
118.8
122.721
126.527
130.217
133.794
137.261
140.625
143.889
147.058
150.136
153.129
156.039
158.868
161.62
164.296
166.896
169.421
171.87
174.243
176.537
178.75
180.878
182.919
184.868
186.72
188.471
190.114
191.645
193.057
194.348
195.514
196.556
197.479
198.298
199.026
199.681
102.271
106.783
111.221
115.547
119.743
123.801
127.72
131.503
135.158
138.689
142.105
145.412
148.617
151.725
154.741
157.669
160.512
163.274
165.956
168.559
171.084
173.529
175.895
178.178
180.376
182.486
184.503
186.423
188.24
189.948
191.539
193.006
194.342
195.539
196.591
197.496
198.254
198.88
199.387
199.809
102.425
107.23
111.925
116.465
120.835
125.033
129.065
132.94
136.667
140.259
143.724
147.071
150.309
153.443
156.48
159.424
162.281
165.052
167.739
170.345
172.869
175.311
177.67
179.944
182.129
184.222
186.219
188.113
189.899
191.568
193.111
194.52
195.782
196.888
197.825
198.587
199.166
199.577
199.824
199.965
102.623
107.793
112.787
117.559
122.108
126.444
130.583
134.542
138.336
141.982
145.49
148.872
152.138
155.295
158.351
161.31
164.177
166.956
169.649
172.257
174.781
177.221
179.574
181.84
184.015
186.095
188.074
189.947
191.706
193.342
194.844
196.201
197.399
198.421
199.25
199.869
200.261
200.431
200.365
200.158
102.897
108.537
113.867
118.877
123.598
128.061
132.294
136.326
140.177
143.867
147.411
150.822
154.111
157.287
160.358
163.329
166.206
168.992
171.689
174.3
176.824
179.263
181.613
183.874
186.041
188.111
190.077
191.933
193.672
195.282
196.752
198.069
199.214
200.167
200.904
201.395
201.604
201.513
201.068
200.419
103.357
109.579
115.244
120.476
125.346
129.912
134.22
138.307
142.202
145.925
149.496
152.929
156.236
159.427
162.509
165.49
168.374
171.165
173.866
176.48
179.006
181.444
183.793
186.051
188.213
190.277
192.235
194.08
195.805
197.398
198.847
200.136
201.244
202.15
202.82
203.216
203.277
202.945
202.078
200.857
104.205
111.165
117.106
122.487
127.449
132.073
136.421
140.537
144.454
148.195
151.78
155.224
158.541
161.739
164.828
167.814
170.702
173.497
176.201
178.815
181.342
183.78
186.128
188.384
190.545
192.605
194.558
196.399
198.116
199.7
201.137
202.41
203.499
204.377
205.01
205.354
205.332
204.865
203.705
201.906
)
;

boundaryField
{
    carasuperior
    {
        type            fixedGradient;
        gradient        uniform 100;
    }
    lateralizquierda
    {
        type            fixedValue;
        value           uniform 100;
    }
    lateralderecha
    {
        type            fixedValue;
        value           uniform 200;
    }
    carainferior
    {
        type            zeroGradient;
    }
    frontAndBack
    {
        type            empty;
    }
}


// ************************************************************************* //
