/*--------------------------------*- C++ -*----------------------------------*\
| =========                 |                                                 |
| \\      /  F ield         | OpenFOAM: The Open Source CFD Toolbox           |
|  \\    /   O peration     | Version:  2.4.0                                 |
|   \\  /    A nd           | Web:      www.OpenFOAM.org                      |
|    \\/     M anipulation  |                                                 |
\*---------------------------------------------------------------------------*/
FoamFile
{
    version     2.0;
    format      ascii;
    class       volScalarField;
    location    "0.185";
    object      T;
}
// * * * * * * * * * * * * * * * * * * * * * * * * * * * * * * * * * * * * * //

dimensions      [0 0 0 1 0 0 0];

internalField   nonuniform List<scalar> 
1600
(
100.121
100.371
100.642
100.948
101.304
101.723
102.218
102.802
103.487
104.283
105.203
106.254
107.448
108.79
110.288
111.949
113.776
115.774
117.945
120.29
122.81
125.505
128.372
131.409
134.613
137.978
141.5
145.172
148.986
152.936
157.013
161.207
165.508
169.905
174.387
178.943
183.559
188.222
192.919
197.638
100.122
100.373
100.645
100.954
101.311
101.731
102.228
102.813
103.499
104.297
105.218
106.271
107.465
108.809
110.309
111.97
113.799
115.797
117.969
120.315
122.836
125.531
128.398
131.435
134.638
138.003
141.524
145.194
149.008
152.957
157.032
161.224
165.523
169.918
174.399
178.952
183.566
188.227
192.923
197.639
100.123
100.377
100.653
100.964
101.324
101.747
102.246
102.834
103.523
104.324
105.247
106.303
107.5
108.846
110.348
112.012
113.842
115.843
118.016
120.364
122.886
125.581
128.449
131.486
134.689
138.053
141.572
145.241
149.052
152.998
157.069
161.258
165.553
169.945
174.421
178.971
183.58
188.238
192.929
197.641
100.126
100.384
100.664
100.979
101.344
101.771
102.274
102.867
103.559
104.364
105.291
106.351
107.551
108.901
110.407
112.074
113.907
115.91
118.086
120.436
122.959
125.656
128.524
131.562
134.764
138.126
141.643
145.309
149.117
153.059
157.126
161.31
165.6
169.985
174.456
178.999
183.602
188.253
192.938
197.644
100.129
100.393
100.678
100.999
101.37
101.803
102.312
102.909
103.607
104.417
105.35
106.414
107.62
108.974
110.484
112.155
113.992
115.999
118.178
120.53
123.056
125.754
128.623
131.66
134.862
138.223
141.737
145.4
149.204
153.14
157.201
161.378
165.661
170.039
174.502
179.037
183.632
188.274
192.951
197.648
100.132
100.404
100.697
101.025
101.402
101.842
102.358
102.963
103.668
104.484
105.423
106.493
107.704
109.064
110.579
112.256
114.098
116.109
118.291
120.646
123.175
125.875
128.745
131.782
134.983
138.342
141.854
145.512
149.311
153.241
157.295
161.464
165.738
170.107
174.559
179.084
183.669
188.301
192.967
197.653
100.137
100.417
100.719
101.056
101.442
101.89
102.415
103.027
103.74
104.564
105.51
106.588
107.806
109.172
110.694
112.376
114.223
116.239
118.425
120.784
123.315
126.018
128.889
131.926
135.126
138.483
141.992
145.646
149.438
153.361
157.407
161.566
165.83
170.187
174.628
179.14
183.713
188.332
192.986
197.66
100.142
100.432
100.745
101.092
101.488
101.947
102.481
103.103
103.825
104.658
105.612
106.698
107.924
109.298
110.826
112.514
114.368
116.389
118.58
120.943
123.477
126.182
129.055
132.092
135.291
138.645
142.15
145.799
149.585
153.5
157.536
161.685
165.936
170.281
174.708
179.206
183.764
188.369
193.008
197.667
100.148
100.451
100.775
101.134
101.542
102.012
102.557
103.19
103.922
104.765
105.729
106.824
108.059
109.441
110.977
112.672
114.532
116.559
118.755
121.122
123.66
126.367
129.241
132.278
135.476
138.828
142.329
145.972
149.751
153.657
157.683
161.819
166.057
170.387
174.799
179.281
183.823
188.411
193.033
197.675
100.155
100.471
100.809
101.182
101.603
102.086
102.644
103.289
104.033
104.887
105.862
106.967
108.211
109.602
111.146
112.849
114.715
116.748
118.95
121.321
123.862
126.571
129.446
132.484
135.68
139.029
142.526
146.163
149.934
153.831
157.845
161.969
166.192
170.506
174.901
179.366
183.889
188.458
193.061
197.685
100.163
100.495
100.848
101.236
101.672
102.17
102.742
103.4
104.157
105.024
106.01
107.126
108.381
109.781
111.334
113.045
114.918
116.957
119.164
121.539
124.083
126.795
129.671
132.708
135.902
139.249
142.74
146.371
150.134
154.021
158.023
162.133
166.341
170.638
175.014
179.459
183.961
188.51
193.092
197.695
100.171
100.521
100.892
101.297
101.749
102.263
102.851
103.524
104.296
105.176
106.175
107.303
108.569
109.979
111.541
113.26
115.14
117.185
119.397
121.777
124.323
127.036
129.912
132.949
136.141
139.484
142.971
146.595
150.349
154.225
158.215
162.311
166.502
170.78
175.136
179.56
184.041
188.567
193.127
197.707
100.181
100.55
100.94
101.364
101.836
102.367
102.972
103.662
104.449
105.344
106.358
107.498
108.776
110.197
111.768
113.495
115.382
117.433
119.65
122.032
124.581
127.295
130.171
133.206
136.396
139.734
143.216
146.833
150.578
154.444
158.421
162.501
166.675
170.934
175.269
179.67
184.127
188.629
193.164
197.719
100.192
100.583
100.994
101.439
101.931
102.483
103.107
103.815
104.619
105.53
106.559
107.713
109.003
110.434
112.015
113.751
115.645
117.702
119.922
122.308
124.858
127.572
130.447
133.48
136.666
140
143.475
147.084
150.82
154.674
158.638
162.703
166.859
171.099
175.411
179.788
184.22
188.696
193.204
197.732
100.204
100.619
101.054
101.523
102.037
102.611
103.256
103.984
104.807
105.735
106.779
107.948
109.251
110.694
112.285
114.029
115.93
117.992
120.216
122.604
125.155
127.868
130.741
133.771
136.952
140.28
143.748
147.348
151.074
154.917
158.867
162.916
167.054
171.273
175.563
179.915
184.319
188.767
193.247
197.747
100.218
100.659
101.121
101.615
102.154
102.752
103.42
104.17
105.013
105.96
107.022
108.206
109.523
110.978
112.579
114.332
116.239
118.306
120.533
122.922
125.474
128.185
131.055
134.08
137.256
140.576
144.036
147.627
151.341
155.171
159.107
163.14
167.259
171.457
175.723
180.049
184.425
188.843
193.294
197.762
100.232
100.703
101.194
101.717
102.284
102.908
103.601
104.375
105.24
106.208
107.287
108.489
109.82
111.288
112.9
114.66
116.575
118.646
120.876
123.266
125.817
128.526
131.392
134.411
137.579
140.891
144.341
147.921
151.623
155.439
159.36
163.375
167.475
171.651
175.893
180.191
184.538
188.925
193.343
197.778
100.249
100.752
101.275
101.829
102.427
103.08
103.8
104.6
105.489
106.479
107.579
108.798
110.145
111.626
113.249
115.019
116.94
119.015
121.248
123.638
126.187
128.893
131.754
134.766
137.926
141.229
144.667
148.234
151.923
155.723
159.626
163.623
167.702
171.855
176.072
180.342
184.658
189.012
193.395
197.795
100.267
100.806
101.365
101.953
102.584
103.269
104.02
104.848
105.764
106.778
107.899
109.138
110.501
111.996
113.631
115.41
117.338
119.418
121.652
124.043
126.589
129.291
132.146
135.15
138.301
141.592
145.017
148.57
152.243
156.025
159.91
163.886
167.943
172.071
176.261
180.502
184.786
189.105
193.452
197.814
100.287
100.866
101.464
102.09
102.758
103.478
104.263
105.122
106.066
107.106
108.251
109.51
110.891
112.402
114.049
115.837
117.772
119.857
122.093
124.483
127.027
129.724
132.572
135.568
138.707
141.985
145.396
148.933
152.587
156.351
160.214
164.167
168.199
172.301
176.462
180.672
184.922
189.204
193.512
197.834
100.309
100.932
101.573
102.242
102.95
103.709
104.53
105.423
106.399
107.467
108.638
109.919
111.32
112.847
114.507
116.306
118.248
120.337
122.576
124.965
127.506
130.197
133.037
136.023
139.15
142.414
145.809
149.327
152.962
156.704
160.543
164.471
168.476
172.548
176.678
180.854
185.068
189.31
193.577
197.855
100.333
101.006
101.694
102.41
103.163
103.965
104.826
105.756
106.766
107.865
109.064
110.369
111.791
113.335
115.01
116.819
118.769
120.863
123.104
125.492
128.03
130.715
133.546
136.521
139.634
142.883
146.26
149.758
153.371
157.088
160.902
164.801
168.776
172.816
176.911
181.051
185.225
189.426
193.647
197.879
100.361
101.087
101.829
102.596
103.398
104.247
105.152
106.123
107.171
108.304
109.532
110.865
112.309
113.872
115.562
117.383
119.341
121.441
123.683
126.071
128.604
131.282
134.104
137.067
140.166
143.397
146.754
150.231
153.819
157.51
161.294
165.163
169.104
173.108
177.165
181.264
185.395
189.55
193.724
197.904
100.391
101.177
101.978
102.802
103.659
104.56
105.513
106.53
107.618
108.788
110.049
111.41
112.878
114.462
116.168
118.002
119.969
122.074
124.319
126.705
129.234
131.905
134.717
137.666
140.75
143.963
147.299
150.751
154.313
157.974
161.727
165.561
169.465
173.429
177.443
181.498
185.582
189.687
193.808
197.932
100.424
101.278
102.143
103.031
103.949
104.907
105.914
106.979
108.112
109.322
110.619
112.01
113.505
115.111
116.834
118.682
120.659
122.769
125.016
127.401
129.926
132.589
135.39
138.325
141.392
144.585
147.898
151.325
154.857
158.487
162.205
166
169.864
173.784
177.751
181.755
185.787
189.837
193.901
197.963
100.462
101.389
102.328
103.286
104.271
105.292
106.357
107.476
108.658
109.912
111.247
112.672
114.195
115.824
117.566
119.428
121.415
123.532
125.781
128.165
130.684
133.34
136.129
139.05
142.098
145.27
148.558
151.957
155.459
159.054
162.734
166.488
170.306
174.178
178.093
182.042
186.015
190.003
194.003
197.997
100.504
101.514
102.534
103.57
104.629
105.72
106.85
108.027
109.262
110.563
111.94
113.4
114.953
116.607
118.37
120.247
122.245
124.368
126.619
129.002
131.516
134.163
136.94
139.845
142.875
146.024
149.286
152.656
156.124
159.682
163.32
167.029
170.798
174.617
178.474
182.361
186.269
190.189
194.117
198.035
100.551
101.654
102.765
103.888
105.03
106.197
107.397
108.639
109.931
111.283
112.704
114.202
115.788
117.468
119.252
121.145
123.154
125.284
127.538
129.919
132.428
135.065
137.83
140.719
143.728
146.854
150.089
153.427
156.859
160.377
163.972
167.632
171.347
175.106
178.9
182.719
186.553
190.397
194.245
198.077
100.603
101.812
103.024
104.244
105.477
106.729
108.006
109.318
110.672
112.078
113.546
115.085
116.704
118.413
120.218
122.128
124.149
126.286
128.542
130.922
133.425
136.053
138.804
141.676
144.665
147.766
150.972
154.277
157.672
161.148
164.695
168.302
171.959
175.654
179.378
183.12
186.873
190.631
194.388
198.125
100.663
101.989
103.316
104.645
105.979
107.324
108.685
110.072
111.493
112.957
114.475
116.056
117.71
119.448
121.276
123.203
125.236
127.38
129.639
132.017
134.515
137.133
139.87
142.725
145.692
148.767
151.944
155.215
158.57
162.002
165.498
169.049
172.643
176.268
179.915
183.573
187.235
190.896
194.551
198.18
100.731
102.191
103.647
105.097
106.544
107.991
109.444
110.911
112.402
113.928
115.498
117.123
118.814
120.581
122.432
124.377
126.422
128.573
130.835
133.21
135.702
138.31
141.034
143.871
146.816
149.865
153.012
156.247
159.562
162.947
166.391
169.882
173.408
176.958
180.521
184.086
187.646
191.197
194.735
198.242
100.809
102.422
104.024
105.611
107.182
108.741
110.293
111.846
113.412
115
116.624
118.294
120.022
121.819
123.694
125.656
127.713
129.871
132.135
134.509
136.994
139.593
142.302
145.121
148.044
151.067
154.183
157.382
160.656
163.994
167.383
170.811
174.266
177.735
181.206
184.668
188.115
191.542
194.946
198.313
100.899
102.688
104.457
106.198
107.907
109.587
111.244
112.888
114.531
116.185
117.863
119.578
121.343
123.169
125.067
127.046
129.115
131.279
133.546
135.917
138.397
140.985
143.681
146.482
149.383
152.38
155.465
158.629
161.861
165.151
168.484
171.848
175.229
178.612
181.984
185.334
188.653
191.94
195.19
198.396
101.004
102.999
104.961
106.875
108.736
110.546
112.314
114.052
115.773
117.492
119.224
120.984
122.785
124.639
126.559
128.554
130.633
132.804
135.072
137.442
139.915
142.494
145.176
147.959
150.84
153.812
156.867
159.995
163.187
166.429
169.707
173.006
176.31
179.604
182.871
186.099
189.277
192.403
195.475
198.496
101.13
103.368
105.554
107.662
109.688
111.637
113.52
115.352
117.151
118.934
120.718
122.52
124.354
126.235
128.175
130.185
132.274
134.451
136.72
139.087
141.555
144.124
146.793
149.56
152.421
155.368
158.395
161.491
164.644
167.84
171.064
174.3
177.528
180.731
183.888
186.986
190.008
192.953
195.816
198.617
101.285
103.819
106.264
108.589
110.791
112.883
114.88
116.805
118.678
120.521
122.353
124.194
126.059
127.964
129.922
131.945
134.042
136.223
138.494
140.858
143.32
145.88
148.537
151.289
154.131
157.057
160.058
163.124
166.241
169.396
172.57
175.746
178.902
182.015
185.063
188.023
190.875
193.616
196.233
198.765
101.486
104.387
107.134
109.694
112.079
114.311
116.417
118.427
120.368
122.264
124.139
126.013
127.905
129.83
131.803
133.837
135.942
138.126
140.397
142.759
145.215
147.767
150.414
153.153
155.979
158.886
161.865
164.905
167.991
171.11
174.241
177.364
180.454
183.486
186.428
189.251
191.924
194.434
196.751
198.951
101.761
105.138
108.226
111.029
113.589
115.95
118.154
120.237
122.234
124.175
126.084
127.985
129.898
131.839
133.824
135.866
137.976
140.163
142.434
144.794
147.246
149.791
152.43
155.158
157.972
160.864
163.825
166.844
169.907
172.996
176.092
179.173
182.21
185.174
188.026
190.725
193.222
195.481
197.432
199.204
102.224
106.189
109.62
112.65
115.363
117.83
120.109
122.249
124.289
126.262
128.196
130.117
132.044
133.997
135.991
138.039
140.152
142.341
144.612
146.97
149.419
151.96
154.593
157.314
160.119
163.001
165.95
168.955
172
175.07
178.142
181.193
184.193
187.108
189.895
192.502
194.855
196.881
198.421
199.634
103.078
107.787
111.5
114.682
117.489
120.015
122.334
124.502
126.563
128.552
130.5
132.43
134.365
136.323
138.32
140.371
142.486
144.676
146.946
149.303
151.75
154.289
156.918
159.635
162.436
165.312
168.254
171.251
174.288
177.346
180.405
183.44
186.418
189.306
192.055
194.611
196.882
198.776
200.031
200.676
)
;

boundaryField
{
    carasuperior
    {
        type            fixedGradient;
        gradient        uniform 100;
    }
    lateralizquierda
    {
        type            fixedValue;
        value           uniform 100;
    }
    lateralderecha
    {
        type            fixedValue;
        value           uniform 200;
    }
    carainferior
    {
        type            zeroGradient;
    }
    frontAndBack
    {
        type            empty;
    }
}


// ************************************************************************* //
