/*--------------------------------*- C++ -*----------------------------------*\
| =========                 |                                                 |
| \\      /  F ield         | OpenFOAM: The Open Source CFD Toolbox           |
|  \\    /   O peration     | Version:  2.4.0                                 |
|   \\  /    A nd           | Web:      www.OpenFOAM.org                      |
|    \\/     M anipulation  |                                                 |
\*---------------------------------------------------------------------------*/
FoamFile
{
    version     2.0;
    format      ascii;
    class       volScalarField;
    location    "0.31";
    object      T;
}
// * * * * * * * * * * * * * * * * * * * * * * * * * * * * * * * * * * * * * //

dimensions      [0 0 0 1 0 0 0];

internalField   nonuniform List<scalar> 
1600
(
101.033
103.1
105.172
107.251
109.34
111.442
113.56
115.696
117.852
120.031
122.234
124.463
126.72
129.006
131.323
133.671
136.05
138.462
140.906
143.383
145.892
148.433
151.006
153.611
156.245
158.909
161.602
164.322
167.069
169.84
172.635
175.452
178.29
181.146
184.018
186.904
189.802
192.709
195.622
198.54
101.034
103.103
105.176
107.257
109.348
111.452
113.571
115.709
117.866
120.047
122.251
124.482
126.741
129.028
131.346
133.694
136.075
138.487
140.932
143.409
145.918
148.46
151.033
153.636
156.27
158.934
161.625
164.344
167.089
169.86
172.653
175.469
178.304
181.158
184.028
186.913
189.809
192.714
195.626
198.541
101.035
103.108
105.185
107.269
109.363
111.47
113.593
115.734
117.895
120.078
122.285
124.519
126.78
129.07
131.39
133.74
136.123
138.536
140.982
143.461
145.971
148.512
151.085
153.688
156.321
158.983
161.673
164.389
167.132
169.899
172.69
175.502
178.334
181.184
184.05
186.931
189.823
192.724
195.631
198.543
101.038
103.115
105.197
107.287
109.386
111.498
113.626
115.771
117.937
120.124
122.336
124.574
126.839
129.132
131.455
133.809
136.194
138.61
141.057
143.537
146.047
148.589
151.162
153.764
156.396
159.055
161.743
164.456
167.195
169.958
172.744
175.551
178.378
181.223
184.083
186.958
189.844
192.739
195.641
198.546
101.041
103.125
105.214
107.31
109.416
111.535
113.669
115.821
117.992
120.186
122.403
124.646
126.916
129.214
131.541
133.899
136.287
138.706
141.156
143.637
146.149
148.691
151.263
153.864
156.494
159.151
161.835
164.545
167.279
170.037
172.817
175.617
178.437
181.274
184.127
186.994
189.872
192.759
195.653
198.551
101.046
103.138
105.235
107.34
109.454
111.581
113.723
115.882
118.061
120.262
122.486
124.736
127.012
129.315
131.648
134.01
136.402
138.824
141.277
143.76
146.274
148.816
151.388
153.988
156.616
159.27
161.95
164.655
167.384
170.135
172.907
175.7
178.511
181.339
184.182
187.039
189.907
192.784
195.668
198.556
101.051
103.153
105.261
107.375
109.499
111.636
113.787
115.956
118.144
120.353
122.585
124.842
127.125
129.436
131.774
134.142
136.538
138.965
141.421
143.907
146.422
148.965
151.537
154.136
156.761
159.412
162.087
164.787
167.508
170.252
173.015
175.798
178.599
181.416
184.249
187.094
189.95
192.815
195.686
198.562
101.057
103.171
105.29
107.416
109.552
111.7
113.862
116.041
118.239
120.458
122.7
124.966
127.257
129.575
131.92
134.294
136.696
139.127
141.587
144.075
146.592
149.136
151.708
154.305
156.928
159.575
162.246
164.939
167.653
170.388
173.141
175.913
178.702
181.507
184.326
187.157
190
192.851
195.708
198.569
101.063
103.191
105.324
107.463
109.612
111.772
113.947
116.138
118.348
120.578
122.83
125.106
127.406
129.733
132.086
134.466
136.874
139.311
141.774
144.266
146.785
149.33
151.901
154.497
157.117
159.76
162.425
165.111
167.817
170.542
173.285
176.044
178.82
181.61
184.414
187.23
190.057
192.891
195.732
198.577
101.071
103.214
105.362
107.516
109.68
111.855
114.043
116.248
118.471
120.713
122.977
125.263
127.574
129.909
132.271
134.658
137.073
139.515
141.983
144.478
146.998
149.545
152.115
154.71
157.327
159.965
162.624
165.303
168
170.714
173.445
176.191
178.952
181.727
184.514
187.312
190.121
192.937
195.76
198.586
101.08
103.24
105.404
107.575
109.755
111.946
114.15
116.37
118.607
120.863
123.139
125.437
127.759
130.104
132.475
134.871
137.292
139.739
142.212
144.71
147.233
149.78
152.35
154.942
157.556
160.19
162.843
165.514
168.201
170.904
173.622
176.354
179.099
181.856
184.625
187.404
190.192
192.989
195.791
198.596
101.089
103.268
105.451
107.641
109.839
112.048
114.269
116.505
118.757
121.028
123.318
125.629
127.962
130.319
132.699
135.103
137.531
139.984
142.462
144.963
147.488
150.035
152.604
155.195
157.805
160.434
163.08
165.742
168.419
171.111
173.815
176.531
179.259
181.997
184.746
187.504
190.271
193.045
195.825
198.608
101.1
103.299
105.504
107.714
109.931
112.159
114.399
116.653
118.923
121.209
123.514
125.839
128.185
130.552
132.942
135.355
137.791
140.25
142.732
145.236
147.762
150.31
152.878
155.466
158.072
160.695
163.334
165.988
168.655
171.333
174.023
176.723
179.433
182.152
184.879
187.614
190.357
193.107
195.862
198.62
101.111
103.334
105.561
107.793
110.033
112.282
114.542
116.816
119.103
121.407
123.728
126.068
128.427
130.806
133.207
135.628
138.072
140.536
143.023
145.53
148.058
150.605
153.172
155.757
158.358
160.975
163.606
166.25
168.906
171.572
174.247
176.93
179.621
182.318
185.023
187.734
190.451
193.174
195.903
198.634
101.124
103.372
105.624
107.881
110.144
112.417
114.699
116.993
119.301
121.623
123.962
126.317
128.69
131.082
133.493
135.924
138.375
140.846
143.336
145.846
148.375
150.922
153.486
156.067
158.663
161.273
163.896
166.53
169.174
171.826
174.486
177.151
179.822
182.498
185.178
187.863
190.553
193.247
195.947
198.648
101.138
103.413
105.693
107.976
110.266
112.564
114.87
117.187
119.516
121.859
124.215
126.587
128.976
131.381
133.803
136.244
138.702
141.179
143.674
146.186
148.715
151.261
153.823
156.4
158.99
161.592
164.206
166.829
169.46
172.097
174.74
177.387
180.037
182.689
185.344
188.002
190.662
193.326
195.994
198.664
101.153
103.459
105.768
108.081
110.4
112.725
115.057
117.399
119.752
122.115
124.492
126.881
129.286
131.705
134.139
136.59
139.056
141.539
144.038
146.552
149.082
151.627
154.185
156.757
159.34
161.934
164.537
167.147
169.764
172.386
175.011
177.638
180.266
182.894
185.522
188.151
190.78
193.411
196.046
198.681
101.17
103.509
105.851
108.196
110.546
112.901
115.262
117.631
120.008
122.395
124.793
127.202
129.623
132.057
134.504
136.965
139.44
141.929
144.432
146.948
149.479
152.021
154.576
157.142
159.717
162.301
164.893
167.49
170.091
172.695
175.301
177.906
180.51
183.113
185.713
188.311
190.907
193.503
196.101
198.699
101.188
103.564
105.942
108.323
110.706
113.094
115.486
117.884
120.289
122.701
125.121
127.551
129.99
132.439
134.9
137.372
139.856
142.351
144.859
147.378
149.908
152.449
154.999
157.558
160.125
162.698
165.277
167.859
170.443
173.028
175.612
178.194
180.773
183.347
185.917
188.483
191.044
193.602
196.161
198.719
101.208
103.625
106.042
108.461
110.882
113.305
115.732
118.162
120.596
123.035
125.48
127.931
130.39
132.857
135.332
137.816
140.309
142.811
145.323
147.845
150.375
152.913
155.458
158.01
160.568
163.129
165.694
168.259
170.825
173.389
175.949
178.505
181.056
183.6
186.137
188.667
191.191
193.709
196.226
198.741
101.23
103.691
106.153
108.614
111.076
113.538
116.001
118.466
120.932
123.401
125.873
128.348
130.828
133.313
135.803
138.3
140.803
143.313
145.83
148.353
150.883
153.418
155.958
158.503
161.05
163.598
166.147
168.695
171.239
173.78
176.315
178.842
181.362
183.873
186.375
188.867
191.35
193.825
196.297
198.764
101.255
103.765
106.274
108.782
111.289
113.794
116.298
118.801
121.302
123.803
126.303
128.804
131.307
133.811
136.318
138.828
141.342
143.86
146.382
148.908
151.437
153.969
156.504
159.04
161.575
164.11
166.642
169.17
171.692
174.207
176.714
179.21
181.696
184.17
186.632
189.083
191.522
193.951
196.374
198.789
101.282
103.846
106.408
108.968
111.525
114.077
116.625
119.169
121.709
124.244
126.776
129.305
131.832
134.357
136.882
139.407
141.932
144.458
146.986
149.514
152.043
154.572
157.1
159.626
162.15
164.669
167.182
169.689
172.187
174.674
177.15
179.612
182.061
184.495
186.914
189.319
191.71
194.088
196.457
198.817
101.312
103.936
106.557
109.174
111.785
114.39
116.987
119.576
122.157
124.73
127.295
129.854
132.407
134.955
137.499
140.04
142.577
145.112
147.645
150.176
152.705
155.23
157.751
160.268
162.778
165.281
167.774
170.258
172.729
175.186
177.628
180.054
182.462
184.851
187.223
189.578
191.916
194.238
196.55
198.848
101.346
104.036
106.723
109.403
112.074
114.736
117.386
120.024
122.651
125.265
127.867
130.458
133.04
135.612
138.176
140.733
143.283
145.828
148.367
150.901
153.428
155.95
158.464
160.969
163.466
165.951
168.423
170.882
173.324
175.749
178.155
180.54
182.903
185.244
187.564
189.863
192.142
194.403
196.651
198.881
101.383
104.148
106.906
109.656
112.395
115.119
117.828
120.521
123.196
125.855
128.496
131.123
133.734
136.332
138.918
141.492
144.056
146.611
149.156
151.692
154.219
156.736
159.242
161.737
164.218
166.684
169.134
171.566
173.978
176.368
178.734
181.075
183.39
185.678
187.941
190.178
192.392
194.585
196.763
198.918
101.425
104.272
107.112
109.94
112.752
115.546
118.319
121.07
123.799
126.505
129.19
131.853
134.497
137.122
139.73
142.323
144.901
147.466
150.018
152.557
155.083
157.595
160.094
162.576
165.041
167.488
169.914
172.317
174.696
177.048
179.372
181.666
183.928
186.159
188.358
190.528
192.67
194.788
196.888
198.96
101.472
104.411
107.341
110.256
113.15
116.02
118.864
121.68
124.466
127.224
129.953
132.656
135.334
137.988
140.62
143.232
145.825
148.401
150.959
153.501
156.026
158.533
161.023
163.493
165.942
168.367
170.768
173.142
175.486
177.798
180.077
182.319
184.525
186.693
188.823
190.918
192.98
195.014
197.026
199.006
101.524
104.568
107.599
110.61
113.595
116.55
119.471
122.356
125.204
128.017
130.795
133.539
136.253
138.937
141.594
144.225
146.834
149.42
151.985
154.53
157.054
159.556
162.036
164.493
166.925
169.329
171.704
174.046
176.354
178.624
180.854
183.042
185.186
187.286
189.341
191.353
193.327
195.267
197.181
199.058
101.583
104.745
107.89
111.009
114.095
117.142
120.147
123.107
126.022
128.893
131.722
134.51
137.26
139.975
142.658
145.31
147.934
150.531
153.103
155.65
158.172
160.669
163.14
165.584
167.998
170.38
172.727
175.038
177.307
179.533
181.712
183.842
185.921
187.946
189.919
191.842
193.717
195.552
197.356
199.116
101.651
104.946
108.219
111.459
114.657
117.806
120.901
123.942
126.928
129.86
132.742
135.575
138.364
141.11
143.819
146.491
149.131
151.739
154.318
156.867
159.388
161.88
164.341
166.771
169.167
171.526
173.846
176.124
178.354
180.534
182.661
184.729
186.738
188.684
190.568
192.391
194.157
195.875
197.553
199.182
101.728
105.175
108.594
111.97
115.292
118.552
121.745
124.872
127.932
130.928
133.864
136.744
139.571
142.349
145.083
147.776
150.431
153.05
155.635
158.187
160.706
163.193
165.645
168.061
170.439
172.776
175.068
177.312
179.503
181.637
183.708
185.713
187.648
189.51
191.297
193.011
194.656
196.242
197.777
199.258
101.818
105.44
109.026
112.555
116.013
119.393
122.691
125.908
129.045
132.107
135.098
138.023
140.889
143.699
146.458
149.171
151.841
154.471
157.062
159.616
162.133
164.614
167.057
169.459
171.82
174.135
176.4
178.611
180.762
182.849
184.866
186.806
188.664
190.437
192.121
193.716
195.227
196.663
198.035
199.347
101.923
105.749
109.526
113.227
116.836
120.346
123.754
127.063
130.279
133.406
136.451
139.422
142.325
145.166
147.95
150.682
153.366
156.005
158.602
161.158
163.674
166.149
168.583
170.973
173.316
175.61
177.849
180.028
182.141
184.182
186.144
188.019
189.8
191.48
193.055
194.523
195.884
197.152
198.336
199.451
102.048
106.117
110.115
114.009
117.782
121.428
124.95
128.353
131.646
134.837
137.935
140.949
143.887
146.756
149.563
152.313
155.01
157.659
160.261
162.819
165.333
167.803
170.229
172.607
174.935
177.208
179.423
181.572
183.649
185.647
187.557
189.368
191.072
192.659
194.121
195.452
196.65
197.728
198.693
199.577
102.202
106.564
110.821
114.929
118.876
122.663
126.299
129.793
133.16
136.41
139.557
142.611
145.582
148.477
151.304
154.07
156.779
159.436
162.043
164.602
167.115
169.581
171.999
174.366
176.68
178.936
181.129
183.252
185.297
187.255
189.116
190.869
192.5
193.996
195.344
196.533
197.554
198.418
199.126
199.732
102.401
107.129
111.684
116.025
120.152
124.078
127.82
131.399
134.833
138.137
141.328
144.416
147.415
150.332
153.177
155.957
158.676
161.34
163.951
166.512
169.024
171.486
173.898
176.257
178.559
180.801
182.975
185.076
187.093
189.018
190.837
192.538
194.104
195.517
196.757
197.805
198.64
199.265
199.663
199.924
102.675
107.874
112.767
117.347
121.646
125.699
129.537
133.189
136.679
140.028
143.253
146.371
149.392
152.328
155.188
157.979
160.707
163.376
165.992
168.554
171.065
173.525
175.933
178.285
180.579
182.809
184.97
187.053
189.049
190.948
192.735
194.394
195.908
197.252
198.4
199.321
199.974
200.34
200.361
200.182
103.136
108.918
114.147
118.95
123.4
127.556
131.469
135.177
138.709
142.092
145.344
148.483
151.521
154.471
157.342
160.142
162.876
165.551
168.17
170.734
173.246
175.705
178.11
180.458
182.747
184.97
187.122
189.193
191.175
193.056
194.821
196.453
197.929
199.226
200.308
201.134
201.64
201.767
201.367
200.619
103.985
110.506
116.013
120.965
125.507
129.722
133.675
137.411
140.966
144.366
147.632
150.782
153.829
156.787
159.663
162.468
165.206
167.884
170.504
173.069
175.581
178.04
180.443
182.79
185.075
187.295
189.441
191.507
193.482
195.353
197.106
198.722
200.178
201.448
202.492
203.266
203.69
203.681
202.991
201.667
)
;

boundaryField
{
    carasuperior
    {
        type            fixedGradient;
        gradient        uniform 100;
    }
    lateralizquierda
    {
        type            fixedValue;
        value           uniform 100;
    }
    lateralderecha
    {
        type            fixedValue;
        value           uniform 200;
    }
    carainferior
    {
        type            zeroGradient;
    }
    frontAndBack
    {
        type            empty;
    }
}


// ************************************************************************* //
