/*--------------------------------*- C++ -*----------------------------------*\
| =========                 |                                                 |
| \\      /  F ield         | OpenFOAM: The Open Source CFD Toolbox           |
|  \\    /   O peration     | Version:  2.4.0                                 |
|   \\  /    A nd           | Web:      www.OpenFOAM.org                      |
|    \\/     M anipulation  |                                                 |
\*---------------------------------------------------------------------------*/
FoamFile
{
    version     2.0;
    format      ascii;
    class       labelList;
    note        "nPoints: 6600 nCells: 4800 nFaces: 16080 nInternalFaces: 12720";
    location    "constant/polyMesh";
    object      neighbour;
}
// * * * * * * * * * * * * * * * * * * * * * * * * * * * * * * * * * * * * * //


12720
(
1
10
100
2
11
101
3
12
102
4
13
103
5
14
104
6
15
105
7
16
106
8
17
107
9
18
108
19
109
400
11
20
110
12
21
111
13
22
112
14
23
113
15
24
114
16
25
115
17
26
116
18
27
117
19
28
118
29
119
420
21
30
120
22
31
121
23
32
122
24
33
123
25
34
124
26
35
125
27
36
126
28
37
127
29
38
128
39
129
440
31
40
130
32
41
131
33
42
132
34
43
133
35
44
134
36
45
135
37
46
136
38
47
137
39
48
138
49
139
460
41
50
140
42
51
141
43
52
142
44
53
143
45
54
144
46
55
145
47
56
146
48
57
147
49
58
148
59
149
480
51
60
150
52
61
151
53
62
152
54
63
153
55
64
154
56
65
155
57
66
156
58
67
157
59
68
158
69
159
500
61
70
160
62
71
161
63
72
162
64
73
163
65
74
164
66
75
165
67
76
166
68
77
167
69
78
168
79
169
520
71
80
170
72
81
171
73
82
172
74
83
173
75
84
174
76
85
175
77
86
176
78
87
177
79
88
178
89
179
540
81
90
180
82
91
181
83
92
182
84
93
183
85
94
184
86
95
185
87
96
186
88
97
187
89
98
188
99
189
560
91
190
4000
92
191
4001
93
192
4002
94
193
4003
95
194
4004
96
195
4005
97
196
4006
98
197
4007
99
198
4008
199
580
4009
101
110
200
102
111
201
103
112
202
104
113
203
105
114
204
106
115
205
107
116
206
108
117
207
109
118
208
119
209
600
111
120
210
112
121
211
113
122
212
114
123
213
115
124
214
116
125
215
117
126
216
118
127
217
119
128
218
129
219
620
121
130
220
122
131
221
123
132
222
124
133
223
125
134
224
126
135
225
127
136
226
128
137
227
129
138
228
139
229
640
131
140
230
132
141
231
133
142
232
134
143
233
135
144
234
136
145
235
137
146
236
138
147
237
139
148
238
149
239
660
141
150
240
142
151
241
143
152
242
144
153
243
145
154
244
146
155
245
147
156
246
148
157
247
149
158
248
159
249
680
151
160
250
152
161
251
153
162
252
154
163
253
155
164
254
156
165
255
157
166
256
158
167
257
159
168
258
169
259
700
161
170
260
162
171
261
163
172
262
164
173
263
165
174
264
166
175
265
167
176
266
168
177
267
169
178
268
179
269
720
171
180
270
172
181
271
173
182
272
174
183
273
175
184
274
176
185
275
177
186
276
178
187
277
179
188
278
189
279
740
181
190
280
182
191
281
183
192
282
184
193
283
185
194
284
186
195
285
187
196
286
188
197
287
189
198
288
199
289
760
191
290
4200
192
291
4201
193
292
4202
194
293
4203
195
294
4204
196
295
4205
197
296
4206
198
297
4207
199
298
4208
299
780
4209
201
210
300
202
211
301
203
212
302
204
213
303
205
214
304
206
215
305
207
216
306
208
217
307
209
218
308
219
309
800
211
220
310
212
221
311
213
222
312
214
223
313
215
224
314
216
225
315
217
226
316
218
227
317
219
228
318
229
319
820
221
230
320
222
231
321
223
232
322
224
233
323
225
234
324
226
235
325
227
236
326
228
237
327
229
238
328
239
329
840
231
240
330
232
241
331
233
242
332
234
243
333
235
244
334
236
245
335
237
246
336
238
247
337
239
248
338
249
339
860
241
250
340
242
251
341
243
252
342
244
253
343
245
254
344
246
255
345
247
256
346
248
257
347
249
258
348
259
349
880
251
260
350
252
261
351
253
262
352
254
263
353
255
264
354
256
265
355
257
266
356
258
267
357
259
268
358
269
359
900
261
270
360
262
271
361
263
272
362
264
273
363
265
274
364
266
275
365
267
276
366
268
277
367
269
278
368
279
369
920
271
280
370
272
281
371
273
282
372
274
283
373
275
284
374
276
285
375
277
286
376
278
287
377
279
288
378
289
379
940
281
290
380
282
291
381
283
292
382
284
293
383
285
294
384
286
295
385
287
296
386
288
297
387
289
298
388
299
389
960
291
390
4400
292
391
4401
293
392
4402
294
393
4403
295
394
4404
296
395
4405
297
396
4406
298
397
4407
299
398
4408
399
980
4409
301
310
302
311
303
312
304
313
305
314
306
315
307
316
308
317
309
318
319
1000
311
320
312
321
313
322
314
323
315
324
316
325
317
326
318
327
319
328
329
1020
321
330
322
331
323
332
324
333
325
334
326
335
327
336
328
337
329
338
339
1040
331
340
332
341
333
342
334
343
335
344
336
345
337
346
338
347
339
348
349
1060
341
350
342
351
343
352
344
353
345
354
346
355
347
356
348
357
349
358
359
1080
351
360
352
361
353
362
354
363
355
364
356
365
357
366
358
367
359
368
369
1100
361
370
362
371
363
372
364
373
365
374
366
375
367
376
368
377
369
378
379
1120
371
380
372
381
373
382
374
383
375
384
376
385
377
386
378
387
379
388
389
1140
381
390
382
391
383
392
384
393
385
394
386
395
387
396
388
397
389
398
399
1160
391
4600
392
4601
393
4602
394
4603
395
4604
396
4605
397
4606
398
4607
399
4608
1180
4609
401
420
600
402
421
601
403
422
602
404
423
603
405
424
604
406
425
605
407
426
606
408
427
607
409
428
608
410
429
609
411
430
610
412
431
611
413
432
612
414
433
613
415
434
614
416
435
615
417
436
616
418
437
617
419
438
618
439
619
1200
421
440
620
422
441
621
423
442
622
424
443
623
425
444
624
426
445
625
427
446
626
428
447
627
429
448
628
430
449
629
431
450
630
432
451
631
433
452
632
434
453
633
435
454
634
436
455
635
437
456
636
438
457
637
439
458
638
459
639
1210
441
460
640
442
461
641
443
462
642
444
463
643
445
464
644
446
465
645
447
466
646
448
467
647
449
468
648
450
469
649
451
470
650
452
471
651
453
472
652
454
473
653
455
474
654
456
475
655
457
476
656
458
477
657
459
478
658
479
659
1220
461
480
660
462
481
661
463
482
662
464
483
663
465
484
664
466
485
665
467
486
666
468
487
667
469
488
668
470
489
669
471
490
670
472
491
671
473
492
672
474
493
673
475
494
674
476
495
675
477
496
676
478
497
677
479
498
678
499
679
1230
481
500
680
482
501
681
483
502
682
484
503
683
485
504
684
486
505
685
487
506
686
488
507
687
489
508
688
490
509
689
491
510
690
492
511
691
493
512
692
494
513
693
495
514
694
496
515
695
497
516
696
498
517
697
499
518
698
519
699
1240
501
520
700
502
521
701
503
522
702
504
523
703
505
524
704
506
525
705
507
526
706
508
527
707
509
528
708
510
529
709
511
530
710
512
531
711
513
532
712
514
533
713
515
534
714
516
535
715
517
536
716
518
537
717
519
538
718
539
719
1250
521
540
720
522
541
721
523
542
722
524
543
723
525
544
724
526
545
725
527
546
726
528
547
727
529
548
728
530
549
729
531
550
730
532
551
731
533
552
732
534
553
733
535
554
734
536
555
735
537
556
736
538
557
737
539
558
738
559
739
1260
541
560
740
542
561
741
543
562
742
544
563
743
545
564
744
546
565
745
547
566
746
548
567
747
549
568
748
550
569
749
551
570
750
552
571
751
553
572
752
554
573
753
555
574
754
556
575
755
557
576
756
558
577
757
559
578
758
579
759
1270
561
580
760
562
581
761
563
582
762
564
583
763
565
584
764
566
585
765
567
586
766
568
587
767
569
588
768
570
589
769
571
590
770
572
591
771
573
592
772
574
593
773
575
594
774
576
595
775
577
596
776
578
597
777
579
598
778
599
779
1280
581
780
582
781
583
782
584
783
585
784
586
785
587
786
588
787
589
788
590
789
591
790
592
791
593
792
594
793
595
794
596
795
597
796
598
797
599
798
799
1290
601
620
800
602
621
801
603
622
802
604
623
803
605
624
804
606
625
805
607
626
806
608
627
807
609
628
808
610
629
809
611
630
810
612
631
811
613
632
812
614
633
813
615
634
814
616
635
815
617
636
816
618
637
817
619
638
818
639
819
1300
621
640
820
622
641
821
623
642
822
624
643
823
625
644
824
626
645
825
627
646
826
628
647
827
629
648
828
630
649
829
631
650
830
632
651
831
633
652
832
634
653
833
635
654
834
636
655
835
637
656
836
638
657
837
639
658
838
659
839
1310
641
660
840
642
661
841
643
662
842
644
663
843
645
664
844
646
665
845
647
666
846
648
667
847
649
668
848
650
669
849
651
670
850
652
671
851
653
672
852
654
673
853
655
674
854
656
675
855
657
676
856
658
677
857
659
678
858
679
859
1320
661
680
860
662
681
861
663
682
862
664
683
863
665
684
864
666
685
865
667
686
866
668
687
867
669
688
868
670
689
869
671
690
870
672
691
871
673
692
872
674
693
873
675
694
874
676
695
875
677
696
876
678
697
877
679
698
878
699
879
1330
681
700
880
682
701
881
683
702
882
684
703
883
685
704
884
686
705
885
687
706
886
688
707
887
689
708
888
690
709
889
691
710
890
692
711
891
693
712
892
694
713
893
695
714
894
696
715
895
697
716
896
698
717
897
699
718
898
719
899
1340
701
720
900
702
721
901
703
722
902
704
723
903
705
724
904
706
725
905
707
726
906
708
727
907
709
728
908
710
729
909
711
730
910
712
731
911
713
732
912
714
733
913
715
734
914
716
735
915
717
736
916
718
737
917
719
738
918
739
919
1350
721
740
920
722
741
921
723
742
922
724
743
923
725
744
924
726
745
925
727
746
926
728
747
927
729
748
928
730
749
929
731
750
930
732
751
931
733
752
932
734
753
933
735
754
934
736
755
935
737
756
936
738
757
937
739
758
938
759
939
1360
741
760
940
742
761
941
743
762
942
744
763
943
745
764
944
746
765
945
747
766
946
748
767
947
749
768
948
750
769
949
751
770
950
752
771
951
753
772
952
754
773
953
755
774
954
756
775
955
757
776
956
758
777
957
759
778
958
779
959
1370
761
780
960
762
781
961
763
782
962
764
783
963
765
784
964
766
785
965
767
786
966
768
787
967
769
788
968
770
789
969
771
790
970
772
791
971
773
792
972
774
793
973
775
794
974
776
795
975
777
796
976
778
797
977
779
798
978
799
979
1380
781
980
782
981
783
982
784
983
785
984
786
985
787
986
788
987
789
988
790
989
791
990
792
991
793
992
794
993
795
994
796
995
797
996
798
997
799
998
999
1390
801
820
1000
802
821
1001
803
822
1002
804
823
1003
805
824
1004
806
825
1005
807
826
1006
808
827
1007
809
828
1008
810
829
1009
811
830
1010
812
831
1011
813
832
1012
814
833
1013
815
834
1014
816
835
1015
817
836
1016
818
837
1017
819
838
1018
839
1019
1400
821
840
1020
822
841
1021
823
842
1022
824
843
1023
825
844
1024
826
845
1025
827
846
1026
828
847
1027
829
848
1028
830
849
1029
831
850
1030
832
851
1031
833
852
1032
834
853
1033
835
854
1034
836
855
1035
837
856
1036
838
857
1037
839
858
1038
859
1039
1410
841
860
1040
842
861
1041
843
862
1042
844
863
1043
845
864
1044
846
865
1045
847
866
1046
848
867
1047
849
868
1048
850
869
1049
851
870
1050
852
871
1051
853
872
1052
854
873
1053
855
874
1054
856
875
1055
857
876
1056
858
877
1057
859
878
1058
879
1059
1420
861
880
1060
862
881
1061
863
882
1062
864
883
1063
865
884
1064
866
885
1065
867
886
1066
868
887
1067
869
888
1068
870
889
1069
871
890
1070
872
891
1071
873
892
1072
874
893
1073
875
894
1074
876
895
1075
877
896
1076
878
897
1077
879
898
1078
899
1079
1430
881
900
1080
882
901
1081
883
902
1082
884
903
1083
885
904
1084
886
905
1085
887
906
1086
888
907
1087
889
908
1088
890
909
1089
891
910
1090
892
911
1091
893
912
1092
894
913
1093
895
914
1094
896
915
1095
897
916
1096
898
917
1097
899
918
1098
919
1099
1440
901
920
1100
902
921
1101
903
922
1102
904
923
1103
905
924
1104
906
925
1105
907
926
1106
908
927
1107
909
928
1108
910
929
1109
911
930
1110
912
931
1111
913
932
1112
914
933
1113
915
934
1114
916
935
1115
917
936
1116
918
937
1117
919
938
1118
939
1119
1450
921
940
1120
922
941
1121
923
942
1122
924
943
1123
925
944
1124
926
945
1125
927
946
1126
928
947
1127
929
948
1128
930
949
1129
931
950
1130
932
951
1131
933
952
1132
934
953
1133
935
954
1134
936
955
1135
937
956
1136
938
957
1137
939
958
1138
959
1139
1460
941
960
1140
942
961
1141
943
962
1142
944
963
1143
945
964
1144
946
965
1145
947
966
1146
948
967
1147
949
968
1148
950
969
1149
951
970
1150
952
971
1151
953
972
1152
954
973
1153
955
974
1154
956
975
1155
957
976
1156
958
977
1157
959
978
1158
979
1159
1470
961
980
1160
962
981
1161
963
982
1162
964
983
1163
965
984
1164
966
985
1165
967
986
1166
968
987
1167
969
988
1168
970
989
1169
971
990
1170
972
991
1171
973
992
1172
974
993
1173
975
994
1174
976
995
1175
977
996
1176
978
997
1177
979
998
1178
999
1179
1480
981
1180
982
1181
983
1182
984
1183
985
1184
986
1185
987
1186
988
1187
989
1188
990
1189
991
1190
992
1191
993
1192
994
1193
995
1194
996
1195
997
1196
998
1197
999
1198
1199
1490
1001
1020
1002
1021
1003
1022
1004
1023
1005
1024
1006
1025
1007
1026
1008
1027
1009
1028
1010
1029
1011
1030
1012
1031
1013
1032
1014
1033
1015
1034
1016
1035
1017
1036
1018
1037
1019
1038
1039
1500
1021
1040
1022
1041
1023
1042
1024
1043
1025
1044
1026
1045
1027
1046
1028
1047
1029
1048
1030
1049
1031
1050
1032
1051
1033
1052
1034
1053
1035
1054
1036
1055
1037
1056
1038
1057
1039
1058
1059
1510
1041
1060
1042
1061
1043
1062
1044
1063
1045
1064
1046
1065
1047
1066
1048
1067
1049
1068
1050
1069
1051
1070
1052
1071
1053
1072
1054
1073
1055
1074
1056
1075
1057
1076
1058
1077
1059
1078
1079
1520
1061
1080
1062
1081
1063
1082
1064
1083
1065
1084
1066
1085
1067
1086
1068
1087
1069
1088
1070
1089
1071
1090
1072
1091
1073
1092
1074
1093
1075
1094
1076
1095
1077
1096
1078
1097
1079
1098
1099
1530
1081
1100
1082
1101
1083
1102
1084
1103
1085
1104
1086
1105
1087
1106
1088
1107
1089
1108
1090
1109
1091
1110
1092
1111
1093
1112
1094
1113
1095
1114
1096
1115
1097
1116
1098
1117
1099
1118
1119
1540
1101
1120
1102
1121
1103
1122
1104
1123
1105
1124
1106
1125
1107
1126
1108
1127
1109
1128
1110
1129
1111
1130
1112
1131
1113
1132
1114
1133
1115
1134
1116
1135
1117
1136
1118
1137
1119
1138
1139
1550
1121
1140
1122
1141
1123
1142
1124
1143
1125
1144
1126
1145
1127
1146
1128
1147
1129
1148
1130
1149
1131
1150
1132
1151
1133
1152
1134
1153
1135
1154
1136
1155
1137
1156
1138
1157
1139
1158
1159
1560
1141
1160
1142
1161
1143
1162
1144
1163
1145
1164
1146
1165
1147
1166
1148
1167
1149
1168
1150
1169
1151
1170
1152
1171
1153
1172
1154
1173
1155
1174
1156
1175
1157
1176
1158
1177
1159
1178
1179
1570
1161
1180
1162
1181
1163
1182
1164
1183
1165
1184
1166
1185
1167
1186
1168
1187
1169
1188
1170
1189
1171
1190
1172
1191
1173
1192
1174
1193
1175
1194
1176
1195
1177
1196
1178
1197
1179
1198
1199
1580
1181
1182
1183
1184
1185
1186
1187
1188
1189
1190
1191
1192
1193
1194
1195
1196
1197
1198
1199
1590
1201
1210
1300
1202
1211
1301
1203
1212
1302
1204
1213
1303
1205
1214
1304
1206
1215
1305
1207
1216
1306
1208
1217
1307
1209
1218
1308
1219
1309
1211
1220
1310
1212
1221
1311
1213
1222
1312
1214
1223
1313
1215
1224
1314
1216
1225
1315
1217
1226
1316
1218
1227
1317
1219
1228
1318
1229
1319
1221
1230
1320
1222
1231
1321
1223
1232
1322
1224
1233
1323
1225
1234
1324
1226
1235
1325
1227
1236
1326
1228
1237
1327
1229
1238
1328
1239
1329
1231
1240
1330
1232
1241
1331
1233
1242
1332
1234
1243
1333
1235
1244
1334
1236
1245
1335
1237
1246
1336
1238
1247
1337
1239
1248
1338
1249
1339
1241
1250
1340
1242
1251
1341
1243
1252
1342
1244
1253
1343
1245
1254
1344
1246
1255
1345
1247
1256
1346
1248
1257
1347
1249
1258
1348
1259
1349
1251
1260
1350
1252
1261
1351
1253
1262
1352
1254
1263
1353
1255
1264
1354
1256
1265
1355
1257
1266
1356
1258
1267
1357
1259
1268
1358
1269
1359
1261
1270
1360
1262
1271
1361
1263
1272
1362
1264
1273
1363
1265
1274
1364
1266
1275
1365
1267
1276
1366
1268
1277
1367
1269
1278
1368
1279
1369
1271
1280
1370
1272
1281
1371
1273
1282
1372
1274
1283
1373
1275
1284
1374
1276
1285
1375
1277
1286
1376
1278
1287
1377
1279
1288
1378
1289
1379
1281
1290
1380
1282
1291
1381
1283
1292
1382
1284
1293
1383
1285
1294
1384
1286
1295
1385
1287
1296
1386
1288
1297
1387
1289
1298
1388
1299
1389
1291
1390
1600
1292
1391
1601
1293
1392
1602
1294
1393
1603
1295
1394
1604
1296
1395
1605
1297
1396
1606
1298
1397
1607
1299
1398
1608
1399
1609
1301
1310
1400
1302
1311
1401
1303
1312
1402
1304
1313
1403
1305
1314
1404
1306
1315
1405
1307
1316
1406
1308
1317
1407
1309
1318
1408
1319
1409
1311
1320
1410
1312
1321
1411
1313
1322
1412
1314
1323
1413
1315
1324
1414
1316
1325
1415
1317
1326
1416
1318
1327
1417
1319
1328
1418
1329
1419
1321
1330
1420
1322
1331
1421
1323
1332
1422
1324
1333
1423
1325
1334
1424
1326
1335
1425
1327
1336
1426
1328
1337
1427
1329
1338
1428
1339
1429
1331
1340
1430
1332
1341
1431
1333
1342
1432
1334
1343
1433
1335
1344
1434
1336
1345
1435
1337
1346
1436
1338
1347
1437
1339
1348
1438
1349
1439
1341
1350
1440
1342
1351
1441
1343
1352
1442
1344
1353
1443
1345
1354
1444
1346
1355
1445
1347
1356
1446
1348
1357
1447
1349
1358
1448
1359
1449
1351
1360
1450
1352
1361
1451
1353
1362
1452
1354
1363
1453
1355
1364
1454
1356
1365
1455
1357
1366
1456
1358
1367
1457
1359
1368
1458
1369
1459
1361
1370
1460
1362
1371
1461
1363
1372
1462
1364
1373
1463
1365
1374
1464
1366
1375
1465
1367
1376
1466
1368
1377
1467
1369
1378
1468
1379
1469
1371
1380
1470
1372
1381
1471
1373
1382
1472
1374
1383
1473
1375
1384
1474
1376
1385
1475
1377
1386
1476
1378
1387
1477
1379
1388
1478
1389
1479
1381
1390
1480
1382
1391
1481
1383
1392
1482
1384
1393
1483
1385
1394
1484
1386
1395
1485
1387
1396
1486
1388
1397
1487
1389
1398
1488
1399
1489
1391
1490
1800
1392
1491
1801
1393
1492
1802
1394
1493
1803
1395
1494
1804
1396
1495
1805
1397
1496
1806
1398
1497
1807
1399
1498
1808
1499
1809
1401
1410
1500
1402
1411
1501
1403
1412
1502
1404
1413
1503
1405
1414
1504
1406
1415
1505
1407
1416
1506
1408
1417
1507
1409
1418
1508
1419
1509
1411
1420
1510
1412
1421
1511
1413
1422
1512
1414
1423
1513
1415
1424
1514
1416
1425
1515
1417
1426
1516
1418
1427
1517
1419
1428
1518
1429
1519
1421
1430
1520
1422
1431
1521
1423
1432
1522
1424
1433
1523
1425
1434
1524
1426
1435
1525
1427
1436
1526
1428
1437
1527
1429
1438
1528
1439
1529
1431
1440
1530
1432
1441
1531
1433
1442
1532
1434
1443
1533
1435
1444
1534
1436
1445
1535
1437
1446
1536
1438
1447
1537
1439
1448
1538
1449
1539
1441
1450
1540
1442
1451
1541
1443
1452
1542
1444
1453
1543
1445
1454
1544
1446
1455
1545
1447
1456
1546
1448
1457
1547
1449
1458
1548
1459
1549
1451
1460
1550
1452
1461
1551
1453
1462
1552
1454
1463
1553
1455
1464
1554
1456
1465
1555
1457
1466
1556
1458
1467
1557
1459
1468
1558
1469
1559
1461
1470
1560
1462
1471
1561
1463
1472
1562
1464
1473
1563
1465
1474
1564
1466
1475
1565
1467
1476
1566
1468
1477
1567
1469
1478
1568
1479
1569
1471
1480
1570
1472
1481
1571
1473
1482
1572
1474
1483
1573
1475
1484
1574
1476
1485
1575
1477
1486
1576
1478
1487
1577
1479
1488
1578
1489
1579
1481
1490
1580
1482
1491
1581
1483
1492
1582
1484
1493
1583
1485
1494
1584
1486
1495
1585
1487
1496
1586
1488
1497
1587
1489
1498
1588
1499
1589
1491
1590
2000
1492
1591
2001
1493
1592
2002
1494
1593
2003
1495
1594
2004
1496
1595
2005
1497
1596
2006
1498
1597
2007
1499
1598
2008
1599
2009
1501
1510
1502
1511
1503
1512
1504
1513
1505
1514
1506
1515
1507
1516
1508
1517
1509
1518
1519
1511
1520
1512
1521
1513
1522
1514
1523
1515
1524
1516
1525
1517
1526
1518
1527
1519
1528
1529
1521
1530
1522
1531
1523
1532
1524
1533
1525
1534
1526
1535
1527
1536
1528
1537
1529
1538
1539
1531
1540
1532
1541
1533
1542
1534
1543
1535
1544
1536
1545
1537
1546
1538
1547
1539
1548
1549
1541
1550
1542
1551
1543
1552
1544
1553
1545
1554
1546
1555
1547
1556
1548
1557
1549
1558
1559
1551
1560
1552
1561
1553
1562
1554
1563
1555
1564
1556
1565
1557
1566
1558
1567
1559
1568
1569
1561
1570
1562
1571
1563
1572
1564
1573
1565
1574
1566
1575
1567
1576
1568
1577
1569
1578
1579
1571
1580
1572
1581
1573
1582
1574
1583
1575
1584
1576
1585
1577
1586
1578
1587
1579
1588
1589
1581
1590
1582
1591
1583
1592
1584
1593
1585
1594
1586
1595
1587
1596
1588
1597
1589
1598
1599
1591
2200
1592
2201
1593
2202
1594
2203
1595
2204
1596
2205
1597
2206
1598
2207
1599
2208
2209
1601
1610
1800
1602
1611
1801
1603
1612
1802
1604
1613
1803
1605
1614
1804
1606
1615
1805
1607
1616
1806
1608
1617
1807
1609
1618
1808
1619
1809
1611
1620
1810
1612
1621
1811
1613
1622
1812
1614
1623
1813
1615
1624
1814
1616
1625
1815
1617
1626
1816
1618
1627
1817
1619
1628
1818
1629
1819
1621
1630
1820
1622
1631
1821
1623
1632
1822
1624
1633
1823
1625
1634
1824
1626
1635
1825
1627
1636
1826
1628
1637
1827
1629
1638
1828
1639
1829
1631
1640
1830
1632
1641
1831
1633
1642
1832
1634
1643
1833
1635
1644
1834
1636
1645
1835
1637
1646
1836
1638
1647
1837
1639
1648
1838
1649
1839
1641
1650
1840
1642
1651
1841
1643
1652
1842
1644
1653
1843
1645
1654
1844
1646
1655
1845
1647
1656
1846
1648
1657
1847
1649
1658
1848
1659
1849
1651
1660
1850
1652
1661
1851
1653
1662
1852
1654
1663
1853
1655
1664
1854
1656
1665
1855
1657
1666
1856
1658
1667
1857
1659
1668
1858
1669
1859
1661
1670
1860
1662
1671
1861
1663
1672
1862
1664
1673
1863
1665
1674
1864
1666
1675
1865
1667
1676
1866
1668
1677
1867
1669
1678
1868
1679
1869
1671
1680
1870
1672
1681
1871
1673
1682
1872
1674
1683
1873
1675
1684
1874
1676
1685
1875
1677
1686
1876
1678
1687
1877
1679
1688
1878
1689
1879
1681
1690
1880
1682
1691
1881
1683
1692
1882
1684
1693
1883
1685
1694
1884
1686
1695
1885
1687
1696
1886
1688
1697
1887
1689
1698
1888
1699
1889
1691
1700
1890
1692
1701
1891
1693
1702
1892
1694
1703
1893
1695
1704
1894
1696
1705
1895
1697
1706
1896
1698
1707
1897
1699
1708
1898
1709
1899
1701
1710
1900
1702
1711
1901
1703
1712
1902
1704
1713
1903
1705
1714
1904
1706
1715
1905
1707
1716
1906
1708
1717
1907
1709
1718
1908
1719
1909
1711
1720
1910
1712
1721
1911
1713
1722
1912
1714
1723
1913
1715
1724
1914
1716
1725
1915
1717
1726
1916
1718
1727
1917
1719
1728
1918
1729
1919
1721
1730
1920
1722
1731
1921
1723
1732
1922
1724
1733
1923
1725
1734
1924
1726
1735
1925
1727
1736
1926
1728
1737
1927
1729
1738
1928
1739
1929
1731
1740
1930
1732
1741
1931
1733
1742
1932
1734
1743
1933
1735
1744
1934
1736
1745
1935
1737
1746
1936
1738
1747
1937
1739
1748
1938
1749
1939
1741
1750
1940
1742
1751
1941
1743
1752
1942
1744
1753
1943
1745
1754
1944
1746
1755
1945
1747
1756
1946
1748
1757
1947
1749
1758
1948
1759
1949
1751
1760
1950
1752
1761
1951
1753
1762
1952
1754
1763
1953
1755
1764
1954
1756
1765
1955
1757
1766
1956
1758
1767
1957
1759
1768
1958
1769
1959
1761
1770
1960
1762
1771
1961
1763
1772
1962
1764
1773
1963
1765
1774
1964
1766
1775
1965
1767
1776
1966
1768
1777
1967
1769
1778
1968
1779
1969
1771
1780
1970
1772
1781
1971
1773
1782
1972
1774
1783
1973
1775
1784
1974
1776
1785
1975
1777
1786
1976
1778
1787
1977
1779
1788
1978
1789
1979
1781
1790
1980
1782
1791
1981
1783
1792
1982
1784
1793
1983
1785
1794
1984
1786
1795
1985
1787
1796
1986
1788
1797
1987
1789
1798
1988
1799
1989
1791
1990
2400
1792
1991
2401
1793
1992
2402
1794
1993
2403
1795
1994
2404
1796
1995
2405
1797
1996
2406
1798
1997
2407
1799
1998
2408
1999
2409
1801
1810
2000
1802
1811
2001
1803
1812
2002
1804
1813
2003
1805
1814
2004
1806
1815
2005
1807
1816
2006
1808
1817
2007
1809
1818
2008
1819
2009
1811
1820
2010
1812
1821
2011
1813
1822
2012
1814
1823
2013
1815
1824
2014
1816
1825
2015
1817
1826
2016
1818
1827
2017
1819
1828
2018
1829
2019
1821
1830
2020
1822
1831
2021
1823
1832
2022
1824
1833
2023
1825
1834
2024
1826
1835
2025
1827
1836
2026
1828
1837
2027
1829
1838
2028
1839
2029
1831
1840
2030
1832
1841
2031
1833
1842
2032
1834
1843
2033
1835
1844
2034
1836
1845
2035
1837
1846
2036
1838
1847
2037
1839
1848
2038
1849
2039
1841
1850
2040
1842
1851
2041
1843
1852
2042
1844
1853
2043
1845
1854
2044
1846
1855
2045
1847
1856
2046
1848
1857
2047
1849
1858
2048
1859
2049
1851
1860
2050
1852
1861
2051
1853
1862
2052
1854
1863
2053
1855
1864
2054
1856
1865
2055
1857
1866
2056
1858
1867
2057
1859
1868
2058
1869
2059
1861
1870
2060
1862
1871
2061
1863
1872
2062
1864
1873
2063
1865
1874
2064
1866
1875
2065
1867
1876
2066
1868
1877
2067
1869
1878
2068
1879
2069
1871
1880
2070
1872
1881
2071
1873
1882
2072
1874
1883
2073
1875
1884
2074
1876
1885
2075
1877
1886
2076
1878
1887
2077
1879
1888
2078
1889
2079
1881
1890
2080
1882
1891
2081
1883
1892
2082
1884
1893
2083
1885
1894
2084
1886
1895
2085
1887
1896
2086
1888
1897
2087
1889
1898
2088
1899
2089
1891
1900
2090
1892
1901
2091
1893
1902
2092
1894
1903
2093
1895
1904
2094
1896
1905
2095
1897
1906
2096
1898
1907
2097
1899
1908
2098
1909
2099
1901
1910
2100
1902
1911
2101
1903
1912
2102
1904
1913
2103
1905
1914
2104
1906
1915
2105
1907
1916
2106
1908
1917
2107
1909
1918
2108
1919
2109
1911
1920
2110
1912
1921
2111
1913
1922
2112
1914
1923
2113
1915
1924
2114
1916
1925
2115
1917
1926
2116
1918
1927
2117
1919
1928
2118
1929
2119
1921
1930
2120
1922
1931
2121
1923
1932
2122
1924
1933
2123
1925
1934
2124
1926
1935
2125
1927
1936
2126
1928
1937
2127
1929
1938
2128
1939
2129
1931
1940
2130
1932
1941
2131
1933
1942
2132
1934
1943
2133
1935
1944
2134
1936
1945
2135
1937
1946
2136
1938
1947
2137
1939
1948
2138
1949
2139
1941
1950
2140
1942
1951
2141
1943
1952
2142
1944
1953
2143
1945
1954
2144
1946
1955
2145
1947
1956
2146
1948
1957
2147
1949
1958
2148
1959
2149
1951
1960
2150
1952
1961
2151
1953
1962
2152
1954
1963
2153
1955
1964
2154
1956
1965
2155
1957
1966
2156
1958
1967
2157
1959
1968
2158
1969
2159
1961
1970
2160
1962
1971
2161
1963
1972
2162
1964
1973
2163
1965
1974
2164
1966
1975
2165
1967
1976
2166
1968
1977
2167
1969
1978
2168
1979
2169
1971
1980
2170
1972
1981
2171
1973
1982
2172
1974
1983
2173
1975
1984
2174
1976
1985
2175
1977
1986
2176
1978
1987
2177
1979
1988
2178
1989
2179
1981
1990
2180
1982
1991
2181
1983
1992
2182
1984
1993
2183
1985
1994
2184
1986
1995
2185
1987
1996
2186
1988
1997
2187
1989
1998
2188
1999
2189
1991
2190
2500
1992
2191
2501
1993
2192
2502
1994
2193
2503
1995
2194
2504
1996
2195
2505
1997
2196
2506
1998
2197
2507
1999
2198
2508
2199
2509
2001
2010
2200
2002
2011
2201
2003
2012
2202
2004
2013
2203
2005
2014
2204
2006
2015
2205
2007
2016
2206
2008
2017
2207
2009
2018
2208
2019
2209
2011
2020
2210
2012
2021
2211
2013
2022
2212
2014
2023
2213
2015
2024
2214
2016
2025
2215
2017
2026
2216
2018
2027
2217
2019
2028
2218
2029
2219
2021
2030
2220
2022
2031
2221
2023
2032
2222
2024
2033
2223
2025
2034
2224
2026
2035
2225
2027
2036
2226
2028
2037
2227
2029
2038
2228
2039
2229
2031
2040
2230
2032
2041
2231
2033
2042
2232
2034
2043
2233
2035
2044
2234
2036
2045
2235
2037
2046
2236
2038
2047
2237
2039
2048
2238
2049
2239
2041
2050
2240
2042
2051
2241
2043
2052
2242
2044
2053
2243
2045
2054
2244
2046
2055
2245
2047
2056
2246
2048
2057
2247
2049
2058
2248
2059
2249
2051
2060
2250
2052
2061
2251
2053
2062
2252
2054
2063
2253
2055
2064
2254
2056
2065
2255
2057
2066
2256
2058
2067
2257
2059
2068
2258
2069
2259
2061
2070
2260
2062
2071
2261
2063
2072
2262
2064
2073
2263
2065
2074
2264
2066
2075
2265
2067
2076
2266
2068
2077
2267
2069
2078
2268
2079
2269
2071
2080
2270
2072
2081
2271
2073
2082
2272
2074
2083
2273
2075
2084
2274
2076
2085
2275
2077
2086
2276
2078
2087
2277
2079
2088
2278
2089
2279
2081
2090
2280
2082
2091
2281
2083
2092
2282
2084
2093
2283
2085
2094
2284
2086
2095
2285
2087
2096
2286
2088
2097
2287
2089
2098
2288
2099
2289
2091
2100
2290
2092
2101
2291
2093
2102
2292
2094
2103
2293
2095
2104
2294
2096
2105
2295
2097
2106
2296
2098
2107
2297
2099
2108
2298
2109
2299
2101
2110
2300
2102
2111
2301
2103
2112
2302
2104
2113
2303
2105
2114
2304
2106
2115
2305
2107
2116
2306
2108
2117
2307
2109
2118
2308
2119
2309
2111
2120
2310
2112
2121
2311
2113
2122
2312
2114
2123
2313
2115
2124
2314
2116
2125
2315
2117
2126
2316
2118
2127
2317
2119
2128
2318
2129
2319
2121
2130
2320
2122
2131
2321
2123
2132
2322
2124
2133
2323
2125
2134
2324
2126
2135
2325
2127
2136
2326
2128
2137
2327
2129
2138
2328
2139
2329
2131
2140
2330
2132
2141
2331
2133
2142
2332
2134
2143
2333
2135
2144
2334
2136
2145
2335
2137
2146
2336
2138
2147
2337
2139
2148
2338
2149
2339
2141
2150
2340
2142
2151
2341
2143
2152
2342
2144
2153
2343
2145
2154
2344
2146
2155
2345
2147
2156
2346
2148
2157
2347
2149
2158
2348
2159
2349
2151
2160
2350
2152
2161
2351
2153
2162
2352
2154
2163
2353
2155
2164
2354
2156
2165
2355
2157
2166
2356
2158
2167
2357
2159
2168
2358
2169
2359
2161
2170
2360
2162
2171
2361
2163
2172
2362
2164
2173
2363
2165
2174
2364
2166
2175
2365
2167
2176
2366
2168
2177
2367
2169
2178
2368
2179
2369
2171
2180
2370
2172
2181
2371
2173
2182
2372
2174
2183
2373
2175
2184
2374
2176
2185
2375
2177
2186
2376
2178
2187
2377
2179
2188
2378
2189
2379
2181
2190
2380
2182
2191
2381
2183
2192
2382
2184
2193
2383
2185
2194
2384
2186
2195
2385
2187
2196
2386
2188
2197
2387
2189
2198
2388
2199
2389
2191
2390
2600
2192
2391
2601
2193
2392
2602
2194
2393
2603
2195
2394
2604
2196
2395
2605
2197
2396
2606
2198
2397
2607
2199
2398
2608
2399
2609
2201
2210
2202
2211
2203
2212
2204
2213
2205
2214
2206
2215
2207
2216
2208
2217
2209
2218
2219
2211
2220
2212
2221
2213
2222
2214
2223
2215
2224
2216
2225
2217
2226
2218
2227
2219
2228
2229
2221
2230
2222
2231
2223
2232
2224
2233
2225
2234
2226
2235
2227
2236
2228
2237
2229
2238
2239
2231
2240
2232
2241
2233
2242
2234
2243
2235
2244
2236
2245
2237
2246
2238
2247
2239
2248
2249
2241
2250
2242
2251
2243
2252
2244
2253
2245
2254
2246
2255
2247
2256
2248
2257
2249
2258
2259
2251
2260
2252
2261
2253
2262
2254
2263
2255
2264
2256
2265
2257
2266
2258
2267
2259
2268
2269
2261
2270
2262
2271
2263
2272
2264
2273
2265
2274
2266
2275
2267
2276
2268
2277
2269
2278
2279
2271
2280
2272
2281
2273
2282
2274
2283
2275
2284
2276
2285
2277
2286
2278
2287
2279
2288
2289
2281
2290
2282
2291
2283
2292
2284
2293
2285
2294
2286
2295
2287
2296
2288
2297
2289
2298
2299
2291
2300
2292
2301
2293
2302
2294
2303
2295
2304
2296
2305
2297
2306
2298
2307
2299
2308
2309
2301
2310
2302
2311
2303
2312
2304
2313
2305
2314
2306
2315
2307
2316
2308
2317
2309
2318
2319
2311
2320
2312
2321
2313
2322
2314
2323
2315
2324
2316
2325
2317
2326
2318
2327
2319
2328
2329
2321
2330
2322
2331
2323
2332
2324
2333
2325
2334
2326
2335
2327
2336
2328
2337
2329
2338
2339
2331
2340
2332
2341
2333
2342
2334
2343
2335
2344
2336
2345
2337
2346
2338
2347
2339
2348
2349
2341
2350
2342
2351
2343
2352
2344
2353
2345
2354
2346
2355
2347
2356
2348
2357
2349
2358
2359
2351
2360
2352
2361
2353
2362
2354
2363
2355
2364
2356
2365
2357
2366
2358
2367
2359
2368
2369
2361
2370
2362
2371
2363
2372
2364
2373
2365
2374
2366
2375
2367
2376
2368
2377
2369
2378
2379
2371
2380
2372
2381
2373
2382
2374
2383
2375
2384
2376
2385
2377
2386
2378
2387
2379
2388
2389
2381
2390
2382
2391
2383
2392
2384
2393
2385
2394
2386
2395
2387
2396
2388
2397
2389
2398
2399
2391
2700
2392
2701
2393
2702
2394
2703
2395
2704
2396
2705
2397
2706
2398
2707
2399
2708
2709
2401
2410
2500
2819
2402
2411
2501
2403
2412
2502
2404
2413
2503
2405
2414
2504
2406
2415
2505
2407
2416
2506
2408
2417
2507
2409
2418
2508
2419
2509
2411
2420
2510
2839
2412
2421
2511
2413
2422
2512
2414
2423
2513
2415
2424
2514
2416
2425
2515
2417
2426
2516
2418
2427
2517
2419
2428
2518
2429
2519
2421
2430
2520
2859
2422
2431
2521
2423
2432
2522
2424
2433
2523
2425
2434
2524
2426
2435
2525
2427
2436
2526
2428
2437
2527
2429
2438
2528
2439
2529
2431
2440
2530
2879
2432
2441
2531
2433
2442
2532
2434
2443
2533
2435
2444
2534
2436
2445
2535
2437
2446
2536
2438
2447
2537
2439
2448
2538
2449
2539
2441
2450
2540
2899
2442
2451
2541
2443
2452
2542
2444
2453
2543
2445
2454
2544
2446
2455
2545
2447
2456
2546
2448
2457
2547
2449
2458
2548
2459
2549
2451
2460
2550
2919
2452
2461
2551
2453
2462
2552
2454
2463
2553
2455
2464
2554
2456
2465
2555
2457
2466
2556
2458
2467
2557
2459
2468
2558
2469
2559
2461
2470
2560
2939
2462
2471
2561
2463
2472
2562
2464
2473
2563
2465
2474
2564
2466
2475
2565
2467
2476
2566
2468
2477
2567
2469
2478
2568
2479
2569
2471
2480
2570
2959
2472
2481
2571
2473
2482
2572
2474
2483
2573
2475
2484
2574
2476
2485
2575
2477
2486
2576
2478
2487
2577
2479
2488
2578
2489
2579
2481
2490
2580
2979
2482
2491
2581
2483
2492
2582
2484
2493
2583
2485
2494
2584
2486
2495
2585
2487
2496
2586
2488
2497
2587
2489
2498
2588
2499
2589
2491
2590
2999
2492
2591
2493
2592
2494
2593
2495
2594
2496
2595
2497
2596
2498
2597
2499
2598
2599
2501
2510
2600
3019
2502
2511
2601
2503
2512
2602
2504
2513
2603
2505
2514
2604
2506
2515
2605
2507
2516
2606
2508
2517
2607
2509
2518
2608
2519
2609
2511
2520
2610
3039
2512
2521
2611
2513
2522
2612
2514
2523
2613
2515
2524
2614
2516
2525
2615
2517
2526
2616
2518
2527
2617
2519
2528
2618
2529
2619
2521
2530
2620
3059
2522
2531
2621
2523
2532
2622
2524
2533
2623
2525
2534
2624
2526
2535
2625
2527
2536
2626
2528
2537
2627
2529
2538
2628
2539
2629
2531
2540
2630
3079
2532
2541
2631
2533
2542
2632
2534
2543
2633
2535
2544
2634
2536
2545
2635
2537
2546
2636
2538
2547
2637
2539
2548
2638
2549
2639
2541
2550
2640
3099
2542
2551
2641
2543
2552
2642
2544
2553
2643
2545
2554
2644
2546
2555
2645
2547
2556
2646
2548
2557
2647
2549
2558
2648
2559
2649
2551
2560
2650
3119
2552
2561
2651
2553
2562
2652
2554
2563
2653
2555
2564
2654
2556
2565
2655
2557
2566
2656
2558
2567
2657
2559
2568
2658
2569
2659
2561
2570
2660
3139
2562
2571
2661
2563
2572
2662
2564
2573
2663
2565
2574
2664
2566
2575
2665
2567
2576
2666
2568
2577
2667
2569
2578
2668
2579
2669
2571
2580
2670
3159
2572
2581
2671
2573
2582
2672
2574
2583
2673
2575
2584
2674
2576
2585
2675
2577
2586
2676
2578
2587
2677
2579
2588
2678
2589
2679
2581
2590
2680
3179
2582
2591
2681
2583
2592
2682
2584
2593
2683
2585
2594
2684
2586
2595
2685
2587
2596
2686
2588
2597
2687
2589
2598
2688
2599
2689
2591
2690
3199
2592
2691
2593
2692
2594
2693
2595
2694
2596
2695
2597
2696
2598
2697
2599
2698
2699
2601
2610
2700
3219
2602
2611
2701
2603
2612
2702
2604
2613
2703
2605
2614
2704
2606
2615
2705
2607
2616
2706
2608
2617
2707
2609
2618
2708
2619
2709
2611
2620
2710
3239
2612
2621
2711
2613
2622
2712
2614
2623
2713
2615
2624
2714
2616
2625
2715
2617
2626
2716
2618
2627
2717
2619
2628
2718
2629
2719
2621
2630
2720
3259
2622
2631
2721
2623
2632
2722
2624
2633
2723
2625
2634
2724
2626
2635
2725
2627
2636
2726
2628
2637
2727
2629
2638
2728
2639
2729
2631
2640
2730
3279
2632
2641
2731
2633
2642
2732
2634
2643
2733
2635
2644
2734
2636
2645
2735
2637
2646
2736
2638
2647
2737
2639
2648
2738
2649
2739
2641
2650
2740
3299
2642
2651
2741
2643
2652
2742
2644
2653
2743
2645
2654
2744
2646
2655
2745
2647
2656
2746
2648
2657
2747
2649
2658
2748
2659
2749
2651
2660
2750
3319
2652
2661
2751
2653
2662
2752
2654
2663
2753
2655
2664
2754
2656
2665
2755
2657
2666
2756
2658
2667
2757
2659
2668
2758
2669
2759
2661
2670
2760
3339
2662
2671
2761
2663
2672
2762
2664
2673
2763
2665
2674
2764
2666
2675
2765
2667
2676
2766
2668
2677
2767
2669
2678
2768
2679
2769
2671
2680
2770
3359
2672
2681
2771
2673
2682
2772
2674
2683
2773
2675
2684
2774
2676
2685
2775
2677
2686
2776
2678
2687
2777
2679
2688
2778
2689
2779
2681
2690
2780
3379
2682
2691
2781
2683
2692
2782
2684
2693
2783
2685
2694
2784
2686
2695
2785
2687
2696
2786
2688
2697
2787
2689
2698
2788
2699
2789
2691
2790
3399
2692
2791
2693
2792
2694
2793
2695
2794
2696
2795
2697
2796
2698
2797
2699
2798
2799
2701
2710
3419
2702
2711
2703
2712
2704
2713
2705
2714
2706
2715
2707
2716
2708
2717
2709
2718
2719
2711
2720
3439
2712
2721
2713
2722
2714
2723
2715
2724
2716
2725
2717
2726
2718
2727
2719
2728
2729
2721
2730
3459
2722
2731
2723
2732
2724
2733
2725
2734
2726
2735
2727
2736
2728
2737
2729
2738
2739
2731
2740
3479
2732
2741
2733
2742
2734
2743
2735
2744
2736
2745
2737
2746
2738
2747
2739
2748
2749
2741
2750
3499
2742
2751
2743
2752
2744
2753
2745
2754
2746
2755
2747
2756
2748
2757
2749
2758
2759
2751
2760
3519
2752
2761
2753
2762
2754
2763
2755
2764
2756
2765
2757
2766
2758
2767
2759
2768
2769
2761
2770
3539
2762
2771
2763
2772
2764
2773
2765
2774
2766
2775
2767
2776
2768
2777
2769
2778
2779
2771
2780
3559
2772
2781
2773
2782
2774
2783
2775
2784
2776
2785
2777
2786
2778
2787
2779
2788
2789
2781
2790
3579
2782
2791
2783
2792
2784
2793
2785
2794
2786
2795
2787
2796
2788
2797
2789
2798
2799
2791
3599
2792
2793
2794
2795
2796
2797
2798
2799
2801
2820
3000
3609
2802
2821
3001
2803
2822
3002
2804
2823
3003
2805
2824
3004
2806
2825
3005
2807
2826
3006
2808
2827
3007
2809
2828
3008
2810
2829
3009
2811
2830
3010
2812
2831
3011
2813
2832
3012
2814
2833
3013
2815
2834
3014
2816
2835
3015
2817
2836
3016
2818
2837
3017
2819
2838
3018
2839
3019
2821
2840
3020
3619
2822
2841
3021
2823
2842
3022
2824
2843
3023
2825
2844
3024
2826
2845
3025
2827
2846
3026
2828
2847
3027
2829
2848
3028
2830
2849
3029
2831
2850
3030
2832
2851
3031
2833
2852
3032
2834
2853
3033
2835
2854
3034
2836
2855
3035
2837
2856
3036
2838
2857
3037
2839
2858
3038
2859
3039
2841
2860
3040
3629
2842
2861
3041
2843
2862
3042
2844
2863
3043
2845
2864
3044
2846
2865
3045
2847
2866
3046
2848
2867
3047
2849
2868
3048
2850
2869
3049
2851
2870
3050
2852
2871
3051
2853
2872
3052
2854
2873
3053
2855
2874
3054
2856
2875
3055
2857
2876
3056
2858
2877
3057
2859
2878
3058
2879
3059
2861
2880
3060
3639
2862
2881
3061
2863
2882
3062
2864
2883
3063
2865
2884
3064
2866
2885
3065
2867
2886
3066
2868
2887
3067
2869
2888
3068
2870
2889
3069
2871
2890
3070
2872
2891
3071
2873
2892
3072
2874
2893
3073
2875
2894
3074
2876
2895
3075
2877
2896
3076
2878
2897
3077
2879
2898
3078
2899
3079
2881
2900
3080
3649
2882
2901
3081
2883
2902
3082
2884
2903
3083
2885
2904
3084
2886
2905
3085
2887
2906
3086
2888
2907
3087
2889
2908
3088
2890
2909
3089
2891
2910
3090
2892
2911
3091
2893
2912
3092
2894
2913
3093
2895
2914
3094
2896
2915
3095
2897
2916
3096
2898
2917
3097
2899
2918
3098
2919
3099
2901
2920
3100
3659
2902
2921
3101
2903
2922
3102
2904
2923
3103
2905
2924
3104
2906
2925
3105
2907
2926
3106
2908
2927
3107
2909
2928
3108
2910
2929
3109
2911
2930
3110
2912
2931
3111
2913
2932
3112
2914
2933
3113
2915
2934
3114
2916
2935
3115
2917
2936
3116
2918
2937
3117
2919
2938
3118
2939
3119
2921
2940
3120
3669
2922
2941
3121
2923
2942
3122
2924
2943
3123
2925
2944
3124
2926
2945
3125
2927
2946
3126
2928
2947
3127
2929
2948
3128
2930
2949
3129
2931
2950
3130
2932
2951
3131
2933
2952
3132
2934
2953
3133
2935
2954
3134
2936
2955
3135
2937
2956
3136
2938
2957
3137
2939
2958
3138
2959
3139
2941
2960
3140
3679
2942
2961
3141
2943
2962
3142
2944
2963
3143
2945
2964
3144
2946
2965
3145
2947
2966
3146
2948
2967
3147
2949
2968
3148
2950
2969
3149
2951
2970
3150
2952
2971
3151
2953
2972
3152
2954
2973
3153
2955
2974
3154
2956
2975
3155
2957
2976
3156
2958
2977
3157
2959
2978
3158
2979
3159
2961
2980
3160
3689
2962
2981
3161
2963
2982
3162
2964
2983
3163
2965
2984
3164
2966
2985
3165
2967
2986
3166
2968
2987
3167
2969
2988
3168
2970
2989
3169
2971
2990
3170
2972
2991
3171
2973
2992
3172
2974
2993
3173
2975
2994
3174
2976
2995
3175
2977
2996
3176
2978
2997
3177
2979
2998
3178
2999
3179
2981
3180
3699
2982
3181
2983
3182
2984
3183
2985
3184
2986
3185
2987
3186
2988
3187
2989
3188
2990
3189
2991
3190
2992
3191
2993
3192
2994
3193
2995
3194
2996
3195
2997
3196
2998
3197
2999
3198
3199
3001
3020
3200
3709
3002
3021
3201
3003
3022
3202
3004
3023
3203
3005
3024
3204
3006
3025
3205
3007
3026
3206
3008
3027
3207
3009
3028
3208
3010
3029
3209
3011
3030
3210
3012
3031
3211
3013
3032
3212
3014
3033
3213
3015
3034
3214
3016
3035
3215
3017
3036
3216
3018
3037
3217
3019
3038
3218
3039
3219
3021
3040
3220
3719
3022
3041
3221
3023
3042
3222
3024
3043
3223
3025
3044
3224
3026
3045
3225
3027
3046
3226
3028
3047
3227
3029
3048
3228
3030
3049
3229
3031
3050
3230
3032
3051
3231
3033
3052
3232
3034
3053
3233
3035
3054
3234
3036
3055
3235
3037
3056
3236
3038
3057
3237
3039
3058
3238
3059
3239
3041
3060
3240
3729
3042
3061
3241
3043
3062
3242
3044
3063
3243
3045
3064
3244
3046
3065
3245
3047
3066
3246
3048
3067
3247
3049
3068
3248
3050
3069
3249
3051
3070
3250
3052
3071
3251
3053
3072
3252
3054
3073
3253
3055
3074
3254
3056
3075
3255
3057
3076
3256
3058
3077
3257
3059
3078
3258
3079
3259
3061
3080
3260
3739
3062
3081
3261
3063
3082
3262
3064
3083
3263
3065
3084
3264
3066
3085
3265
3067
3086
3266
3068
3087
3267
3069
3088
3268
3070
3089
3269
3071
3090
3270
3072
3091
3271
3073
3092
3272
3074
3093
3273
3075
3094
3274
3076
3095
3275
3077
3096
3276
3078
3097
3277
3079
3098
3278
3099
3279
3081
3100
3280
3749
3082
3101
3281
3083
3102
3282
3084
3103
3283
3085
3104
3284
3086
3105
3285
3087
3106
3286
3088
3107
3287
3089
3108
3288
3090
3109
3289
3091
3110
3290
3092
3111
3291
3093
3112
3292
3094
3113
3293
3095
3114
3294
3096
3115
3295
3097
3116
3296
3098
3117
3297
3099
3118
3298
3119
3299
3101
3120
3300
3759
3102
3121
3301
3103
3122
3302
3104
3123
3303
3105
3124
3304
3106
3125
3305
3107
3126
3306
3108
3127
3307
3109
3128
3308
3110
3129
3309
3111
3130
3310
3112
3131
3311
3113
3132
3312
3114
3133
3313
3115
3134
3314
3116
3135
3315
3117
3136
3316
3118
3137
3317
3119
3138
3318
3139
3319
3121
3140
3320
3769
3122
3141
3321
3123
3142
3322
3124
3143
3323
3125
3144
3324
3126
3145
3325
3127
3146
3326
3128
3147
3327
3129
3148
3328
3130
3149
3329
3131
3150
3330
3132
3151
3331
3133
3152
3332
3134
3153
3333
3135
3154
3334
3136
3155
3335
3137
3156
3336
3138
3157
3337
3139
3158
3338
3159
3339
3141
3160
3340
3779
3142
3161
3341
3143
3162
3342
3144
3163
3343
3145
3164
3344
3146
3165
3345
3147
3166
3346
3148
3167
3347
3149
3168
3348
3150
3169
3349
3151
3170
3350
3152
3171
3351
3153
3172
3352
3154
3173
3353
3155
3174
3354
3156
3175
3355
3157
3176
3356
3158
3177
3357
3159
3178
3358
3179
3359
3161
3180
3360
3789
3162
3181
3361
3163
3182
3362
3164
3183
3363
3165
3184
3364
3166
3185
3365
3167
3186
3366
3168
3187
3367
3169
3188
3368
3170
3189
3369
3171
3190
3370
3172
3191
3371
3173
3192
3372
3174
3193
3373
3175
3194
3374
3176
3195
3375
3177
3196
3376
3178
3197
3377
3179
3198
3378
3199
3379
3181
3380
3799
3182
3381
3183
3382
3184
3383
3185
3384
3186
3385
3187
3386
3188
3387
3189
3388
3190
3389
3191
3390
3192
3391
3193
3392
3194
3393
3195
3394
3196
3395
3197
3396
3198
3397
3199
3398
3399
3201
3220
3400
3809
3202
3221
3401
3203
3222
3402
3204
3223
3403
3205
3224
3404
3206
3225
3405
3207
3226
3406
3208
3227
3407
3209
3228
3408
3210
3229
3409
3211
3230
3410
3212
3231
3411
3213
3232
3412
3214
3233
3413
3215
3234
3414
3216
3235
3415
3217
3236
3416
3218
3237
3417
3219
3238
3418
3239
3419
3221
3240
3420
3819
3222
3241
3421
3223
3242
3422
3224
3243
3423
3225
3244
3424
3226
3245
3425
3227
3246
3426
3228
3247
3427
3229
3248
3428
3230
3249
3429
3231
3250
3430
3232
3251
3431
3233
3252
3432
3234
3253
3433
3235
3254
3434
3236
3255
3435
3237
3256
3436
3238
3257
3437
3239
3258
3438
3259
3439
3241
3260
3440
3829
3242
3261
3441
3243
3262
3442
3244
3263
3443
3245
3264
3444
3246
3265
3445
3247
3266
3446
3248
3267
3447
3249
3268
3448
3250
3269
3449
3251
3270
3450
3252
3271
3451
3253
3272
3452
3254
3273
3453
3255
3274
3454
3256
3275
3455
3257
3276
3456
3258
3277
3457
3259
3278
3458
3279
3459
3261
3280
3460
3839
3262
3281
3461
3263
3282
3462
3264
3283
3463
3265
3284
3464
3266
3285
3465
3267
3286
3466
3268
3287
3467
3269
3288
3468
3270
3289
3469
3271
3290
3470
3272
3291
3471
3273
3292
3472
3274
3293
3473
3275
3294
3474
3276
3295
3475
3277
3296
3476
3278
3297
3477
3279
3298
3478
3299
3479
3281
3300
3480
3849
3282
3301
3481
3283
3302
3482
3284
3303
3483
3285
3304
3484
3286
3305
3485
3287
3306
3486
3288
3307
3487
3289
3308
3488
3290
3309
3489
3291
3310
3490
3292
3311
3491
3293
3312
3492
3294
3313
3493
3295
3314
3494
3296
3315
3495
3297
3316
3496
3298
3317
3497
3299
3318
3498
3319
3499
3301
3320
3500
3859
3302
3321
3501
3303
3322
3502
3304
3323
3503
3305
3324
3504
3306
3325
3505
3307
3326
3506
3308
3327
3507
3309
3328
3508
3310
3329
3509
3311
3330
3510
3312
3331
3511
3313
3332
3512
3314
3333
3513
3315
3334
3514
3316
3335
3515
3317
3336
3516
3318
3337
3517
3319
3338
3518
3339
3519
3321
3340
3520
3869
3322
3341
3521
3323
3342
3522
3324
3343
3523
3325
3344
3524
3326
3345
3525
3327
3346
3526
3328
3347
3527
3329
3348
3528
3330
3349
3529
3331
3350
3530
3332
3351
3531
3333
3352
3532
3334
3353
3533
3335
3354
3534
3336
3355
3535
3337
3356
3536
3338
3357
3537
3339
3358
3538
3359
3539
3341
3360
3540
3879
3342
3361
3541
3343
3362
3542
3344
3363
3543
3345
3364
3544
3346
3365
3545
3347
3366
3546
3348
3367
3547
3349
3368
3548
3350
3369
3549
3351
3370
3550
3352
3371
3551
3353
3372
3552
3354
3373
3553
3355
3374
3554
3356
3375
3555
3357
3376
3556
3358
3377
3557
3359
3378
3558
3379
3559
3361
3380
3560
3889
3362
3381
3561
3363
3382
3562
3364
3383
3563
3365
3384
3564
3366
3385
3565
3367
3386
3566
3368
3387
3567
3369
3388
3568
3370
3389
3569
3371
3390
3570
3372
3391
3571
3373
3392
3572
3374
3393
3573
3375
3394
3574
3376
3395
3575
3377
3396
3576
3378
3397
3577
3379
3398
3578
3399
3579
3381
3580
3899
3382
3581
3383
3582
3384
3583
3385
3584
3386
3585
3387
3586
3388
3587
3389
3588
3390
3589
3391
3590
3392
3591
3393
3592
3394
3593
3395
3594
3396
3595
3397
3596
3398
3597
3399
3598
3599
3401
3420
3909
3402
3421
3403
3422
3404
3423
3405
3424
3406
3425
3407
3426
3408
3427
3409
3428
3410
3429
3411
3430
3412
3431
3413
3432
3414
3433
3415
3434
3416
3435
3417
3436
3418
3437
3419
3438
3439
3421
3440
3919
3422
3441
3423
3442
3424
3443
3425
3444
3426
3445
3427
3446
3428
3447
3429
3448
3430
3449
3431
3450
3432
3451
3433
3452
3434
3453
3435
3454
3436
3455
3437
3456
3438
3457
3439
3458
3459
3441
3460
3929
3442
3461
3443
3462
3444
3463
3445
3464
3446
3465
3447
3466
3448
3467
3449
3468
3450
3469
3451
3470
3452
3471
3453
3472
3454
3473
3455
3474
3456
3475
3457
3476
3458
3477
3459
3478
3479
3461
3480
3939
3462
3481
3463
3482
3464
3483
3465
3484
3466
3485
3467
3486
3468
3487
3469
3488
3470
3489
3471
3490
3472
3491
3473
3492
3474
3493
3475
3494
3476
3495
3477
3496
3478
3497
3479
3498
3499
3481
3500
3949
3482
3501
3483
3502
3484
3503
3485
3504
3486
3505
3487
3506
3488
3507
3489
3508
3490
3509
3491
3510
3492
3511
3493
3512
3494
3513
3495
3514
3496
3515
3497
3516
3498
3517
3499
3518
3519
3501
3520
3959
3502
3521
3503
3522
3504
3523
3505
3524
3506
3525
3507
3526
3508
3527
3509
3528
3510
3529
3511
3530
3512
3531
3513
3532
3514
3533
3515
3534
3516
3535
3517
3536
3518
3537
3519
3538
3539
3521
3540
3969
3522
3541
3523
3542
3524
3543
3525
3544
3526
3545
3527
3546
3528
3547
3529
3548
3530
3549
3531
3550
3532
3551
3533
3552
3534
3553
3535
3554
3536
3555
3537
3556
3538
3557
3539
3558
3559
3541
3560
3979
3542
3561
3543
3562
3544
3563
3545
3564
3546
3565
3547
3566
3548
3567
3549
3568
3550
3569
3551
3570
3552
3571
3553
3572
3554
3573
3555
3574
3556
3575
3557
3576
3558
3577
3559
3578
3579
3561
3580
3989
3562
3581
3563
3582
3564
3583
3565
3584
3566
3585
3567
3586
3568
3587
3569
3588
3570
3589
3571
3590
3572
3591
3573
3592
3574
3593
3575
3594
3576
3595
3577
3596
3578
3597
3579
3598
3599
3581
3999
3582
3583
3584
3585
3586
3587
3588
3589
3590
3591
3592
3593
3594
3595
3596
3597
3598
3599
3601
3610
3700
4190
3602
3611
3701
4191
3603
3612
3702
4192
3604
3613
3703
4193
3605
3614
3704
4194
3606
3615
3705
4195
3607
3616
3706
4196
3608
3617
3707
4197
3609
3618
3708
4198
3619
3709
4199
3611
3620
3710
3612
3621
3711
3613
3622
3712
3614
3623
3713
3615
3624
3714
3616
3625
3715
3617
3626
3716
3618
3627
3717
3619
3628
3718
3629
3719
3621
3630
3720
3622
3631
3721
3623
3632
3722
3624
3633
3723
3625
3634
3724
3626
3635
3725
3627
3636
3726
3628
3637
3727
3629
3638
3728
3639
3729
3631
3640
3730
3632
3641
3731
3633
3642
3732
3634
3643
3733
3635
3644
3734
3636
3645
3735
3637
3646
3736
3638
3647
3737
3639
3648
3738
3649
3739
3641
3650
3740
3642
3651
3741
3643
3652
3742
3644
3653
3743
3645
3654
3744
3646
3655
3745
3647
3656
3746
3648
3657
3747
3649
3658
3748
3659
3749
3651
3660
3750
3652
3661
3751
3653
3662
3752
3654
3663
3753
3655
3664
3754
3656
3665
3755
3657
3666
3756
3658
3667
3757
3659
3668
3758
3669
3759
3661
3670
3760
3662
3671
3761
3663
3672
3762
3664
3673
3763
3665
3674
3764
3666
3675
3765
3667
3676
3766
3668
3677
3767
3669
3678
3768
3679
3769
3671
3680
3770
3672
3681
3771
3673
3682
3772
3674
3683
3773
3675
3684
3774
3676
3685
3775
3677
3686
3776
3678
3687
3777
3679
3688
3778
3689
3779
3681
3690
3780
3682
3691
3781
3683
3692
3782
3684
3693
3783
3685
3694
3784
3686
3695
3785
3687
3696
3786
3688
3697
3787
3689
3698
3788
3699
3789
3691
3790
3692
3791
3693
3792
3694
3793
3695
3794
3696
3795
3697
3796
3698
3797
3699
3798
3799
3701
3710
3800
4390
3702
3711
3801
4391
3703
3712
3802
4392
3704
3713
3803
4393
3705
3714
3804
4394
3706
3715
3805
4395
3707
3716
3806
4396
3708
3717
3807
4397
3709
3718
3808
4398
3719
3809
4399
3711
3720
3810
3712
3721
3811
3713
3722
3812
3714
3723
3813
3715
3724
3814
3716
3725
3815
3717
3726
3816
3718
3727
3817
3719
3728
3818
3729
3819
3721
3730
3820
3722
3731
3821
3723
3732
3822
3724
3733
3823
3725
3734
3824
3726
3735
3825
3727
3736
3826
3728
3737
3827
3729
3738
3828
3739
3829
3731
3740
3830
3732
3741
3831
3733
3742
3832
3734
3743
3833
3735
3744
3834
3736
3745
3835
3737
3746
3836
3738
3747
3837
3739
3748
3838
3749
3839
3741
3750
3840
3742
3751
3841
3743
3752
3842
3744
3753
3843
3745
3754
3844
3746
3755
3845
3747
3756
3846
3748
3757
3847
3749
3758
3848
3759
3849
3751
3760
3850
3752
3761
3851
3753
3762
3852
3754
3763
3853
3755
3764
3854
3756
3765
3855
3757
3766
3856
3758
3767
3857
3759
3768
3858
3769
3859
3761
3770
3860
3762
3771
3861
3763
3772
3862
3764
3773
3863
3765
3774
3864
3766
3775
3865
3767
3776
3866
3768
3777
3867
3769
3778
3868
3779
3869
3771
3780
3870
3772
3781
3871
3773
3782
3872
3774
3783
3873
3775
3784
3874
3776
3785
3875
3777
3786
3876
3778
3787
3877
3779
3788
3878
3789
3879
3781
3790
3880
3782
3791
3881
3783
3792
3882
3784
3793
3883
3785
3794
3884
3786
3795
3885
3787
3796
3886
3788
3797
3887
3789
3798
3888
3799
3889
3791
3890
3792
3891
3793
3892
3794
3893
3795
3894
3796
3895
3797
3896
3798
3897
3799
3898
3899
3801
3810
3900
4590
3802
3811
3901
4591
3803
3812
3902
4592
3804
3813
3903
4593
3805
3814
3904
4594
3806
3815
3905
4595
3807
3816
3906
4596
3808
3817
3907
4597
3809
3818
3908
4598
3819
3909
4599
3811
3820
3910
3812
3821
3911
3813
3822
3912
3814
3823
3913
3815
3824
3914
3816
3825
3915
3817
3826
3916
3818
3827
3917
3819
3828
3918
3829
3919
3821
3830
3920
3822
3831
3921
3823
3832
3922
3824
3833
3923
3825
3834
3924
3826
3835
3925
3827
3836
3926
3828
3837
3927
3829
3838
3928
3839
3929
3831
3840
3930
3832
3841
3931
3833
3842
3932
3834
3843
3933
3835
3844
3934
3836
3845
3935
3837
3846
3936
3838
3847
3937
3839
3848
3938
3849
3939
3841
3850
3940
3842
3851
3941
3843
3852
3942
3844
3853
3943
3845
3854
3944
3846
3855
3945
3847
3856
3946
3848
3857
3947
3849
3858
3948
3859
3949
3851
3860
3950
3852
3861
3951
3853
3862
3952
3854
3863
3953
3855
3864
3954
3856
3865
3955
3857
3866
3956
3858
3867
3957
3859
3868
3958
3869
3959
3861
3870
3960
3862
3871
3961
3863
3872
3962
3864
3873
3963
3865
3874
3964
3866
3875
3965
3867
3876
3966
3868
3877
3967
3869
3878
3968
3879
3969
3871
3880
3970
3872
3881
3971
3873
3882
3972
3874
3883
3973
3875
3884
3974
3876
3885
3975
3877
3886
3976
3878
3887
3977
3879
3888
3978
3889
3979
3881
3890
3980
3882
3891
3981
3883
3892
3982
3884
3893
3983
3885
3894
3984
3886
3895
3985
3887
3896
3986
3888
3897
3987
3889
3898
3988
3899
3989
3891
3990
3892
3991
3893
3992
3894
3993
3895
3994
3896
3995
3897
3996
3898
3997
3899
3998
3999
3901
3910
4790
3902
3911
4791
3903
3912
4792
3904
3913
4793
3905
3914
4794
3906
3915
4795
3907
3916
4796
3908
3917
4797
3909
3918
4798
3919
4799
3911
3920
3912
3921
3913
3922
3914
3923
3915
3924
3916
3925
3917
3926
3918
3927
3919
3928
3929
3921
3930
3922
3931
3923
3932
3924
3933
3925
3934
3926
3935
3927
3936
3928
3937
3929
3938
3939
3931
3940
3932
3941
3933
3942
3934
3943
3935
3944
3936
3945
3937
3946
3938
3947
3939
3948
3949
3941
3950
3942
3951
3943
3952
3944
3953
3945
3954
3946
3955
3947
3956
3948
3957
3949
3958
3959
3951
3960
3952
3961
3953
3962
3954
3963
3955
3964
3956
3965
3957
3966
3958
3967
3959
3968
3969
3961
3970
3962
3971
3963
3972
3964
3973
3965
3974
3966
3975
3967
3976
3968
3977
3969
3978
3979
3971
3980
3972
3981
3973
3982
3974
3983
3975
3984
3976
3985
3977
3986
3978
3987
3979
3988
3989
3981
3990
3982
3991
3983
3992
3984
3993
3985
3994
3986
3995
3987
3996
3988
3997
3989
3998
3999
3991
3992
3993
3994
3995
3996
3997
3998
3999
4001
4010
4200
4002
4011
4201
4003
4012
4202
4004
4013
4203
4005
4014
4204
4006
4015
4205
4007
4016
4206
4008
4017
4207
4009
4018
4208
4019
4209
4011
4020
4210
4012
4021
4211
4013
4022
4212
4014
4023
4213
4015
4024
4214
4016
4025
4215
4017
4026
4216
4018
4027
4217
4019
4028
4218
4029
4219
4021
4030
4220
4022
4031
4221
4023
4032
4222
4024
4033
4223
4025
4034
4224
4026
4035
4225
4027
4036
4226
4028
4037
4227
4029
4038
4228
4039
4229
4031
4040
4230
4032
4041
4231
4033
4042
4232
4034
4043
4233
4035
4044
4234
4036
4045
4235
4037
4046
4236
4038
4047
4237
4039
4048
4238
4049
4239
4041
4050
4240
4042
4051
4241
4043
4052
4242
4044
4053
4243
4045
4054
4244
4046
4055
4245
4047
4056
4246
4048
4057
4247
4049
4058
4248
4059
4249
4051
4060
4250
4052
4061
4251
4053
4062
4252
4054
4063
4253
4055
4064
4254
4056
4065
4255
4057
4066
4256
4058
4067
4257
4059
4068
4258
4069
4259
4061
4070
4260
4062
4071
4261
4063
4072
4262
4064
4073
4263
4065
4074
4264
4066
4075
4265
4067
4076
4266
4068
4077
4267
4069
4078
4268
4079
4269
4071
4080
4270
4072
4081
4271
4073
4082
4272
4074
4083
4273
4075
4084
4274
4076
4085
4275
4077
4086
4276
4078
4087
4277
4079
4088
4278
4089
4279
4081
4090
4280
4082
4091
4281
4083
4092
4282
4084
4093
4283
4085
4094
4284
4086
4095
4285
4087
4096
4286
4088
4097
4287
4089
4098
4288
4099
4289
4091
4100
4290
4092
4101
4291
4093
4102
4292
4094
4103
4293
4095
4104
4294
4096
4105
4295
4097
4106
4296
4098
4107
4297
4099
4108
4298
4109
4299
4101
4110
4300
4102
4111
4301
4103
4112
4302
4104
4113
4303
4105
4114
4304
4106
4115
4305
4107
4116
4306
4108
4117
4307
4109
4118
4308
4119
4309
4111
4120
4310
4112
4121
4311
4113
4122
4312
4114
4123
4313
4115
4124
4314
4116
4125
4315
4117
4126
4316
4118
4127
4317
4119
4128
4318
4129
4319
4121
4130
4320
4122
4131
4321
4123
4132
4322
4124
4133
4323
4125
4134
4324
4126
4135
4325
4127
4136
4326
4128
4137
4327
4129
4138
4328
4139
4329
4131
4140
4330
4132
4141
4331
4133
4142
4332
4134
4143
4333
4135
4144
4334
4136
4145
4335
4137
4146
4336
4138
4147
4337
4139
4148
4338
4149
4339
4141
4150
4340
4142
4151
4341
4143
4152
4342
4144
4153
4343
4145
4154
4344
4146
4155
4345
4147
4156
4346
4148
4157
4347
4149
4158
4348
4159
4349
4151
4160
4350
4152
4161
4351
4153
4162
4352
4154
4163
4353
4155
4164
4354
4156
4165
4355
4157
4166
4356
4158
4167
4357
4159
4168
4358
4169
4359
4161
4170
4360
4162
4171
4361
4163
4172
4362
4164
4173
4363
4165
4174
4364
4166
4175
4365
4167
4176
4366
4168
4177
4367
4169
4178
4368
4179
4369
4171
4180
4370
4172
4181
4371
4173
4182
4372
4174
4183
4373
4175
4184
4374
4176
4185
4375
4177
4186
4376
4178
4187
4377
4179
4188
4378
4189
4379
4181
4190
4380
4182
4191
4381
4183
4192
4382
4184
4193
4383
4185
4194
4384
4186
4195
4385
4187
4196
4386
4188
4197
4387
4189
4198
4388
4199
4389
4191
4390
4192
4391
4193
4392
4194
4393
4195
4394
4196
4395
4197
4396
4198
4397
4199
4398
4399
4201
4210
4400
4202
4211
4401
4203
4212
4402
4204
4213
4403
4205
4214
4404
4206
4215
4405
4207
4216
4406
4208
4217
4407
4209
4218
4408
4219
4409
4211
4220
4410
4212
4221
4411
4213
4222
4412
4214
4223
4413
4215
4224
4414
4216
4225
4415
4217
4226
4416
4218
4227
4417
4219
4228
4418
4229
4419
4221
4230
4420
4222
4231
4421
4223
4232
4422
4224
4233
4423
4225
4234
4424
4226
4235
4425
4227
4236
4426
4228
4237
4427
4229
4238
4428
4239
4429
4231
4240
4430
4232
4241
4431
4233
4242
4432
4234
4243
4433
4235
4244
4434
4236
4245
4435
4237
4246
4436
4238
4247
4437
4239
4248
4438
4249
4439
4241
4250
4440
4242
4251
4441
4243
4252
4442
4244
4253
4443
4245
4254
4444
4246
4255
4445
4247
4256
4446
4248
4257
4447
4249
4258
4448
4259
4449
4251
4260
4450
4252
4261
4451
4253
4262
4452
4254
4263
4453
4255
4264
4454
4256
4265
4455
4257
4266
4456
4258
4267
4457
4259
4268
4458
4269
4459
4261
4270
4460
4262
4271
4461
4263
4272
4462
4264
4273
4463
4265
4274
4464
4266
4275
4465
4267
4276
4466
4268
4277
4467
4269
4278
4468
4279
4469
4271
4280
4470
4272
4281
4471
4273
4282
4472
4274
4283
4473
4275
4284
4474
4276
4285
4475
4277
4286
4476
4278
4287
4477
4279
4288
4478
4289
4479
4281
4290
4480
4282
4291
4481
4283
4292
4482
4284
4293
4483
4285
4294
4484
4286
4295
4485
4287
4296
4486
4288
4297
4487
4289
4298
4488
4299
4489
4291
4300
4490
4292
4301
4491
4293
4302
4492
4294
4303
4493
4295
4304
4494
4296
4305
4495
4297
4306
4496
4298
4307
4497
4299
4308
4498
4309
4499
4301
4310
4500
4302
4311
4501
4303
4312
4502
4304
4313
4503
4305
4314
4504
4306
4315
4505
4307
4316
4506
4308
4317
4507
4309
4318
4508
4319
4509
4311
4320
4510
4312
4321
4511
4313
4322
4512
4314
4323
4513
4315
4324
4514
4316
4325
4515
4317
4326
4516
4318
4327
4517
4319
4328
4518
4329
4519
4321
4330
4520
4322
4331
4521
4323
4332
4522
4324
4333
4523
4325
4334
4524
4326
4335
4525
4327
4336
4526
4328
4337
4527
4329
4338
4528
4339
4529
4331
4340
4530
4332
4341
4531
4333
4342
4532
4334
4343
4533
4335
4344
4534
4336
4345
4535
4337
4346
4536
4338
4347
4537
4339
4348
4538
4349
4539
4341
4350
4540
4342
4351
4541
4343
4352
4542
4344
4353
4543
4345
4354
4544
4346
4355
4545
4347
4356
4546
4348
4357
4547
4349
4358
4548
4359
4549
4351
4360
4550
4352
4361
4551
4353
4362
4552
4354
4363
4553
4355
4364
4554
4356
4365
4555
4357
4366
4556
4358
4367
4557
4359
4368
4558
4369
4559
4361
4370
4560
4362
4371
4561
4363
4372
4562
4364
4373
4563
4365
4374
4564
4366
4375
4565
4367
4376
4566
4368
4377
4567
4369
4378
4568
4379
4569
4371
4380
4570
4372
4381
4571
4373
4382
4572
4374
4383
4573
4375
4384
4574
4376
4385
4575
4377
4386
4576
4378
4387
4577
4379
4388
4578
4389
4579
4381
4390
4580
4382
4391
4581
4383
4392
4582
4384
4393
4583
4385
4394
4584
4386
4395
4585
4387
4396
4586
4388
4397
4587
4389
4398
4588
4399
4589
4391
4590
4392
4591
4393
4592
4394
4593
4395
4594
4396
4595
4397
4596
4398
4597
4399
4598
4599
4401
4410
4600
4402
4411
4601
4403
4412
4602
4404
4413
4603
4405
4414
4604
4406
4415
4605
4407
4416
4606
4408
4417
4607
4409
4418
4608
4419
4609
4411
4420
4610
4412
4421
4611
4413
4422
4612
4414
4423
4613
4415
4424
4614
4416
4425
4615
4417
4426
4616
4418
4427
4617
4419
4428
4618
4429
4619
4421
4430
4620
4422
4431
4621
4423
4432
4622
4424
4433
4623
4425
4434
4624
4426
4435
4625
4427
4436
4626
4428
4437
4627
4429
4438
4628
4439
4629
4431
4440
4630
4432
4441
4631
4433
4442
4632
4434
4443
4633
4435
4444
4634
4436
4445
4635
4437
4446
4636
4438
4447
4637
4439
4448
4638
4449
4639
4441
4450
4640
4442
4451
4641
4443
4452
4642
4444
4453
4643
4445
4454
4644
4446
4455
4645
4447
4456
4646
4448
4457
4647
4449
4458
4648
4459
4649
4451
4460
4650
4452
4461
4651
4453
4462
4652
4454
4463
4653
4455
4464
4654
4456
4465
4655
4457
4466
4656
4458
4467
4657
4459
4468
4658
4469
4659
4461
4470
4660
4462
4471
4661
4463
4472
4662
4464
4473
4663
4465
4474
4664
4466
4475
4665
4467
4476
4666
4468
4477
4667
4469
4478
4668
4479
4669
4471
4480
4670
4472
4481
4671
4473
4482
4672
4474
4483
4673
4475
4484
4674
4476
4485
4675
4477
4486
4676
4478
4487
4677
4479
4488
4678
4489
4679
4481
4490
4680
4482
4491
4681
4483
4492
4682
4484
4493
4683
4485
4494
4684
4486
4495
4685
4487
4496
4686
4488
4497
4687
4489
4498
4688
4499
4689
4491
4500
4690
4492
4501
4691
4493
4502
4692
4494
4503
4693
4495
4504
4694
4496
4505
4695
4497
4506
4696
4498
4507
4697
4499
4508
4698
4509
4699
4501
4510
4700
4502
4511
4701
4503
4512
4702
4504
4513
4703
4505
4514
4704
4506
4515
4705
4507
4516
4706
4508
4517
4707
4509
4518
4708
4519
4709
4511
4520
4710
4512
4521
4711
4513
4522
4712
4514
4523
4713
4515
4524
4714
4516
4525
4715
4517
4526
4716
4518
4527
4717
4519
4528
4718
4529
4719
4521
4530
4720
4522
4531
4721
4523
4532
4722
4524
4533
4723
4525
4534
4724
4526
4535
4725
4527
4536
4726
4528
4537
4727
4529
4538
4728
4539
4729
4531
4540
4730
4532
4541
4731
4533
4542
4732
4534
4543
4733
4535
4544
4734
4536
4545
4735
4537
4546
4736
4538
4547
4737
4539
4548
4738
4549
4739
4541
4550
4740
4542
4551
4741
4543
4552
4742
4544
4553
4743
4545
4554
4744
4546
4555
4745
4547
4556
4746
4548
4557
4747
4549
4558
4748
4559
4749
4551
4560
4750
4552
4561
4751
4553
4562
4752
4554
4563
4753
4555
4564
4754
4556
4565
4755
4557
4566
4756
4558
4567
4757
4559
4568
4758
4569
4759
4561
4570
4760
4562
4571
4761
4563
4572
4762
4564
4573
4763
4565
4574
4764
4566
4575
4765
4567
4576
4766
4568
4577
4767
4569
4578
4768
4579
4769
4571
4580
4770
4572
4581
4771
4573
4582
4772
4574
4583
4773
4575
4584
4774
4576
4585
4775
4577
4586
4776
4578
4587
4777
4579
4588
4778
4589
4779
4581
4590
4780
4582
4591
4781
4583
4592
4782
4584
4593
4783
4585
4594
4784
4586
4595
4785
4587
4596
4786
4588
4597
4787
4589
4598
4788
4599
4789
4591
4790
4592
4791
4593
4792
4594
4793
4595
4794
4596
4795
4597
4796
4598
4797
4599
4798
4799
4601
4610
4602
4611
4603
4612
4604
4613
4605
4614
4606
4615
4607
4616
4608
4617
4609
4618
4619
4611
4620
4612
4621
4613
4622
4614
4623
4615
4624
4616
4625
4617
4626
4618
4627
4619
4628
4629
4621
4630
4622
4631
4623
4632
4624
4633
4625
4634
4626
4635
4627
4636
4628
4637
4629
4638
4639
4631
4640
4632
4641
4633
4642
4634
4643
4635
4644
4636
4645
4637
4646
4638
4647
4639
4648
4649
4641
4650
4642
4651
4643
4652
4644
4653
4645
4654
4646
4655
4647
4656
4648
4657
4649
4658
4659
4651
4660
4652
4661
4653
4662
4654
4663
4655
4664
4656
4665
4657
4666
4658
4667
4659
4668
4669
4661
4670
4662
4671
4663
4672
4664
4673
4665
4674
4666
4675
4667
4676
4668
4677
4669
4678
4679
4671
4680
4672
4681
4673
4682
4674
4683
4675
4684
4676
4685
4677
4686
4678
4687
4679
4688
4689
4681
4690
4682
4691
4683
4692
4684
4693
4685
4694
4686
4695
4687
4696
4688
4697
4689
4698
4699
4691
4700
4692
4701
4693
4702
4694
4703
4695
4704
4696
4705
4697
4706
4698
4707
4699
4708
4709
4701
4710
4702
4711
4703
4712
4704
4713
4705
4714
4706
4715
4707
4716
4708
4717
4709
4718
4719
4711
4720
4712
4721
4713
4722
4714
4723
4715
4724
4716
4725
4717
4726
4718
4727
4719
4728
4729
4721
4730
4722
4731
4723
4732
4724
4733
4725
4734
4726
4735
4727
4736
4728
4737
4729
4738
4739
4731
4740
4732
4741
4733
4742
4734
4743
4735
4744
4736
4745
4737
4746
4738
4747
4739
4748
4749
4741
4750
4742
4751
4743
4752
4744
4753
4745
4754
4746
4755
4747
4756
4748
4757
4749
4758
4759
4751
4760
4752
4761
4753
4762
4754
4763
4755
4764
4756
4765
4757
4766
4758
4767
4759
4768
4769
4761
4770
4762
4771
4763
4772
4764
4773
4765
4774
4766
4775
4767
4776
4768
4777
4769
4778
4779
4771
4780
4772
4781
4773
4782
4774
4783
4775
4784
4776
4785
4777
4786
4778
4787
4779
4788
4789
4781
4790
4782
4791
4783
4792
4784
4793
4785
4794
4786
4795
4787
4796
4788
4797
4789
4798
4799
4791
4792
4793
4794
4795
4796
4797
4798
4799
)


// ************************************************************************* //
