/*--------------------------------*- C++ -*----------------------------------*\
| =========                 |                                                 |
| \\      /  F ield         | OpenFOAM: The Open Source CFD Toolbox           |
|  \\    /   O peration     | Version:  2.4.0                                 |
|   \\  /    A nd           | Web:      www.OpenFOAM.org                      |
|    \\/     M anipulation  |                                                 |
\*---------------------------------------------------------------------------*/
FoamFile
{
    version     2.0;
    format      ascii;
    class       volScalarField;
    location    "0.405";
    object      T;
}
// * * * * * * * * * * * * * * * * * * * * * * * * * * * * * * * * * * * * * //

dimensions      [0 0 0 1 0 0 0];

internalField   nonuniform List<scalar> 
1600
(
101.264
103.792
106.32
108.849
111.377
113.906
116.435
118.964
121.493
124.021
126.549
129.076
131.602
134.126
136.649
139.17
141.688
144.204
146.716
149.225
151.731
154.232
156.73
159.224
161.713
164.199
166.682
169.161
171.637
174.11
176.581
179.05
181.517
183.984
186.449
188.913
191.377
193.841
196.305
198.768
101.265
103.795
106.325
108.855
111.385
113.916
116.446
118.977
121.507
124.037
126.567
129.095
131.623
134.148
136.672
139.194
141.713
144.229
146.742
149.252
151.757
154.259
156.756
159.249
161.738
164.223
166.705
169.182
171.657
174.129
176.598
179.066
181.532
183.996
186.459
188.922
191.384
193.846
196.308
198.769
101.267
103.8
106.333
108.867
111.401
113.935
116.469
119.003
121.536
124.07
126.602
129.133
131.663
134.191
136.717
139.241
141.762
144.279
146.793
149.303
151.809
154.311
156.808
159.3
161.788
164.272
166.751
169.227
171.699
174.168
176.634
179.098
181.56
184.021
186.481
188.94
191.398
193.856
196.314
198.771
101.269
103.808
106.347
108.885
111.424
113.963
116.502
119.041
121.58
124.117
126.654
129.189
131.723
134.255
136.784
139.31
141.834
144.353
146.869
149.38
151.886
154.388
156.884
159.376
161.862
164.344
166.821
169.293
171.761
174.226
176.688
179.147
181.604
184.059
186.513
188.966
191.419
193.871
196.322
198.774
101.273
103.818
106.364
108.91
111.455
114.001
116.547
119.092
121.636
124.18
126.722
129.263
131.802
134.338
136.871
139.401
141.928
144.45
146.968
149.48
151.988
154.489
156.985
159.476
161.96
164.439
166.912
169.38
171.844
174.303
176.759
179.211
181.661
184.11
186.556
189.002
191.446
193.891
196.334
198.778
101.277
103.831
106.385
108.94
111.494
114.048
116.602
119.155
121.707
124.258
126.807
129.354
131.899
134.441
136.979
139.514
142.044
144.57
147.09
149.604
152.113
154.615
157.11
159.599
162.081
164.557
167.026
169.489
171.947
174.399
176.848
179.292
181.734
184.173
186.61
189.046
191.481
193.916
196.349
198.783
101.282
103.846
106.411
108.976
111.54
114.104
116.667
119.23
121.791
124.35
126.908
129.463
132.014
134.563
137.107
139.647
142.182
144.712
147.235
149.752
152.261
154.764
157.258
159.746
162.225
164.697
167.161
169.619
172.07
174.514
176.954
179.389
181.821
184.249
186.675
189.1
191.523
193.945
196.367
198.789
101.288
103.864
106.441
109.018
111.594
114.169
116.743
119.317
121.888
124.457
127.024
129.588
132.148
134.704
137.255
139.801
142.342
144.875
147.402
149.921
152.432
154.935
157.429
159.915
162.391
164.859
167.318
169.769
172.212
174.648
177.078
179.502
181.922
184.338
186.751
189.162
191.572
193.981
196.388
198.796
101.295
103.885
106.475
109.065
111.655
114.243
116.83
119.416
121.999
124.579
127.157
129.73
132.3
134.864
137.423
139.976
142.522
145.06
147.591
150.113
152.626
155.129
157.623
160.106
162.579
165.043
167.496
169.94
172.374
174.801
177.219
179.631
182.038
184.44
186.838
189.234
191.628
194.021
196.413
198.804
101.303
103.908
106.514
109.119
111.723
114.326
116.928
119.527
122.123
124.716
127.305
129.89
132.469
135.043
137.61
140.17
142.722
145.266
147.801
150.326
152.84
155.344
157.837
160.319
162.789
165.247
167.694
170.13
172.556
174.971
177.378
179.776
182.168
184.555
186.936
189.315
191.691
194.066
196.44
198.813
101.312
103.934
106.557
109.179
111.8
114.419
117.036
119.65
122.261
124.868
127.469
130.066
132.657
135.24
137.817
140.384
142.943
145.493
148.032
150.56
153.076
155.58
158.072
160.552
163.018
165.471
167.912
170.339
172.755
175.159
177.553
179.937
182.313
184.682
187.046
189.405
191.762
194.117
196.47
198.823
101.321
103.963
106.605
109.245
111.885
114.522
117.156
119.787
122.413
125.034
127.65
130.26
132.862
135.457
138.042
140.619
143.185
145.74
148.283
150.814
153.332
155.837
158.328
160.805
163.267
165.715
168.148
170.567
172.973
175.365
177.745
180.113
182.472
184.822
187.166
189.505
191.84
194.173
196.504
198.835
101.332
103.994
106.657
109.319
111.978
114.634
117.287
119.936
122.58
125.217
127.848
130.472
133.087
135.692
138.288
140.873
143.446
146.007
148.555
151.089
153.609
156.114
158.603
161.077
163.535
165.977
168.403
170.813
173.207
175.587
177.952
180.304
182.645
184.976
187.298
189.614
191.925
194.234
196.541
198.847
101.343
104.029
106.715
109.399
112.08
114.758
117.431
120.1
122.762
125.417
128.064
130.702
133.331
135.948
138.555
141.149
143.729
146.296
148.848
151.385
153.906
156.411
158.899
161.369
163.823
166.258
168.676
171.076
173.459
175.826
178.176
180.511
182.832
185.142
187.441
189.733
192.019
194.301
196.582
198.86
101.356
104.067
106.778
109.486
112.192
114.893
117.589
120.278
122.96
125.634
128.298
130.952
133.595
136.226
138.843
141.446
144.035
146.608
149.164
151.704
154.226
156.73
159.216
161.683
164.13
166.559
168.968
171.358
173.729
176.081
178.415
180.732
183.033
185.321
187.596
189.861
192.12
194.374
196.626
198.875
101.37
104.109
106.847
109.582
112.314
115.04
117.76
120.473
123.176
125.87
128.553
131.224
133.882
136.526
139.155
141.768
144.364
146.943
149.504
152.046
154.569
157.073
159.556
162.018
164.46
166.881
169.281
171.659
174.017
176.354
178.671
180.969
183.249
185.513
187.763
190.001
192.23
194.453
196.673
198.891
101.385
104.155
106.923
109.687
112.448
115.201
117.948
120.685
123.412
126.127
128.83
131.519
134.193
136.851
139.492
142.115
144.72
147.306
149.871
152.416
154.94
157.442
159.922
162.38
164.815
167.227
169.616
171.982
174.325
176.646
178.945
181.222
183.48
185.719
187.942
190.151
192.348
194.538
196.725
198.908
101.402
104.205
107.006
109.802
112.594
115.377
118.152
120.916
123.669
126.407
129.131
131.84
134.531
137.204
139.858
142.492
145.105
147.698
150.268
152.815
155.339
157.84
160.317
162.769
165.197
167.599
169.977
172.329
174.657
176.96
179.239
181.494
183.728
185.94
188.134
190.312
192.476
194.631
196.781
198.926
101.42
104.259
107.096
109.928
112.754
115.57
118.376
121.169
123.949
126.713
129.46
132.189
134.898
137.587
140.255
142.901
145.524
148.123
150.698
153.248
155.773
158.272
160.745
163.191
165.61
168.002
170.367
172.705
175.015
177.298
179.555
181.787
183.994
186.178
188.341
190.486
192.614
194.731
196.841
198.946
101.44
104.32
107.196
110.067
112.929
115.781
118.621
121.446
124.255
127.047
129.818
132.57
135.299
138.005
140.688
143.346
145.979
148.585
151.165
153.718
156.244
158.741
161.21
163.649
166.059
168.44
170.791
173.112
175.403
177.665
179.898
182.103
184.282
186.435
188.564
190.673
192.763
194.839
196.907
198.968
101.463
104.386
107.306
110.219
113.122
116.013
118.89
121.75
124.591
127.412
130.21
132.986
135.736
138.461
141.16
143.831
146.474
149.089
151.675
154.231
156.757
159.252
161.716
164.148
166.548
168.916
171.252
173.555
175.826
178.064
180.271
182.447
184.594
186.713
188.806
190.876
192.925
194.957
196.979
198.992
101.487
104.459
107.427
110.386
113.335
116.269
119.186
122.083
124.96
127.812
130.64
133.441
136.215
138.96
141.675
144.361
147.015
149.639
152.231
154.79
157.316
159.809
162.268
164.692
167.082
169.436
171.755
174.039
176.287
178.5
180.678
182.823
184.935
187.016
189.069
191.096
193.1
195.085
197.057
199.017
101.514
104.54
107.561
110.572
113.569
116.55
119.512
122.451
125.365
128.253
131.112
133.941
136.739
139.506
142.239
144.94
147.607
150.24
152.837
155.4
157.927
160.417
162.87
165.286
167.664
170.004
172.305
174.567
176.791
178.976
181.123
183.233
185.307
187.348
189.356
191.337
193.292
195.224
197.142
199.046
101.544
104.63
107.709
110.777
113.829
116.861
119.871
122.856
125.811
128.737
131.63
134.489
137.314
140.104
142.857
145.574
148.254
150.896
153.501
156.067
158.594
161.082
163.529
165.936
168.301
170.625
172.907
175.146
177.343
179.499
181.612
183.684
185.717
187.712
189.672
191.601
193.501
195.377
197.236
199.077
101.577
104.73
107.874
111.004
114.116
117.206
120.269
123.303
126.304
129.27
132.2
135.092
137.946
140.76
143.534
146.268
148.962
151.614
154.226
156.795
159.323
161.808
164.249
166.646
168.998
171.305
173.566
175.781
177.949
180.072
182.148
184.18
186.167
188.113
190.02
191.892
193.732
195.546
197.339
199.111
101.615
104.841
108.057
111.257
114.436
117.588
120.71
123.797
126.848
129.858
132.828
135.755
138.639
141.479
144.276
147.028
149.736
152.399
155.018
157.592
160.119
162.601
165.035
167.421
169.759
172.048
174.287
176.476
178.614
180.701
182.738
184.725
186.664
188.556
190.404
192.213
193.988
195.732
197.454
199.149
101.656
104.965
108.261
111.539
114.792
118.013
121.199
124.345
127.449
130.507
133.519
136.484
139.401
142.269
145.088
147.86
150.583
153.257
155.884
158.461
160.989
163.466
165.894
168.269
170.592
172.862
175.078
177.238
179.344
181.394
183.388
185.327
187.213
189.046
190.83
192.57
194.271
195.938
197.58
199.191
101.703
105.104
108.49
111.854
115.189
118.486
121.742
124.953
128.114
131.224
134.281
137.286
140.237
143.134
145.978
148.769
151.508
154.194
156.828
159.409
161.937
164.411
166.83
169.194
171.502
173.752
175.943
178.074
180.145
182.155
184.104
185.992
187.82
189.589
191.304
192.968
194.587
196.168
197.721
199.238
101.755
105.26
108.747
112.208
115.633
119.014
122.347
125.627
128.85
132.015
135.121
138.167
141.154
144.082
146.952
149.763
152.518
155.216
157.857
160.442
162.97
165.44
167.852
170.204
172.495
174.724
176.89
178.99
181.025
182.993
184.894
186.726
188.492
190.192
191.83
193.411
194.94
196.426
197.879
199.291
101.814
105.436
109.037
112.605
116.131
119.605
123.021
126.376
129.666
132.889
136.046
139.136
142.16
145.12
148.015
150.848
153.619
156.329
158.978
161.567
164.094
166.56
168.963
171.303
173.577
175.785
177.924
179.994
181.991
183.915
185.764
187.539
189.238
190.864
192.418
193.907
195.336
196.715
198.056
199.35
101.882
105.636
109.366
113.055
116.691
120.267
123.774
127.209
130.569
133.854
137.064
140.199
143.262
146.254
149.176
152.03
154.817
157.539
160.196
162.788
165.315
167.776
170.171
172.498
174.756
176.942
179.055
181.092
183.05
184.929
186.725
188.438
190.067
191.613
193.077
194.464
195.783
197.043
198.256
199.417
101.959
105.865
109.74
113.565
117.325
121.011
124.616
128.136
131.571
134.919
138.184
141.366
144.467
147.491
150.44
153.315
156.118
158.852
161.516
164.112
166.638
169.095
171.482
173.797
176.037
178.202
180.287
182.292
184.211
186.044
187.786
189.435
190.99
192.45
193.817
195.094
196.289
197.416
198.484
199.494
102.048
106.13
110.171
114.148
118.045
121.851
125.56
129.17
132.681
136.095
139.415
142.643
145.783
148.839
151.813
154.709
157.529
160.274
162.945
165.544
168.07
170.523
172.901
175.203
177.427
179.571
181.63
183.602
185.483
187.269
188.956
190.54
192.018
193.389
194.651
195.808
196.867
197.842
198.745
199.584
102.153
106.438
110.67
114.819
118.866
122.801
126.62
130.323
133.912
137.391
140.765
144.039
147.217
150.304
153.303
156.219
159.054
161.809
164.488
167.089
169.615
172.063
174.434
176.724
178.933
181.056
183.09
185.031
186.875
188.615
190.248
191.767
193.167
194.444
195.597
196.625
197.533
198.337
199.049
199.689
102.278
106.805
111.258
115.599
119.81
123.881
127.813
131.61
135.276
138.819
142.246
145.563
148.777
151.892
154.915
157.849
160.698
163.464
166.148
168.753
171.278
173.722
176.085
178.365
180.559
182.664
184.674
186.587
188.395
190.093
191.673
193.129
194.452
195.636
196.674
197.564
198.308
198.919
199.41
199.817
102.432
107.252
111.962
116.517
120.901
125.113
129.158
133.046
136.786
140.389
143.864
147.221
150.468
153.61
156.654
159.605
162.466
165.241
167.931
170.538
173.063
175.504
177.861
180.132
182.313
184.4
186.391
188.277
190.054
191.713
193.246
194.643
195.893
196.985
197.909
198.656
199.221
199.616
199.848
199.973
102.631
107.816
112.824
117.611
122.174
126.524
130.676
134.647
138.454
142.111
145.63
149.022
152.297
155.462
158.525
161.49
164.362
167.145
169.84
172.45
174.975
177.414
179.766
182.028
184.199
186.273
188.246
190.111
191.861
193.487
194.979
196.325
197.51
198.519
199.334
199.939
200.316
200.47
200.389
200.166
102.904
108.56
113.904
118.929
123.664
128.14
132.387
136.431
140.295
143.996
147.551
150.972
154.27
157.454
160.532
163.509
166.391
169.181
171.881
174.493
177.018
179.456
181.805
184.062
186.225
188.289
190.249
192.098
193.827
195.428
196.887
198.192
199.325
200.266
200.988
201.464
201.659
201.552
201.092
200.427
103.364
109.601
115.281
120.528
125.412
129.992
134.313
138.413
142.319
146.054
149.636
153.079
156.395
159.593
162.683
165.67
168.559
171.354
174.058
176.673
179.2
181.637
183.984
186.239
188.397
190.455
192.407
194.245
195.961
197.545
198.983
200.26
201.356
202.249
202.905
203.287
203.332
202.985
202.102
200.865
104.212
111.187
117.143
122.539
127.515
132.153
136.514
140.643
144.571
148.324
151.92
155.374
158.699
161.906
165.002
167.994
170.887
173.686
176.392
179.009
181.536
183.974
186.32
188.573
190.729
192.783
194.731
196.563
198.272
199.847
201.273
202.535
203.611
204.476
205.095
205.424
205.387
204.904
203.729
201.914
)
;

boundaryField
{
    carasuperior
    {
        type            fixedGradient;
        gradient        uniform 100;
    }
    lateralizquierda
    {
        type            fixedValue;
        value           uniform 100;
    }
    lateralderecha
    {
        type            fixedValue;
        value           uniform 200;
    }
    carainferior
    {
        type            zeroGradient;
    }
    frontAndBack
    {
        type            empty;
    }
}


// ************************************************************************* //
