/*--------------------------------*- C++ -*----------------------------------*\
| =========                 |                                                 |
| \\      /  F ield         | OpenFOAM: The Open Source CFD Toolbox           |
|  \\    /   O peration     | Version:  2.4.0                                 |
|   \\  /    A nd           | Web:      www.OpenFOAM.org                      |
|    \\/     M anipulation  |                                                 |
\*---------------------------------------------------------------------------*/
FoamFile
{
    version     2.0;
    format      ascii;
    class       volScalarField;
    location    "0.975";
    object      T;
}
// * * * * * * * * * * * * * * * * * * * * * * * * * * * * * * * * * * * * * //

dimensions      [0 0 0 1 0 0 0];

internalField   nonuniform List<scalar> 
1600
(
101.414
104.24
107.063
109.882
112.695
115.5
118.294
121.077
123.847
126.602
129.34
132.06
134.759
137.438
140.094
142.727
145.335
147.918
150.474
153.004
155.507
157.983
160.432
162.854
165.25
167.621
169.968
172.291
174.592
176.872
179.133
181.377
183.605
185.819
188.021
190.213
192.397
194.574
196.746
198.916
101.414
104.242
107.068
109.888
112.703
115.509
118.306
121.091
123.862
126.619
129.358
132.079
134.78
137.46
140.118
142.751
145.36
147.944
150.501
153.031
155.534
158.009
160.458
162.88
165.275
167.645
169.99
172.312
174.612
176.891
179.15
181.393
183.619
185.832
188.032
190.222
192.404
194.579
196.749
198.917
101.416
104.248
107.076
109.901
112.719
115.529
118.329
121.117
123.892
126.651
129.394
132.118
134.821
137.504
140.163
142.799
145.409
147.994
150.552
153.083
155.586
158.061
160.51
162.93
165.325
167.693
170.036
172.356
174.653
176.929
179.186
181.424
183.647
185.856
188.053
190.239
192.417
194.588
196.755
198.919
101.419
104.256
107.09
109.919
112.743
115.558
118.363
121.156
123.936
126.7
129.446
132.174
134.882
137.568
140.23
142.869
145.482
148.068
150.627
153.159
155.663
158.138
160.586
163.006
165.398
167.764
170.105
172.421
174.714
176.986
179.238
181.472
183.69
185.894
188.085
190.265
192.438
194.603
196.764
198.922
101.422
104.266
107.107
109.944
112.774
115.596
118.408
121.208
123.993
126.763
129.516
132.249
134.962
137.652
140.319
142.961
145.577
148.166
150.727
153.26
155.764
158.24
160.687
163.105
165.495
167.859
170.196
172.508
174.796
177.062
179.309
181.536
183.747
185.944
188.127
190.3
192.465
194.623
196.775
198.926
101.427
104.279
107.129
109.975
112.813
115.644
118.464
121.271
124.065
126.842
129.601
132.341
135.06
137.756
140.428
143.074
145.694
148.286
150.85
153.384
155.89
158.365
160.811
163.228
165.616
167.976
170.308
172.615
174.898
177.158
179.396
181.616
183.819
186.006
188.181
190.344
192.499
194.647
196.79
198.93
101.432
104.295
107.155
110.011
112.86
115.7
118.53
121.347
124.15
126.936
129.703
132.451
135.177
137.879
140.557
143.209
145.833
148.429
150.995
153.532
156.038
158.514
160.959
163.374
165.759
168.115
170.443
172.744
175.019
177.271
179.502
181.712
183.904
186.081
188.245
190.397
192.54
194.677
196.808
198.936
101.438
104.313
107.186
110.053
112.914
115.766
118.607
121.435
124.248
127.044
129.821
132.578
135.312
138.022
140.706
143.364
145.993
148.593
151.163
153.702
156.21
158.686
161.13
163.543
165.925
168.276
170.599
172.893
175.161
177.404
179.624
181.824
184.004
186.169
188.32
190.459
192.589
194.711
196.829
198.943
101.445
104.334
107.22
110.102
112.976
115.841
118.695
121.535
124.36
127.167
129.955
132.721
135.464
138.183
140.875
143.539
146.174
148.779
151.352
153.894
156.403
158.879
161.323
163.734
166.112
168.459
170.775
173.062
175.322
177.555
179.764
181.951
184.119
186.27
188.406
190.53
192.644
194.751
196.853
198.951
101.453
104.357
107.259
110.156
113.045
115.925
118.793
121.647
124.485
127.305
130.104
132.882
135.635
138.363
141.063
143.735
146.376
148.986
151.563
154.108
156.618
159.095
161.537
163.946
166.321
168.662
170.972
173.252
175.501
177.724
179.921
182.095
184.248
186.383
188.503
190.61
192.707
194.796
196.88
198.96
101.462
104.383
107.302
110.216
113.122
116.018
118.902
121.771
124.624
127.457
130.27
133.059
135.824
138.561
141.271
143.95
146.598
149.213
151.795
154.342
156.854
159.331
161.773
164.179
166.55
168.886
171.189
173.46
175.7
177.911
180.095
182.254
184.391
186.509
188.611
190.699
192.777
194.846
196.91
198.97
101.471
104.412
107.35
110.283
113.207
116.121
119.023
121.908
124.777
127.625
130.452
133.254
136.03
138.779
141.498
144.185
146.84
149.461
152.047
154.597
157.111
159.588
162.028
164.432
166.798
169.129
171.425
173.687
175.916
178.115
180.285
182.429
184.549
186.649
188.731
190.798
192.854
194.902
196.943
198.981
101.482
104.444
107.403
110.356
113.301
116.235
119.155
122.059
124.944
127.809
130.65
133.467
136.256
139.016
141.744
144.441
147.103
149.73
152.32
154.873
157.388
159.866
162.304
164.705
167.067
169.392
171.68
173.932
176.151
178.337
180.492
182.619
184.721
186.801
188.862
190.906
192.939
194.963
196.98
198.994
101.493
104.479
107.461
110.437
113.403
116.358
119.299
122.223
125.127
128.009
130.867
133.698
136.5
139.272
142.012
144.717
147.387
150.019
152.614
155.17
157.687
160.164
162.601
164.998
167.355
169.673
171.953
174.196
176.403
178.575
180.715
182.825
184.908
186.966
189.004
191.025
193.032
195.029
197.02
199.007
101.506
104.517
107.524
110.524
113.515
116.493
119.456
122.401
125.326
128.226
131.102
133.949
136.766
139.55
142.301
145.016
147.693
150.332
152.931
155.49
158.008
160.484
162.919
165.312
167.664
169.975
172.246
174.478
176.673
178.831
180.954
183.046
185.109
187.145
189.159
191.153
193.133
195.102
197.064
199.021
101.52
104.558
107.593
110.62
113.637
116.641
119.628
122.596
125.542
128.463
131.357
134.221
137.053
139.851
142.613
145.338
148.023
150.668
153.272
155.834
158.352
160.828
163.26
165.649
167.995
170.299
172.56
174.781
176.962
179.104
181.211
183.284
185.325
187.338
189.325
191.292
193.242
195.181
197.112
199.037
101.535
104.604
107.669
110.725
113.771
116.802
119.815
122.808
125.777
128.72
131.634
134.516
137.364
140.176
142.951
145.686
148.38
151.032
153.64
156.204
158.724
161.199
163.628
166.012
168.352
170.646
172.897
175.106
177.272
179.398
181.486
183.538
185.557
187.544
189.505
191.442
193.361
195.266
197.164
199.054
101.552
104.654
107.751
110.84
113.917
116.978
120.02
123.039
126.034
129
131.935
134.836
137.702
140.529
143.317
146.063
148.766
151.425
154.038
156.605
159.126
161.599
164.026
166.405
168.736
171.022
173.261
175.456
177.606
179.715
181.782
183.812
185.806
187.767
189.698
191.604
193.489
195.359
197.22
199.073
101.57
104.709
107.842
110.966
114.076
117.17
120.243
123.292
126.313
129.305
132.263
135.185
138.069
140.913
143.715
146.472
149.185
151.851
154.47
157.04
159.561
162.033
164.456
166.829
169.153
171.428
173.655
175.834
177.968
180.056
182.102
184.107
186.074
188.006
189.907
191.779
193.628
195.459
197.281
199.093
101.59
104.769
107.941
111.104
114.251
117.38
120.487
123.568
126.619
129.638
132.621
135.565
138.469
141.331
144.147
146.918
149.64
152.314
154.938
157.512
160.034
162.505
164.924
167.291
169.606
171.87
174.083
176.246
178.36
180.427
182.449
184.427
186.365
188.265
190.132
191.968
193.779
195.569
197.347
199.115
101.612
104.835
108.051
111.255
114.444
117.612
120.755
123.871
126.954
130.002
133.012
135.981
138.906
141.786
144.619
147.403
150.137
152.819
155.449
158.026
160.55
163.019
165.433
167.793
170.099
172.35
174.548
176.693
178.787
180.831
182.826
184.775
186.681
188.546
190.376
192.173
193.942
195.687
197.419
199.139
101.637
104.908
108.171
111.422
114.655
117.866
121.05
124.203
127.321
130.402
133.44
136.435
139.384
142.284
145.134
147.933
150.678
153.37
156.006
158.587
161.111
163.579
165.989
168.341
170.637
172.875
175.056
177.182
179.253
181.271
183.237
185.155
187.025
188.853
190.642
192.396
194.119
195.817
197.498
199.165
101.664
104.989
108.305
111.607
114.889
118.147
121.375
124.569
127.726
130.84
133.911
136.934
139.907
142.829
145.698
148.512
151.27
153.972
156.615
159.2
161.725
164.19
166.595
168.94
171.224
173.448
175.611
177.716
179.763
181.753
183.688
185.57
187.403
189.189
190.933
192.639
194.312
195.958
197.584
199.193
101.694
105.078
108.453
111.811
115.148
118.457
121.734
124.973
128.171
131.323
134.428
137.481
140.482
143.427
146.316
149.146
151.918
154.629
157.28
159.868
162.395
164.858
167.258
169.594
171.866
174.074
176.219
178.301
180.321
182.281
184.182
186.027
187.817
189.558
191.252
192.906
194.525
196.112
197.679
199.225
101.727
105.177
108.617
112.038
115.434
118.8
122.13
125.419
128.662
131.855
134.996
138.083
141.112
144.082
146.992
149.84
152.626
155.348
158.006
160.599
163.127
165.587
167.981
170.308
172.567
174.759
176.884
178.941
180.933
182.861
184.725
186.528
188.273
189.964
191.604
193.201
194.758
196.283
197.783
199.259
101.764
105.288
108.799
112.29
115.753
119.182
122.57
125.912
129.204
132.442
135.623
138.744
141.804
144.801
147.733
150.6
153.401
156.134
158.8
161.398
163.926
166.384
168.772
171.089
173.334
175.509
177.611
179.643
181.605
183.497
185.322
187.08
188.776
190.412
191.994
193.526
195.017
196.471
197.899
199.298
101.805
105.412
109.003
112.571
116.108
119.605
123.057
126.458
129.803
133.089
136.313
139.472
142.564
145.589
148.545
151.432
154.248
156.993
159.667
162.269
164.798
167.253
169.635
171.941
174.172
176.328
178.408
180.412
182.342
184.196
185.978
187.689
189.331
190.908
192.425
193.888
195.303
196.68
198.027
199.34
101.852
105.55
109.231
112.886
116.504
120.077
123.599
127.064
130.467
133.804
137.073
140.272
143.399
146.453
149.434
152.341
155.173
157.931
160.613
163.219
165.749
168.201
170.576
172.871
175.088
177.224
179.28
181.255
183.15
184.965
186.701
188.36
189.944
191.457
192.903
194.289
195.622
196.912
198.17
199.388
101.904
105.706
109.488
113.238
116.947
120.604
124.202
127.736
131.201
134.594
137.911
141.152
144.315
147.4
150.407
153.335
156.184
158.954
161.644
164.255
166.785
169.234
171.601
173.886
176.086
178.202
180.233
182.178
184.037
185.81
187.498
189.102
190.624
192.067
193.435
194.737
195.979
197.173
198.329
199.441
101.963
105.882
109.777
113.635
117.444
121.193
124.875
128.484
132.015
135.466
138.834
142.119
145.32
148.436
151.469
154.419
157.285
160.067
162.766
165.381
167.912
170.357
172.717
174.99
177.174
179.27
181.275
183.189
185.01
186.74
188.377
189.922
191.377
192.745
194.029
195.238
196.38
197.465
198.508
199.501
102.03
106.082
110.105
114.083
118.003
121.854
125.626
129.315
132.917
136.429
139.85
143.18
146.42
149.569
152.629
155.6
158.483
161.278
163.985
166.604
169.135
171.577
173.929
176.19
178.358
180.433
182.412
184.294
186.077
187.761
189.345
190.829
192.213
193.5
194.694
195.801
196.831
197.796
198.71
199.569
102.108
106.31
110.479
114.592
118.636
122.596
126.467
130.241
133.916
137.492
140.968
144.345
147.623
150.805
153.892
156.884
159.784
162.591
165.307
167.93
170.461
172.9
175.244
177.493
179.645
181.698
183.651
185.501
187.246
188.884
190.413
191.833
193.143
194.344
195.44
196.436
197.341
198.172
198.939
199.646
102.197
106.574
110.908
115.174
119.354
123.434
127.409
131.273
135.025
138.666
142.197
145.62
148.937
152.152
155.265
158.278
161.194
164.013
166.736
169.364
171.895
174.33
176.667
178.904
181.041
183.073
185
186.818
188.525
190.117
191.592
192.946
194.179
195.291
196.281
197.156
197.924
198.602
199.203
199.736
102.301
106.883
111.407
115.845
120.174
124.383
128.467
132.423
136.253
139.96
143.545
147.014
150.37
153.615
156.753
159.787
162.718
165.549
168.28
170.911
173.442
175.873
178.203
180.43
182.551
184.564
186.466
188.254
189.924
191.471
192.891
194.181
195.336
196.354
197.234
197.979
198.595
199.1
199.509
199.843
102.426
107.249
111.995
116.624
121.116
125.461
129.658
133.708
137.615
141.385
145.023
148.535
151.927
155.201
158.363
161.416
164.362
167.203
169.941
172.575
175.107
177.535
179.858
182.075
184.182
186.178
188.057
189.817
191.451
192.956
194.325
195.551
196.629
197.553
198.318
198.925
199.375
199.686
199.872
199.971
102.58
107.695
112.698
117.54
122.206
126.691
131.001
135.141
139.122
142.952
146.639
150.191
153.615
156.917
160.1
163.17
166.129
168.98
171.724
174.362
176.894
179.319
181.637
183.845
185.94
187.92
189.779
191.514
193.117
194.584
195.905
197.073
198.078
198.91
199.561
200.023
200.294
200.388
200.312
200.128
102.779
108.258
113.558
118.632
123.476
128.099
132.515
136.74
140.787
144.671
148.401
151.989
155.442
158.766
161.969
165.054
168.024
170.884
173.633
176.274
178.807
181.231
183.544
185.745
187.831
189.797
191.64
193.354
194.931
196.365
197.646
198.763
199.703
200.451
200.993
201.312
201.394
201.246
200.856
200.323
103.051
109.001
114.636
119.948
124.964
129.713
134.223
138.52
142.624
146.552
150.318
153.935
157.412
160.756
163.974
167.071
170.052
172.918
175.673
178.318
180.852
183.275
185.585
187.782
189.86
191.818
193.648
195.346
196.903
198.312
199.561
200.637
201.525
202.205
202.654
202.845
202.743
202.333
201.562
200.584
103.511
110.041
116.011
121.544
126.708
131.56
136.145
140.497
144.644
148.606
152.4
156.039
159.533
162.892
166.122
169.23
172.218
175.091
177.851
180.498
183.034
185.457
187.767
189.961
192.036
193.987
195.81
197.498
199.042
200.434
201.662
202.711
203.562
204.195
204.577
204.672
204.422
203.77
202.575
201.023
104.359
111.626
117.871
123.552
128.808
133.718
138.343
142.724
146.893
150.873
154.681
158.331
161.836
165.203
168.44
171.553
174.546
177.422
180.184
182.834
185.371
187.795
190.104
192.297
194.369
196.317
198.136
199.819
201.357
202.74
203.956
204.989
205.82
206.426
206.77
206.814
206.48
205.692
204.204
202.073
)
;

boundaryField
{
    carasuperior
    {
        type            fixedGradient;
        gradient        uniform 100;
    }
    lateralizquierda
    {
        type            fixedValue;
        value           uniform 100;
    }
    lateralderecha
    {
        type            fixedValue;
        value           uniform 200;
    }
    carainferior
    {
        type            zeroGradient;
    }
    frontAndBack
    {
        type            empty;
    }
}


// ************************************************************************* //
