/*--------------------------------*- C++ -*----------------------------------*\
| =========                 |                                                 |
| \\      /  F ield         | OpenFOAM: The Open Source CFD Toolbox           |
|  \\    /   O peration     | Version:  2.4.0                                 |
|   \\  /    A nd           | Web:      www.OpenFOAM.org                      |
|    \\/     M anipulation  |                                                 |
\*---------------------------------------------------------------------------*/
FoamFile
{
    version     2.0;
    format      ascii;
    class       volScalarField;
    location    "0.945";
    object      T;
}
// * * * * * * * * * * * * * * * * * * * * * * * * * * * * * * * * * * * * * //

dimensions      [0 0 0 1 0 0 0];

internalField   nonuniform List<scalar> 
1600
(
101.413
104.239
107.062
109.881
112.693
115.498
118.292
121.075
123.845
126.599
129.337
132.056
134.756
137.434
140.09
142.723
145.331
147.913
150.47
153
155.503
157.979
160.428
162.85
165.246
167.617
169.964
172.287
174.588
176.869
179.13
181.374
183.603
185.817
188.02
190.212
192.396
194.573
196.746
198.916
101.414
104.242
107.067
109.887
112.701
115.508
118.304
121.088
123.86
126.616
129.355
132.076
134.777
137.457
140.114
142.747
145.356
147.939
150.496
153.026
155.529
158.005
160.454
162.875
165.271
167.641
169.986
172.308
174.608
176.887
179.147
181.39
183.617
185.829
188.03
190.221
192.403
194.578
196.749
198.917
101.416
104.247
107.076
109.9
112.717
115.527
118.327
121.115
123.889
126.648
129.39
132.114
134.818
137.5
140.159
142.795
145.405
147.989
150.547
153.078
155.581
158.057
160.505
162.926
165.321
167.689
170.033
172.352
174.649
176.926
179.183
181.422
183.645
185.854
188.051
190.238
192.416
194.588
196.754
198.919
101.419
104.255
107.089
109.918
112.741
115.556
118.361
121.154
123.933
126.697
129.443
132.171
134.878
137.564
140.226
142.865
145.477
148.064
150.623
153.155
155.658
158.134
160.582
163.001
165.394
167.76
170.101
172.417
174.711
176.983
179.235
181.47
183.688
185.892
188.083
190.264
192.436
194.602
196.763
198.921
101.422
104.266
107.106
109.943
112.773
115.594
118.406
121.205
123.991
126.76
129.512
132.246
134.958
137.648
140.315
142.957
145.572
148.161
150.723
153.256
155.76
158.236
160.682
163.101
165.491
167.855
170.192
172.504
174.793
177.059
179.306
181.533
183.745
185.941
188.126
190.299
192.464
194.622
196.775
198.925
101.427
104.279
107.128
109.973
112.812
115.642
118.462
121.269
124.062
126.839
129.598
132.338
135.056
137.752
140.424
143.07
145.69
148.282
150.845
153.38
155.885
158.361
160.807
163.224
165.612
167.972
170.305
172.612
174.894
177.154
179.393
181.613
183.816
186.004
188.179
190.343
192.498
194.646
196.79
198.93
101.432
104.294
107.154
110.01
112.858
115.699
118.528
121.345
124.147
126.933
129.7
132.447
135.173
137.875
140.553
143.204
145.828
148.424
150.991
153.527
156.034
158.51
160.955
163.37
165.755
168.111
170.439
172.74
175.016
177.268
179.499
181.709
183.902
186.079
188.243
190.396
192.539
194.676
196.807
198.936
101.438
104.312
107.185
110.052
112.913
115.764
118.605
121.433
124.245
127.041
129.818
132.574
135.308
138.018
140.702
143.359
145.989
148.589
151.159
153.697
156.205
158.681
161.125
163.538
165.92
168.272
170.595
172.889
175.157
177.401
179.621
181.821
184.002
186.167
188.318
190.457
192.588
194.71
196.828
198.943
101.445
104.333
107.219
110.1
112.974
115.839
118.692
121.532
124.357
127.164
129.951
132.718
135.461
138.179
140.871
143.535
146.17
148.775
151.348
153.89
156.399
158.875
161.318
163.729
166.108
168.455
170.771
173.059
175.318
177.552
179.761
181.949
184.117
186.268
188.404
190.528
192.643
194.75
196.852
198.951
101.453
104.357
107.258
110.155
113.044
115.923
118.791
121.645
124.482
127.302
130.101
132.878
135.631
138.359
141.059
143.73
146.372
148.981
151.559
154.103
156.614
159.09
161.533
163.941
166.316
168.658
170.969
173.248
175.498
177.721
179.918
182.092
184.246
186.381
188.501
190.608
192.706
194.795
196.879
198.96
101.461
104.383
107.302
110.215
113.121
116.016
118.9
121.769
124.621
127.454
130.267
133.056
135.82
138.558
141.267
143.946
146.594
149.209
151.79
154.338
156.85
159.327
161.768
164.174
166.545
168.882
171.185
173.456
175.696
177.907
180.092
182.251
184.389
186.507
188.609
190.698
192.775
194.845
196.909
198.97
101.471
104.411
107.349
110.282
113.206
116.12
119.02
121.906
124.774
127.622
130.448
133.251
136.027
138.775
141.494
144.181
146.836
149.457
152.043
154.593
157.107
159.584
162.024
164.427
166.794
169.125
171.421
173.683
175.913
178.112
180.282
182.426
184.547
186.647
188.729
190.796
192.853
194.901
196.943
198.981
101.482
104.443
107.402
110.355
113.299
116.233
119.152
122.056
124.941
127.806
130.647
133.463
136.252
139.012
141.74
144.436
147.099
149.725
152.316
154.869
157.384
159.861
162.3
164.7
167.063
169.388
171.676
173.929
176.147
178.333
180.489
182.617
184.719
186.799
188.86
190.905
192.938
194.962
196.98
198.993
101.493
104.478
107.46
110.435
113.402
116.356
119.297
122.22
125.124
128.006
130.863
133.694
136.497
139.268
142.008
144.713
147.382
150.015
152.61
155.166
157.682
160.159
162.596
164.993
167.351
169.669
171.949
174.192
176.399
178.572
180.712
182.822
184.905
186.964
189.002
191.023
193.031
195.028
197.02
199.007
101.506
104.516
107.523
110.523
113.514
116.492
119.454
122.399
125.323
128.223
131.098
133.945
136.762
139.546
142.297
145.011
147.689
150.327
152.927
155.485
158.003
160.479
162.914
165.308
167.66
169.971
172.242
174.475
176.669
178.827
180.951
183.044
185.106
187.143
189.157
191.152
193.132
195.101
197.064
199.021
101.52
104.558
107.592
110.619
113.636
116.639
119.626
122.594
125.539
128.46
131.353
134.217
137.049
139.847
142.609
145.334
148.019
150.664
153.268
155.829
158.348
160.824
163.256
165.645
167.991
170.295
172.556
174.777
176.958
179.101
181.208
183.281
185.322
187.335
189.324
191.291
193.241
195.18
197.111
199.037
101.535
104.603
107.668
110.724
113.769
116.8
119.813
122.806
125.774
128.717
131.63
134.512
137.36
140.173
142.947
145.682
148.376
151.027
153.636
156.2
158.72
161.194
163.624
166.008
168.348
170.642
172.894
175.102
177.269
179.395
181.483
183.535
185.554
187.542
189.503
191.441
193.36
195.265
197.163
199.054
101.552
104.653
107.75
110.839
113.915
116.976
120.017
123.037
126.031
128.997
131.931
134.833
137.698
140.526
143.313
146.059
148.762
151.42
154.034
156.601
159.121
161.595
164.021
166.4
168.732
171.018
173.257
175.452
177.603
179.711
181.779
183.809
185.803
187.765
189.697
191.603
193.488
195.358
197.219
199.073
101.57
104.708
107.841
110.965
114.075
117.168
120.241
123.289
126.311
129.302
132.259
135.182
138.065
140.909
143.711
146.468
149.181
151.847
154.465
157.035
159.557
162.029
164.452
166.825
169.149
171.424
173.651
175.831
177.964
180.053
182.099
184.104
186.072
188.004
189.905
191.778
193.627
195.459
197.28
199.093
101.59
104.768
107.941
111.102
114.25
117.379
120.485
123.565
126.616
129.635
132.617
135.562
138.466
141.327
144.143
146.913
149.636
152.31
154.934
157.508
160.03
162.501
164.92
167.287
169.602
171.866
174.079
176.242
178.356
180.424
182.446
184.424
186.362
188.263
190.13
191.967
193.777
195.568
197.346
199.115
101.612
104.834
108.05
111.254
114.442
117.61
120.753
123.868
126.951
129.999
133.009
135.977
138.902
141.782
144.615
147.399
150.132
152.815
155.445
158.022
160.545
163.014
165.429
167.789
170.095
172.346
174.544
176.69
178.784
180.827
182.823
184.772
186.678
188.544
190.374
192.171
193.94
195.686
197.418
199.139
101.637
104.907
108.171
111.421
114.654
117.864
121.048
124.201
127.319
130.399
133.437
136.432
139.38
142.28
145.13
147.929
150.674
153.366
156.002
158.583
161.107
163.574
165.984
168.337
170.632
172.871
175.052
177.178
179.25
181.268
183.234
185.152
187.023
188.851
190.64
192.394
194.118
195.816
197.497
199.165
101.664
104.988
108.304
111.606
114.888
118.145
121.373
124.567
127.723
130.837
133.908
136.93
139.904
142.826
145.694
148.508
151.266
153.967
156.61
159.195
161.72
164.186
166.591
168.935
171.22
173.444
175.608
177.713
179.76
181.75
183.685
185.568
187.4
189.187
190.931
192.638
194.311
195.957
197.583
199.193
101.694
105.077
108.452
111.81
115.146
118.455
121.731
124.97
128.168
131.32
134.424
137.478
140.478
143.423
146.311
149.142
151.913
154.625
157.275
159.864
162.39
164.854
167.253
169.589
171.861
174.07
176.215
178.297
180.318
182.278
184.179
186.024
187.815
189.555
191.25
192.905
194.523
196.112
197.678
199.225
101.727
105.177
108.616
112.037
115.433
118.799
122.128
125.416
128.659
131.852
134.993
138.079
141.108
144.078
146.988
149.836
152.622
155.344
158.002
160.595
163.122
165.583
167.977
170.304
172.563
174.755
176.88
178.938
180.93
182.857
184.722
186.525
188.271
189.962
191.603
193.199
194.757
196.282
197.783
199.259
101.764
105.287
108.798
112.289
115.751
119.18
122.567
125.909
129.201
132.439
135.619
138.741
141.8
144.797
147.729
150.596
153.396
156.13
158.796
161.393
163.921
166.379
168.767
171.084
173.33
175.504
177.607
179.64
181.601
183.494
185.319
187.078
188.773
190.41
191.992
193.525
195.015
196.47
197.898
199.298
101.805
105.411
109.002
112.57
116.106
119.603
123.055
126.456
129.801
133.086
136.309
139.468
142.56
145.585
148.541
151.427
154.244
156.989
159.663
162.264
164.793
167.249
169.63
171.937
174.168
176.324
178.404
180.409
182.338
184.193
185.975
187.686
189.328
190.906
192.423
193.886
195.302
196.679
198.026
199.34
101.852
105.55
109.231
112.884
116.502
120.075
123.597
127.061
130.464
133.801
137.07
140.268
143.395
146.449
149.43
152.337
155.169
157.927
160.609
163.215
165.745
168.197
170.571
172.867
175.083
177.22
179.276
181.251
183.147
184.962
186.698
188.358
189.942
191.455
192.901
194.288
195.621
196.911
198.169
199.388
101.904
105.705
109.487
113.237
116.945
120.602
124.2
127.734
131.198
134.59
137.908
141.148
144.311
147.396
150.403
153.33
156.179
158.949
161.64
164.25
166.781
169.23
171.597
173.881
176.082
178.198
180.229
182.174
184.034
185.807
187.495
189.099
190.621
192.064
193.434
194.735
195.978
197.172
198.328
199.441
101.963
105.881
109.776
113.634
117.442
121.191
124.873
128.481
132.012
135.463
138.831
142.115
145.316
148.433
151.465
154.415
157.28
160.063
162.762
165.377
167.907
170.353
172.713
174.985
177.17
179.266
181.271
183.185
185.007
186.736
188.373
189.919
191.374
192.742
194.028
195.237
196.378
197.464
198.507
199.501
102.03
106.081
110.104
114.082
118.002
121.852
125.624
129.313
132.914
136.426
139.847
143.177
146.416
149.565
152.625
155.596
158.479
161.273
163.981
166.6
169.131
171.573
173.925
176.186
178.354
180.429
182.408
184.29
186.073
187.758
189.342
190.826
192.211
193.498
194.692
195.799
196.829
197.795
198.709
199.569
102.107
106.31
110.478
114.591
118.634
122.595
126.464
130.238
133.914
137.489
140.965
144.341
147.62
150.801
153.888
156.88
159.78
162.587
165.302
167.926
170.457
172.895
175.24
177.489
179.641
181.694
183.647
185.497
187.242
188.88
190.41
191.83
193.141
194.342
195.438
196.434
197.34
198.171
198.939
199.646
102.197
106.574
110.908
115.173
119.352
123.433
127.406
131.27
135.022
138.663
142.194
145.616
148.934
152.148
155.261
158.274
161.19
164.009
166.732
169.359
171.891
174.325
176.662
178.9
181.036
183.069
184.996
186.815
188.521
190.114
191.588
192.944
194.177
195.288
196.279
197.155
197.923
198.601
199.202
199.736
102.301
106.882
111.407
115.843
120.172
124.381
128.465
132.421
136.251
139.957
143.542
147.011
150.366
153.611
156.749
159.783
162.714
165.545
168.275
170.906
173.438
175.869
178.199
180.425
182.547
184.56
186.463
188.25
189.92
191.467
192.888
194.178
195.334
196.352
197.232
197.977
198.594
199.099
199.508
199.843
102.426
107.248
111.994
116.623
121.114
125.46
129.656
133.705
137.612
141.382
145.02
148.532
151.923
155.198
158.359
161.412
164.358
167.199
169.936
172.571
175.102
177.531
179.854
182.07
184.178
186.173
188.053
189.813
191.448
192.953
194.322
195.548
196.627
197.551
198.316
198.923
199.374
199.685
199.872
199.971
102.58
107.695
112.697
117.539
122.204
126.69
130.998
135.139
139.119
142.949
146.636
150.188
153.612
156.913
160.096
163.166
166.125
168.976
171.719
174.357
176.889
179.315
181.633
183.84
185.936
187.916
189.775
191.51
193.114
194.58
195.902
197.07
198.075
198.908
199.559
200.021
200.292
200.387
200.312
200.128
102.778
108.257
113.557
118.631
123.475
128.097
132.513
136.737
140.784
144.668
148.398
151.985
155.438
158.763
161.965
165.049
168.02
170.879
173.629
176.27
178.802
181.226
183.54
185.741
187.827
189.793
191.636
193.35
194.928
196.362
197.643
198.76
199.7
200.449
200.991
201.311
201.393
201.245
200.856
200.322
103.051
109
114.636
119.947
124.962
129.711
134.221
138.517
142.621
146.549
150.315
153.932
157.408
160.752
163.97
167.067
170.047
172.914
175.669
178.313
180.847
183.27
185.581
187.777
189.856
191.813
193.644
195.342
196.9
198.309
199.558
200.635
201.523
202.203
202.652
202.843
202.742
202.332
201.561
200.584
103.511
110.04
116.01
121.543
126.707
131.558
136.143
140.495
144.642
148.603
152.397
156.035
159.53
162.888
166.118
169.225
172.214
175.087
177.846
180.494
183.029
185.453
187.763
189.957
192.032
193.983
195.806
197.494
199.039
200.431
201.659
202.708
203.56
204.192
204.575
204.671
204.42
203.769
202.574
201.023
104.358
111.625
117.87
123.551
128.806
133.716
138.34
142.722
146.89
150.87
154.678
158.328
161.832
165.199
168.436
171.548
174.541
177.418
180.18
182.829
185.366
187.79
190.099
192.292
194.365
196.313
198.132
199.815
201.353
202.736
203.953
204.986
205.818
206.423
206.768
206.812
206.479
205.691
204.204
202.073
)
;

boundaryField
{
    carasuperior
    {
        type            fixedGradient;
        gradient        uniform 100;
    }
    lateralizquierda
    {
        type            fixedValue;
        value           uniform 100;
    }
    lateralderecha
    {
        type            fixedValue;
        value           uniform 200;
    }
    carainferior
    {
        type            zeroGradient;
    }
    frontAndBack
    {
        type            empty;
    }
}


// ************************************************************************* //
