/*--------------------------------*- C++ -*----------------------------------*\
| =========                 |                                                 |
| \\      /  F ield         | OpenFOAM: The Open Source CFD Toolbox           |
|  \\    /   O peration     | Version:  2.4.0                                 |
|   \\  /    A nd           | Web:      www.OpenFOAM.org                      |
|    \\/     M anipulation  |                                                 |
\*---------------------------------------------------------------------------*/
FoamFile
{
    version     2.0;
    format      ascii;
    class       volScalarField;
    location    "0.825";
    object      T;
}
// * * * * * * * * * * * * * * * * * * * * * * * * * * * * * * * * * * * * * //

dimensions      [0 0 0 1 0 0 0];

internalField   nonuniform List<scalar> 
1600
(
101.412
104.235
107.055
109.871
112.68
115.482
118.274
121.054
123.821
126.574
129.309
132.027
134.725
137.402
140.057
142.688
145.295
147.877
150.433
152.963
155.466
157.942
160.391
162.814
165.212
167.584
169.932
172.256
174.559
176.842
179.105
181.351
183.582
185.799
188.004
190.199
192.386
194.566
196.741
198.914
101.413
104.237
107.059
109.877
112.689
115.492
118.286
121.068
123.837
126.59
129.328
132.047
134.746
137.424
140.08
142.712
145.32
147.903
150.459
152.989
155.492
157.968
160.417
162.84
165.236
167.607
169.954
172.278
174.579
176.86
179.122
181.367
183.596
185.811
188.015
190.208
192.393
194.571
196.744
198.915
101.415
104.243
107.068
109.89
112.705
115.511
118.309
121.094
123.866
126.623
129.363
132.085
134.787
137.467
140.125
142.76
145.369
147.953
150.511
153.041
155.544
158.02
160.469
162.891
165.286
167.656
170
172.322
174.621
176.899
179.158
181.399
183.625
185.836
188.036
190.225
192.406
194.58
196.75
198.917
101.417
104.251
107.082
109.908
112.728
115.54
118.343
121.133
123.91
126.671
129.416
132.142
134.847
137.531
140.193
142.83
145.442
148.027
150.586
153.118
155.622
158.097
160.545
162.966
165.36
167.727
170.069
172.387
174.682
176.956
179.21
181.447
183.667
185.874
188.068
190.251
192.426
194.595
196.759
198.92
101.421
104.261
107.099
109.933
112.76
115.579
118.388
121.184
123.968
126.735
129.485
132.216
134.927
137.616
140.281
142.922
145.537
148.125
150.686
153.219
155.723
158.199
160.646
163.065
165.457
167.821
170.16
172.473
174.764
177.032
179.281
181.511
183.724
185.923
188.11
190.286
192.454
194.615
196.77
198.924
101.425
104.274
107.121
109.963
112.799
115.626
118.443
121.248
124.039
126.814
129.571
132.309
135.025
137.72
140.39
143.035
145.654
148.245
150.808
153.343
155.848
158.324
160.771
163.188
165.577
167.938
170.272
172.581
174.866
177.127
179.368
181.591
183.796
185.986
188.163
190.33
192.488
194.639
196.785
198.929
101.43
104.29
107.147
110
112.846
115.683
118.51
121.324
124.124
126.907
129.673
132.418
135.142
137.843
140.519
143.17
145.793
148.388
150.954
153.49
155.997
158.473
160.919
163.334
165.72
168.077
170.407
172.71
174.987
177.241
179.474
181.686
183.881
186.061
188.228
190.383
192.529
194.669
196.803
198.935
101.436
104.308
107.177
110.042
112.9
115.749
118.587
121.412
124.222
127.016
129.79
132.545
135.277
137.985
140.668
143.325
145.953
148.552
151.122
153.661
156.168
158.644
161.089
163.503
165.886
168.239
170.563
172.859
175.129
177.374
179.596
181.798
183.982
186.149
188.303
190.445
192.578
194.703
196.824
198.942
101.443
104.329
107.212
110.09
112.961
115.823
118.674
121.512
124.334
127.139
129.924
132.688
135.43
138.147
140.837
143.5
146.134
148.738
151.311
153.853
156.362
158.838
161.282
163.694
166.073
168.422
170.739
173.028
175.289
177.525
179.736
181.926
184.096
186.25
188.389
190.516
192.633
194.743
196.848
198.95
101.451
104.352
107.251
110.144
113.031
115.907
118.773
121.624
124.459
127.276
130.074
132.849
135.6
138.326
141.025
143.696
146.336
148.945
151.522
154.066
156.577
159.054
161.497
163.906
166.282
168.625
170.936
173.217
175.469
177.694
179.893
182.069
184.225
186.363
188.486
190.596
192.696
194.788
196.875
198.959
101.46
104.378
107.294
110.205
113.108
116.001
118.882
121.748
124.598
127.429
130.239
133.026
135.789
138.525
141.233
143.911
146.558
149.172
151.754
154.301
156.813
159.29
161.732
164.139
166.511
168.849
171.153
173.426
175.668
177.881
180.067
182.229
184.369
186.489
188.594
190.685
192.766
194.838
196.905
198.969
101.47
104.407
107.342
110.272
113.193
116.104
119.002
121.885
124.751
127.597
130.421
133.221
135.996
138.743
141.46
144.146
146.8
149.42
152.006
154.556
157.07
159.547
161.988
164.392
166.76
169.092
171.389
173.653
175.884
178.085
180.257
182.404
184.526
186.629
188.713
190.784
192.843
194.894
196.939
198.98
101.48
104.439
107.395
110.345
113.286
116.217
119.134
122.035
124.918
127.78
130.62
133.434
136.221
138.979
141.707
144.402
147.063
149.689
152.279
154.832
157.347
159.824
162.264
164.665
167.028
169.354
171.644
173.898
176.118
178.306
180.464
182.594
184.699
186.781
188.844
190.892
192.928
194.955
196.975
198.992
101.492
104.474
107.453
110.425
113.389
116.341
119.279
122.199
125.101
127.98
130.836
133.665
136.466
139.236
141.974
144.678
147.347
149.979
152.573
155.129
157.646
160.123
162.56
164.958
167.316
169.636
171.917
174.162
176.37
178.545
180.687
182.8
184.885
186.946
188.987
191.011
193.021
195.021
197.016
199.005
101.505
104.512
107.516
110.513
113.501
116.476
119.436
122.378
125.3
128.198
131.071
133.916
136.731
139.514
142.263
144.976
147.653
150.291
152.89
155.448
157.966
160.443
162.878
165.272
167.625
169.938
172.21
174.444
176.64
178.801
180.927
183.021
185.086
187.125
189.142
191.139
193.122
195.094
197.059
199.02
101.518
104.553
107.585
110.609
113.623
116.623
119.608
122.573
125.516
128.435
131.326
134.188
137.018
139.815
142.575
145.299
147.983
150.628
153.231
155.792
158.311
160.787
163.22
165.61
167.957
170.261
172.524
174.747
176.929
179.074
181.183
183.258
185.302
187.318
189.308
191.278
193.231
195.173
197.107
199.036
101.534
104.599
107.66
110.714
113.756
116.784
119.795
122.785
125.751
128.692
131.603
134.483
137.329
140.14
142.913
145.647
148.34
150.991
153.599
156.163
158.683
161.158
163.588
165.973
168.313
170.609
172.862
175.071
177.24
179.368
181.459
183.513
185.534
187.524
189.488
191.428
193.35
195.258
197.159
199.053
101.55
104.649
107.743
110.829
113.902
116.96
119.999
123.016
126.008
128.971
131.904
134.804
137.667
140.493
143.279
146.024
148.726
151.384
153.997
156.564
159.084
161.558
163.985
166.365
168.698
170.984
173.225
175.421
177.574
179.684
181.754
183.786
185.783
187.747
189.681
191.59
193.478
195.351
197.215
199.071
101.569
104.704
107.834
110.954
114.062
117.152
120.222
123.269
126.287
129.276
132.232
135.152
138.034
140.877
143.677
146.433
149.145
151.81
154.428
156.998
159.52
161.992
164.416
166.79
169.114
171.391
173.619
175.8
177.935
180.026
182.074
184.082
186.051
187.986
189.89
191.765
193.617
195.451
197.276
199.091
101.589
104.764
107.933
111.092
114.237
117.363
120.467
123.545
126.593
129.609
132.59
135.532
138.435
141.294
144.109
146.879
149.6
152.274
154.897
157.471
159.993
162.464
164.883
167.251
169.567
171.832
174.047
176.211
178.328
180.397
182.421
184.401
186.342
188.245
190.115
191.954
193.767
195.561
197.342
199.113
101.611
104.83
108.043
111.244
114.429
117.594
120.735
123.847
126.928
129.974
132.981
135.948
138.872
141.75
144.581
147.364
150.097
152.778
155.408
157.985
160.508
162.978
165.393
167.753
170.06
172.313
174.512
176.659
178.755
180.8
182.798
184.749
186.658
188.526
190.359
192.159
193.93
195.679
197.414
199.137
101.635
104.903
108.163
111.411
114.641
117.849
121.03
124.18
127.296
130.373
133.41
136.403
139.349
142.248
145.097
147.894
150.638
153.329
155.965
158.546
161.07
163.538
165.948
168.301
170.598
172.837
175.02
177.148
179.221
181.241
183.209
185.129
187.002
188.833
190.625
192.382
194.108
195.809
197.493
199.163
101.662
104.984
108.297
111.595
114.875
118.129
121.355
124.546
127.7
130.812
133.88
136.901
139.873
142.793
145.66
148.473
151.23
153.931
156.574
159.158
161.683
164.149
166.554
168.9
171.185
173.41
175.575
177.682
179.731
181.723
183.66
185.545
187.38
189.169
190.915
192.625
194.301
195.95
197.579
199.192
101.692
105.073
108.444
111.8
115.133
118.44
121.713
124.95
128.145
131.295
134.397
137.449
140.447
143.391
146.278
149.107
151.878
154.588
157.238
159.827
162.353
164.817
167.217
169.554
171.827
174.036
176.183
178.266
180.289
182.251
184.154
186.001
187.794
189.537
191.235
192.892
194.513
196.104
197.674
199.223
101.725
105.172
108.608
112.027
115.42
118.783
122.11
125.395
128.636
131.827
134.966
138.05
141.077
144.046
146.954
149.801
152.586
155.307
157.965
160.558
163.085
165.546
167.94
170.268
172.528
174.721
176.847
178.907
180.901
182.83
184.697
186.502
188.25
189.943
191.587
193.187
194.747
196.275
197.778
199.258
101.762
105.283
108.791
112.279
115.739
119.164
122.549
125.889
129.178
132.414
135.592
138.711
141.769
144.764
147.695
150.561
153.361
156.094
158.759
161.356
163.884
166.343
168.731
171.049
173.295
175.471
177.575
179.609
181.572
183.467
185.293
187.055
188.753
190.392
191.976
193.512
195.005
196.463
197.894
199.296
101.804
105.407
108.995
112.56
116.093
119.588
123.037
126.435
129.778
133.061
136.282
139.439
142.53
145.553
148.507
151.392
154.208
156.952
159.626
162.227
164.756
167.212
169.594
171.901
174.133
176.29
178.372
180.378
182.309
184.166
185.95
187.663
189.308
190.887
192.407
193.873
195.292
196.671
198.022
199.339
101.85
105.545
109.223
112.874
116.489
120.06
123.579
127.041
130.441
133.776
137.043
140.239
143.364
146.417
149.396
152.302
155.133
157.89
160.572
163.178
165.707
168.16
170.535
172.831
175.048
177.186
179.243
181.22
183.117
184.934
186.673
188.334
189.921
191.436
192.886
194.275
195.611
196.904
198.165
199.386
101.903
105.701
109.48
113.227
116.932
120.586
124.182
127.713
131.175
134.565
137.88
141.119
144.28
147.364
150.369
153.296
156.144
158.913
161.603
164.213
166.743
169.193
171.56
173.845
176.047
178.164
180.197
182.143
184.004
185.78
187.47
189.076
190.6
192.046
193.418
194.722
195.968
197.164
198.324
199.439
101.962
105.877
109.769
113.624
117.429
121.175
124.855
128.461
131.989
135.437
138.803
142.086
145.285
148.4
151.432
154.38
157.245
160.026
162.725
165.339
167.87
170.316
172.676
174.949
177.135
179.232
181.238
183.154
184.977
186.709
188.348
189.896
191.353
192.724
194.012
195.224
196.368
197.457
198.503
199.499
102.029
106.077
110.097
114.072
117.989
121.836
125.606
129.292
132.891
136.401
139.82
143.148
146.385
149.533
152.591
155.561
158.443
161.237
163.943
166.563
169.094
171.536
173.888
176.15
178.319
180.395
182.375
184.258
186.044
187.73
189.316
190.803
192.19
193.479
194.676
195.786
196.819
197.788
198.705
199.567
102.106
106.305
110.471
114.581
118.621
122.579
126.446
130.218
133.891
137.464
140.938
144.312
147.589
150.769
153.854
156.845
159.744
162.55
165.265
167.888
170.419
172.858
175.203
177.452
179.606
181.66
183.614
185.466
187.212
188.853
190.384
191.807
193.12
194.324
195.422
196.421
197.33
198.163
198.934
199.645
102.195
106.569
110.9
115.163
119.34
123.417
127.388
131.25
134.999
138.638
142.166
145.587
148.903
152.115
155.227
158.239
161.154
163.972
166.695
169.322
171.853
174.288
176.625
178.864
181.001
183.035
184.963
186.783
188.492
190.086
191.563
192.92
194.156
195.27
196.263
197.141
197.913
198.593
199.198
199.735
102.3
106.878
111.399
115.833
120.16
124.366
128.447
132.4
136.228
139.932
143.515
146.982
150.335
153.579
156.715
159.748
162.678
165.508
168.238
170.869
173.4
175.832
178.162
180.389
182.511
184.526
186.429
188.219
189.89
191.44
192.862
194.154
195.312
196.333
197.216
197.964
198.583
199.091
199.504
199.841
102.425
107.244
111.987
116.613
121.102
125.444
129.638
133.685
137.589
141.357
144.993
148.503
151.892
155.165
158.326
161.377
164.322
167.162
169.899
172.533
175.065
177.493
179.817
182.034
184.143
186.139
188.02
189.781
191.418
192.925
194.296
195.525
196.605
197.532
198.3
198.91
199.363
199.678
199.867
199.969
102.579
107.69
112.69
117.529
122.192
126.674
130.98
135.118
139.096
142.923
146.608
150.159
153.581
156.88
160.063
163.131
166.089
168.939
171.682
174.32
176.852
179.277
181.595
183.804
185.9
187.881
189.742
191.478
193.084
194.552
195.876
197.046
198.054
198.889
199.542
200.008
200.282
200.379
200.307
200.126
102.777
108.253
113.55
118.621
123.462
128.082
132.495
136.717
140.762
144.642
148.371
151.956
155.407
158.73
161.931
165.015
167.984
170.842
173.592
176.232
178.765
181.189
183.503
185.704
187.791
189.759
191.603
193.318
194.898
196.334
197.617
198.736
199.679
200.43
200.975
201.297
201.383
201.238
200.851
200.321
103.05
108.996
114.628
119.937
124.949
129.695
134.203
138.497
142.598
146.524
150.288
153.903
157.377
160.719
163.936
167.032
170.011
172.877
175.632
178.276
180.809
183.233
185.544
187.741
189.82
191.779
193.611
195.31
196.87
198.28
199.532
200.611
201.501
202.184
202.636
202.829
202.731
202.324
201.557
200.582
103.51
110.036
116.003
121.533
126.694
131.543
136.125
140.475
144.619
148.578
152.37
156.006
159.499
162.856
166.085
169.191
172.178
175.05
177.809
180.456
182.992
185.415
187.726
189.92
191.996
193.948
195.773
197.462
199.008
200.403
201.632
202.684
203.538
204.173
204.558
204.657
204.41
203.761
202.569
201.021
104.357
111.621
117.863
123.541
128.793
133.701
138.322
142.701
146.868
150.845
154.651
158.299
161.801
165.166
168.402
171.513
174.505
177.381
180.143
182.792
185.329
187.753
190.062
192.256
194.329
196.279
198.099
199.783
201.323
202.708
203.926
204.962
205.796
206.404
206.752
206.799
206.468
205.683
204.199
202.071
)
;

boundaryField
{
    carasuperior
    {
        type            fixedGradient;
        gradient        uniform 100;
    }
    lateralizquierda
    {
        type            fixedValue;
        value           uniform 100;
    }
    lateralderecha
    {
        type            fixedValue;
        value           uniform 200;
    }
    carainferior
    {
        type            zeroGradient;
    }
    frontAndBack
    {
        type            empty;
    }
}


// ************************************************************************* //
