/*--------------------------------*- C++ -*----------------------------------*\
| =========                 |                                                 |
| \\      /  F ield         | OpenFOAM: The Open Source CFD Toolbox           |
|  \\    /   O peration     | Version:  2.4.0                                 |
|   \\  /    A nd           | Web:      www.OpenFOAM.org                      |
|    \\/     M anipulation  |                                                 |
\*---------------------------------------------------------------------------*/
FoamFile
{
    version     2.0;
    format      ascii;
    class       volScalarField;
    location    "0.2";
    object      T;
}
// * * * * * * * * * * * * * * * * * * * * * * * * * * * * * * * * * * * * * //

dimensions      [0 0 0 1 0 0 0];

internalField   nonuniform List<scalar> 
1600
(
100.297
100.896
101.513
102.161
102.851
103.594
104.401
105.284
106.252
107.315
108.482
109.761
111.16
112.685
114.342
116.136
118.07
120.149
122.374
124.745
127.264
129.93
132.742
135.696
138.791
142.022
145.384
148.873
152.482
156.204
160.034
163.962
167.98
172.079
176.25
180.483
184.767
189.09
193.442
197.812
100.297
100.898
101.517
102.166
102.857
103.602
104.411
105.295
106.265
107.33
108.498
109.778
111.179
112.705
114.363
116.158
118.093
120.173
122.398
124.771
127.29
129.956
132.768
135.722
138.816
142.047
145.408
148.895
152.503
156.224
160.052
163.978
167.995
172.093
176.262
180.492
184.774
189.095
193.446
197.813
100.299
100.903
101.525
102.177
102.871
103.618
104.43
105.317
106.29
107.357
108.528
109.812
111.214
112.743
114.403
116.2
118.138
120.219
122.446
124.82
127.341
130.008
132.819
135.774
138.867
142.096
145.456
148.942
152.547
156.265
160.09
164.013
168.025
172.119
176.284
180.511
184.788
189.106
193.452
197.815
100.301
100.909
101.536
102.193
102.891
103.643
104.459
105.351
106.328
107.399
108.574
109.861
111.267
112.8
114.464
116.264
118.204
120.288
122.518
124.893
127.415
130.083
132.895
135.849
138.942
142.17
145.528
149.01
152.612
156.327
160.146
164.064
168.071
172.159
176.318
180.539
184.81
189.121
193.461
197.819
100.304
100.919
101.551
102.214
102.918
103.676
104.498
105.395
106.377
107.454
108.635
109.927
111.338
112.875
114.543
116.347
118.292
120.379
122.611
124.989
127.513
130.182
132.995
135.949
139.041
142.267
145.622
149.101
152.698
156.408
160.222
164.133
168.133
172.213
176.364
180.577
184.839
189.142
193.474
197.823
100.308
100.93
101.57
102.24
102.952
103.717
104.546
105.451
106.44
107.523
108.71
110.008
111.425
112.968
114.641
116.45
118.399
120.491
122.726
125.107
127.634
130.305
133.118
136.072
139.163
142.386
145.738
149.213
152.805
156.508
160.315
164.218
168.209
172.28
176.421
180.624
184.876
189.169
193.489
197.828
100.313
100.944
101.593
102.272
102.993
103.767
104.605
105.517
106.514
107.605
108.8
110.105
111.529
113.078
114.758
116.573
118.527
120.623
122.863
125.248
127.777
130.449
133.264
136.217
139.307
142.528
145.877
149.347
152.933
156.628
160.426
164.32
168.301
172.36
176.49
180.68
184.92
189.2
193.508
197.834
100.318
100.96
101.62
102.31
103.041
103.825
104.673
105.595
106.601
107.702
108.905
110.219
111.651
113.207
114.894
116.715
118.675
120.777
123.021
125.409
127.941
130.616
133.431
136.385
139.473
142.691
146.036
149.501
153.08
156.767
160.556
164.438
168.407
172.454
176.57
180.746
184.972
189.237
193.53
197.842
100.324
100.978
101.651
102.353
103.096
103.892
104.751
105.684
106.702
107.812
109.025
110.348
111.789
113.354
115.048
116.877
118.843
120.95
123.199
125.591
128.126
130.803
133.619
136.573
139.659
142.875
146.215
149.674
153.246
156.924
160.702
164.572
168.528
172.56
176.661
180.821
185.03
189.279
193.556
197.85
100.331
100.999
101.686
102.402
103.159
103.968
104.84
105.786
106.815
107.937
109.161
110.495
111.945
113.519
115.221
117.057
119.03
121.143
123.397
125.794
128.332
131.01
133.828
136.781
139.866
143.078
146.414
149.866
153.43
157.098
160.865
164.722
168.663
172.679
176.763
180.905
185.096
189.326
193.584
197.859
100.339
101.023
101.726
102.457
103.229
104.053
104.94
105.9
106.942
108.077
109.313
110.658
112.119
113.702
115.413
117.257
119.237
121.356
123.615
126.016
128.556
131.237
134.055
137.007
140.09
143.299
146.63
150.076
153.631
157.289
161.043
164.887
168.811
172.81
176.875
180.998
185.168
189.378
193.615
197.87
100.348
101.05
101.77
102.519
103.308
104.149
105.052
106.027
107.084
108.233
109.481
110.838
112.31
113.904
115.625
117.477
119.464
121.589
123.853
126.257
128.8
131.482
134.3
137.251
140.332
143.537
146.862
150.301
153.848
157.495
161.236
165.065
168.973
172.954
176.998
181.099
185.248
189.435
193.65
197.881
100.358
101.08
101.82
102.588
103.396
104.255
105.175
106.167
107.241
108.404
109.667
111.037
112.521
114.126
115.856
117.716
119.711
121.841
124.11
126.517
129.063
131.745
134.563
137.513
140.59
143.791
147.11
150.541
154.079
157.715
161.443
165.256
169.147
173.108
177.132
181.21
185.335
189.497
193.687
197.894
100.369
101.113
101.875
102.665
103.494
104.373
105.312
106.323
107.413
108.594
109.872
111.256
112.752
114.368
116.108
117.977
119.978
122.114
124.387
126.797
129.344
132.027
134.844
137.791
140.864
144.06
147.373
150.796
154.323
157.948
161.663
165.46
169.333
173.273
177.275
181.329
185.428
189.564
193.728
197.907
100.382
101.15
101.936
102.749
103.601
104.502
105.463
106.494
107.604
108.801
110.096
111.494
113.004
114.632
116.382
118.259
120.268
122.409
124.686
127.099
129.646
132.329
135.143
138.086
141.155
144.345
147.65
151.064
154.581
158.194
161.894
165.675
169.53
173.449
177.427
181.456
185.528
189.636
193.771
197.921
100.395
101.19
102.003
102.842
103.719
104.645
105.629
106.682
107.812
109.029
110.341
111.756
113.28
114.92
116.68
118.566
120.582
122.728
125.008
127.423
129.97
132.651
135.462
138.402
141.465
144.647
147.943
151.348
154.853
158.452
162.138
165.902
169.737
173.636
177.589
181.592
185.635
189.713
193.818
197.937
100.41
101.235
102.077
102.945
103.85
104.803
105.812
106.889
108.042
109.279
110.61
112.042
113.581
115.233
117.005
118.9
120.922
123.074
125.357
127.772
130.319
132.998
135.805
138.739
141.795
144.969
148.255
151.648
155.14
158.725
162.395
166.141
169.956
173.832
177.761
181.736
185.75
189.796
193.867
197.953
100.427
101.284
102.158
103.058
103.994
104.976
106.013
107.116
108.293
109.554
110.905
112.354
113.909
115.575
117.358
119.263
121.292
123.448
125.734
128.15
130.696
133.372
136.174
139.101
142.149
145.313
148.588
151.968
155.446
159.015
162.667
166.394
170.188
174.04
177.943
181.889
185.871
189.884
193.921
197.971
100.445
101.339
102.248
103.183
104.153
105.167
106.235
107.366
108.57
109.854
111.227
112.697
114.268
115.949
117.744
119.658
121.694
123.856
126.144
128.561
131.105
133.777
136.574
139.493
142.531
145.684
148.946
152.311
155.773
159.324
162.957
166.663
170.433
174.26
178.136
182.052
186.001
189.978
193.978
197.99
100.465
101.399
102.348
103.321
104.327
105.377
106.479
107.641
108.874
110.185
111.582
113.072
114.662
116.358
118.166
120.09
122.134
124.3
126.591
129.008
131.55
134.217
137.008
139.918
142.946
146.086
149.333
152.683
156.126
159.658
163.268
166.951
170.696
174.495
178.341
182.225
186.14
190.079
194.039
198.01
100.487
101.465
102.458
103.473
104.52
105.609
106.747
107.944
109.209
110.548
111.971
113.484
115.094
116.807
118.628
120.563
122.615
124.786
127.08
129.496
132.036
134.698
137.481
140.382
143.397
146.524
149.755
153.086
156.51
160.019
163.606
167.262
170.979
174.748
178.562
182.411
186.288
190.188
194.105
198.032
100.512
101.539
102.579
103.641
104.734
105.865
107.044
108.278
109.577
110.948
112.398
113.936
115.567
117.298
119.135
121.081
123.141
125.318
127.614
130.03
132.567
135.224
137.998
140.889
143.891
147.002
150.216
153.527
156.928
160.413
163.973
167.6
171.286
175.022
178.8
182.612
186.449
190.305
194.177
198.056
100.539
101.62
102.714
103.828
104.97
106.148
107.371
108.647
109.983
111.388
112.869
114.433
116.088
117.838
119.69
121.649
123.718
125.901
128.199
130.615
133.149
135.799
138.565
141.444
144.432
147.526
150.721
154.01
157.387
160.844
164.375
167.97
171.622
175.321
179.06
182.83
186.623
190.433
194.255
198.082
100.569
101.711
102.863
104.034
105.231
106.461
107.733
109.054
110.431
111.873
113.387
114.98
116.66
118.431
120.3
122.272
124.35
126.539
128.841
131.256
133.786
136.43
139.187
142.053
145.026
148.102
151.275
154.54
157.891
161.319
164.817
168.378
171.991
175.65
179.345
183.069
186.814
190.572
194.341
198.11
100.603
101.811
103.029
104.264
105.521
106.809
108.134
109.504
110.926
112.408
113.958
115.583
117.289
119.082
120.969
122.955
125.044
127.24
129.544
131.959
134.486
137.122
139.869
142.722
145.678
148.735
151.885
155.125
158.446
161.842
165.306
168.827
172.399
176.013
179.66
183.333
187.023
190.725
194.436
198.141
100.64
101.923
103.214
104.519
105.843
107.194
108.578
110.002
111.473
112.999
114.588
116.246
117.98
119.798
121.704
123.705
125.805
128.008
130.315
132.73
135.252
137.881
140.617
143.456
146.395
149.43
152.557
155.769
159.059
162.42
165.845
169.325
172.851
176.415
180.009
183.625
187.256
190.895
194.54
198.176
100.682
102.048
103.42
104.803
106.202
107.622
109.07
110.553
112.078
113.651
115.281
116.976
118.741
120.584
122.511
124.528
126.639
128.849
131.16
133.574
136.091
138.713
141.437
144.261
147.182
150.195
153.296
156.478
159.735
163.059
166.443
169.877
173.353
176.863
180.398
183.951
187.515
191.084
194.656
198.215
100.729
102.188
103.651
105.121
106.602
108.099
109.618
111.165
112.747
114.372
116.046
117.779
119.577
121.447
123.396
125.429
127.552
129.77
132.084
134.497
137.01
139.623
142.335
145.144
148.045
151.036
154.109
157.261
160.482
163.766
167.105
170.49
173.911
177.361
180.832
184.315
187.805
191.296
194.786
198.258
100.782
102.345
103.91
105.477
107.049
108.631
110.227
111.844
113.488
115.167
116.889
118.663
120.495
122.393
124.364
126.415
128.551
130.776
133.094
135.506
138.014
140.619
143.319
146.111
148.992
151.958
155.004
158.122
161.307
164.549
167.84
171.171
174.534
177.919
181.318
184.724
188.13
191.534
194.932
198.307
100.841
102.523
104.202
105.878
107.551
109.226
110.906
112.598
114.309
116.046
117.818
119.634
121.502
123.43
125.425
127.493
129.642
131.875
134.195
136.607
139.111
141.706
144.393
147.168
150.029
152.971
155.987
159.071
162.217
165.414
168.655
171.929
175.228
178.543
181.863
185.184
188.498
191.803
195.097
198.362
100.909
102.725
104.533
106.33
108.116
109.893
111.665
113.437
115.219
117.017
118.842
120.702
122.606
124.564
126.583
128.669
130.831
133.071
135.396
137.806
140.305
142.891
145.565
148.323
151.163
154.079
157.065
160.115
163.22
166.371
169.559
172.773
176.004
179.242
182.478
185.704
188.914
192.109
195.284
198.425
100.987
102.955
104.91
106.844
108.754
110.643
112.513
114.372
116.227
118.089
119.968
121.873
123.815
125.803
127.846
129.95
132.124
134.373
136.7
139.11
141.603
144.18
146.841
149.582
152.401
155.291
158.247
161.261
164.325
167.429
170.562
173.714
176.873
180.029
183.172
186.294
189.389
192.458
195.498
198.497
101.077
103.221
105.343
107.431
109.479
111.488
113.464
115.413
117.346
119.273
121.207
123.157
125.136
127.154
129.22
131.342
133.529
135.784
138.115
140.523
143.011
145.579
148.227
150.951
153.749
156.614
159.54
162.519
165.541
168.597
171.675
174.762
177.846
180.916
183.959
186.967
189.934
192.86
195.745
198.582
101.182
103.532
105.846
108.107
110.306
112.446
114.533
116.576
118.587
120.58
122.567
124.562
126.578
128.624
130.712
132.852
135.049
137.312
139.645
142.052
144.535
147.094
149.729
152.437
155.214
158.054
160.951
163.896
166.878
169.887
172.909
175.931
178.939
181.918
184.856
187.741
190.565
193.329
196.033
198.682
101.308
103.901
106.438
108.893
111.258
113.536
115.737
117.874
119.963
122.02
124.059
126.097
128.146
130.22
132.329
134.483
136.692
138.961
141.296
143.701
146.178
148.729
151.352
154.044
156.802
159.619
162.489
165.401
168.345
171.309
174.277
177.236
180.168
183.056
185.883
188.636
191.303
193.884
196.377
198.804
101.463
104.351
107.148
109.818
112.359
114.78
117.095
119.324
121.488
123.604
125.692
127.769
129.849
131.947
134.075
136.243
138.46
140.734
143.071
145.475
147.947
150.49
153.102
155.78
158.52
161.317
164.161
167.044
169.953
172.875
175.794
178.693
181.552
184.351
187.067
189.682
192.177
194.552
196.797
198.954
101.663
104.919
108.016
110.922
113.645
116.205
118.63
120.944
123.175
125.345
127.476
129.586
131.693
133.812
135.955
138.134
140.359
142.638
144.976
147.377
149.846
152.381
154.983
157.649
160.375
163.153
165.976
168.833
171.712
174.599
177.475
180.321
183.115
185.831
188.442
190.919
193.234
195.376
197.319
199.141
101.938
105.669
109.106
112.254
115.152
117.842
120.362
122.75
125.038
127.252
129.417
131.555
133.683
135.818
137.974
140.163
142.394
144.675
147.014
149.414
151.879
154.409
157.003
159.659
162.373
165.137
167.943
170.781
173.636
176.494
179.335
182.14
184.88
187.529
190.048
192.401
194.538
196.429
198.003
199.395
102.401
106.718
110.498
113.872
116.922
119.717
122.313
124.758
127.087
129.334
131.525
133.683
135.827
137.974
140.139
142.333
144.569
146.853
149.192
151.591
154.054
156.58
159.169
161.819
164.524
167.279
170.073
172.897
175.736
178.574
181.392
184.167
186.871
189.471
191.925
194.185
196.178
197.834
198.995
199.827
103.254
108.315
112.375
115.901
119.044
121.898
124.534
127.007
129.359
131.622
133.826
135.993
138.145
140.298
142.467
144.665
146.902
149.187
151.527
153.925
156.386
158.91
161.496
164.142
166.843
169.592
172.381
175.197
178.027
180.855
183.66
186.418
189.101
191.673
194.09
196.299
198.21
199.732
200.608
200.869
)
;

boundaryField
{
    carasuperior
    {
        type            fixedGradient;
        gradient        uniform 100;
    }
    lateralizquierda
    {
        type            fixedValue;
        value           uniform 100;
    }
    lateralderecha
    {
        type            fixedValue;
        value           uniform 200;
    }
    carainferior
    {
        type            zeroGradient;
    }
    frontAndBack
    {
        type            empty;
    }
}


// ************************************************************************* //
