/*--------------------------------*- C++ -*----------------------------------*\
| =========                 |                                                 |
| \\      /  F ield         | OpenFOAM: The Open Source CFD Toolbox           |
|  \\    /   O peration     | Version:  2.4.0                                 |
|   \\  /    A nd           | Web:      www.OpenFOAM.org                      |
|    \\/     M anipulation  |                                                 |
\*---------------------------------------------------------------------------*/
FoamFile
{
    version     2.0;
    format      ascii;
    class       volScalarField;
    location    "3.7";
    object      p;
}
// * * * * * * * * * * * * * * * * * * * * * * * * * * * * * * * * * * * * * //

dimensions      [0 2 -2 0 0 0 0];

internalField   nonuniform List<scalar> 
4800
(
1.47289e-06
-0.00159785
-0.00327901
-0.00452439
-0.00500959
-0.00458331
-0.00319838
-0.000858562
0.00239135
0.00645558
0.00159765
-3.38127e-05
-0.00122819
-0.00193898
-0.00204263
-0.00142904
-5.06167e-05
0.00210914
0.00504056
0.00869708
0.00331824
0.00111096
-9.13333e-05
-0.000646592
-0.000624068
3.47272e-05
0.00136135
0.00338299
0.00612164
0.00957412
0.00448301
0.00161945
0.000242728
-0.000327891
-0.00032077
0.000278509
0.00149007
0.00335963
0.00595362
0.00932895
0.00453935
0.00115507
-0.00040682
-0.00106692
-0.00116938
-0.0007259
0.000289987
0.00196292
0.00443172
0.00786087
0.00312011
-0.000574684
-0.00228873
-0.00308905
-0.00338896
-0.00320659
-0.00248664
-0.00107838
0.00127121
0.00493906
4.73709e-05
-0.00371782
-0.00552876
-0.00650533
-0.00708676
-0.00728241
-0.0069876
-0.00595945
-0.00378442
0.000346107
-0.0046834
-0.00827791
-0.0101214
-0.011299
-0.0122404
-0.0129411
-0.0132375
-0.0127829
-0.0109876
-0.00619579
-0.0109061
-0.0141176
-0.0159282
-0.0173145
-0.0186723
-0.0199921
-0.0210572
-0.0214219
-0.0204
-0.0147756
-0.0183065
-0.0209769
-0.0226907
-0.0242637
-0.0260488
-0.0280665
-0.0301151
-0.0317536
-0.0327411
-0.0283503
1.25572e-06
-0.00161897
-0.00331051
-0.0045648
-0.00505533
-0.00463124
-0.00324645
-0.000904739
0.00234942
0.00642051
0.00161518
-3.85358e-05
-0.00121092
-0.00191154
-0.00201008
-0.00139328
-1.47396e-05
0.00214249
0.00506982
0.00872232
0.00334859
0.00108479
-9.26381e-05
-0.00064559
-0.000625492
3.34035e-05
0.0013599
0.00338087
0.00611873
0.00957232
0.00452718
0.00158261
0.000242812
-0.000324689
-0.000321796
0.000277003
0.0014881
0.00335643
0.00594812
0.0093241
0.00459335
0.00111174
-0.000401959
-0.0010563
-0.00116296
-0.000719758
0.000295478
0.00196614
0.00442825
0.00785408
0.00317874
-0.0006227
-0.00228236
-0.00307554
-0.00337957
-0.00319725
-0.00247749
-0.00107102
0.00126524
0.00492018
0.000105205
-0.00376721
-0.00552196
-0.00649054
-0.00707547
-0.00727066
-0.00697458
-0.00594383
-0.00379224
0.000298165
-0.00462924
-0.00832519
-0.0101152
-0.0112846
-0.0122286
-0.0129291
-0.0132239
-0.0127587
-0.0110107
-0.00636267
-0.0108608
-0.0141604
-0.0159239
-0.0173024
-0.0186612
-0.0199801
-0.021041
-0.0213653
-0.0203832
-0.0151502
-0.0182736
-0.0210139
-0.02269
-0.0242568
-0.0260415
-0.0280558
-0.0300923
-0.0316128
-0.0324119
-0.0284632
1.49932e-06
-0.00161882
-0.00331042
-0.00456474
-0.00505529
-0.00463121
-0.00324643
-0.00090473
0.00234942
0.00642052
0.00161533
-3.84257e-05
-0.00121084
-0.00191149
-0.00201005
-0.00139326
-1.47243e-05
0.0021425
0.00506982
0.00872232
0.00334869
0.00108487
-9.25768e-05
-0.000645545
-0.000625462
3.3424e-05
0.00135992
0.00338087
0.00611873
0.00957232
0.00452724
0.00158267
0.000242857
-0.000324655
-0.000321773
0.000277019
0.00148811
0.00335644
0.00594812
0.0093241
0.00459339
0.00111177
-0.000401928
-0.00105627
-0.00116294
-0.000719746
0.000295486
0.00196615
0.00442825
0.00785408
0.00317877
-0.000622676
-0.00228234
-0.00307552
-0.00337956
-0.00319724
-0.00247749
-0.00107101
0.00126524
0.00492018
0.000105222
-0.00376719
-0.00552195
-0.00649053
-0.00707546
-0.00727066
-0.00697458
-0.00594383
-0.00379224
0.000298165
-0.00462923
-0.00832518
-0.0101152
-0.0112846
-0.0122286
-0.0129291
-0.0132239
-0.0127587
-0.0110107
-0.00636267
-0.0108608
-0.0141604
-0.0159239
-0.0173024
-0.0186612
-0.0199801
-0.021041
-0.0213653
-0.0203832
-0.0151502
-0.0182736
-0.0210138
-0.02269
-0.0242568
-0.0260415
-0.0280558
-0.0300923
-0.0316128
-0.0324119
-0.0284632
2.79621e-06
-0.00159734
-0.00327874
-0.00452422
-0.00500949
-0.00458324
-0.00319834
-0.000858539
0.00239137
0.00645558
0.00159816
-3.34882e-05
-0.00122797
-0.00193884
-0.00204254
-0.00142898
-5.05808e-05
0.00210916
0.00504057
0.00869708
0.00331851
0.00111118
-9.11716e-05
-0.000646478
-0.000623991
3.47778e-05
0.00136139
0.00338301
0.00612165
0.00957412
0.00448318
0.0016196
0.000242841
-0.000327807
-0.000320711
0.000278548
0.00149009
0.00335964
0.00595363
0.00932895
0.00453946
0.00115516
-0.000406743
-0.00106686
-0.00116934
-0.00072587
0.000290007
0.00196293
0.00443173
0.00786087
0.00312018
-0.000574621
-0.00228868
-0.00308901
-0.00338893
-0.00320657
-0.00248662
-0.00107837
0.00127121
0.00493906
4.74113e-05
-0.00371778
-0.00552873
-0.0065053
-0.00708674
-0.00728239
-0.00698759
-0.00595944
-0.00378442
0.000346108
-0.00468337
-0.00827789
-0.0101214
-0.011299
-0.0122403
-0.0129411
-0.0132375
-0.0127829
-0.0109876
-0.00619579
-0.0109061
-0.0141176
-0.0159282
-0.0173145
-0.0186723
-0.0199921
-0.0210572
-0.0214219
-0.0204
-0.0147756
-0.0183065
-0.0209769
-0.0226907
-0.0242637
-0.0260488
-0.0280665
-0.0301151
-0.0317536
-0.0327411
-0.0283503
0.0111812
0.0163809
0.0218855
0.0275673
0.0333412
0.039158
0.0449939
0.0508433
0.0567143
0.0626269
0.0686138
0.0747207
0.0810069
0.0875437
0.0944072
0.101666
0.10936
0.11747
0.125878
0.134346
0.012982
0.0177575
0.0228937
0.0282831
0.0338428
0.0395151
0.0452638
0.0510704
0.0569312
0.0628557
0.0688651
0.074992
0.0812789
0.0877751
0.0945307
0.101587
0.10896
0.116618
0.124463
0.132301
0.0136753
0.0182868
0.0232856
0.0285685
0.0340514
0.0396723
0.0453895
0.0511783
0.057029
0.062944
0.0689366
0.0750303
0.0812563
0.0876525
0.0942584
0.10111
0.108226
0.115595
0.123152
0.13075
0.0134455
0.0181015
0.023151
0.0284826
0.0340067
0.0396596
0.0453995
0.0512012
0.0570528
0.0629526
0.0689078
0.0749329
0.0810498
0.0872872
0.0936798
0.100268
0.107091
0.114178
0.121527
0.129064
0.0122491
0.0171986
0.0225074
0.0280504
0.0337338
0.0394999
0.0453152
0.0511613
0.0570291
0.0629156
0.0688227
0.074756
0.0807265
0.0867519
0.0928615
0.099102
0.105541
0.112268
0.119375
0.126933
0.0100362
0.0156322
0.0214462
0.0273659
0.0333126
0.0392541
0.0451811
0.0510914
0.0569847
0.0628597
0.0687135
0.0745422
0.0803431
0.0861192
0.0918878
0.097696
0.103639
0.109872
0.116625
0.124243
0.00693831
0.0136696
0.0202386
0.0266542
0.032909
0.0390365
0.0450729
0.0510426
0.0569576
0.0628196
0.0686206
0.0743455
0.0799749
0.0854906
0.0908873
0.0961957
0.101526
0.107092
0.113288
0.120968
0.00337081
0.0118385
0.0193163
0.0262246
0.032725
0.0389709
0.0450653
0.0510612
0.0569809
0.0628258
0.068581
0.0742183
0.0796983
0.084976
0.0900107
0.0947971
0.0994398
0.104165
0.109495
0.117092
0.00138176
0.0118214
0.0196201
0.0265578
0.0329975
0.0391731
0.0452181
0.0511854
0.057089
0.0629202
0.0686525
0.0742418
0.0796259
0.0847248
0.0894436
0.0937051
0.0975594
0.101025
0.104455
0.110765
0.00593125
0.0171494
0.0227932
0.0283249
0.0339881
0.0397466
0.0455813
0.0514555
0.0573325
0.0631751
0.0689377
0.0745565
0.0799408
0.0849599
0.0894269
0.0930797
0.0955637
0.096585
0.0953401
0.0968926
0.0111548
0.0163625
0.0218733
0.0275595
0.0333365
0.039155
0.0449918
0.0508416
0.0567124
0.0626246
0.0686107
0.0747166
0.0810019
0.0875377
0.0944008
0.10166
0.109356
0.11747
0.125886
0.134365
0.0130043
0.0177761
0.0229085
0.0282944
0.0338513
0.0395215
0.0452689
0.0510748
0.0569355
0.0628602
0.0688701
0.0749975
0.0812846
0.0877802
0.0945341
0.101587
0.108955
0.116605
0.124441
0.132271
0.0136781
0.0182916
0.0232909
0.0285735
0.0340557
0.0396758
0.0453921
0.0511804
0.0570306
0.0629452
0.0689377
0.0750312
0.081257
0.0876528
0.094258
0.101108
0.108223
0.115591
0.123146
0.130745
0.0134498
0.0181085
0.023158
0.0284889
0.0340117
0.0396633
0.0454021
0.051203
0.057054
0.0629535
0.0689083
0.0749333
0.0810502
0.0872874
0.0936797
0.100267
0.107089
0.114175
0.121521
0.129059
0.012261
0.017212
0.0225182
0.0280588
0.0337398
0.0395038
0.0453177
0.0511629
0.0570301
0.0629164
0.0688233
0.0747567
0.0807273
0.0867529
0.0928623
0.0991021
0.10554
0.112265
0.119365
0.126919
0.0100616
0.0156539
0.0214598
0.027375
0.0333179
0.0392569
0.0451825
0.051092
0.0569849
0.0628598
0.0687136
0.0745425
0.0803436
0.0861201
0.0918889
0.0976966
0.103639
0.109871
0.116608
0.124206
0.00700588
0.0137143
0.0202593
0.026665
0.0329136
0.0390379
0.0450731
0.0510423
0.0569573
0.0628194
0.0686206
0.0743459
0.0799756
0.0854919
0.0908891
0.0961966
0.101525
0.107087
0.113245
0.120865
0.00348558
0.0118852
0.0193258
0.0262282
0.0327245
0.038969
0.0450635
0.0510597
0.0569797
0.0628247
0.0685801
0.0742175
0.0796979
0.0849764
0.0900122
0.0947976
0.0994384
0.104171
0.109457
0.116927
0.00152513
0.0117579
0.0195489
0.0265274
0.0329817
0.0391635
0.0452121
0.0511809
0.0570845
0.0629152
0.0686466
0.0742347
0.0796179
0.0847172
0.0894393
0.0937061
0.0975786
0.101113
0.104575
0.110587
0.00677133
0.0172926
0.0228037
0.0283479
0.034003
0.0397536
0.0455853
0.0514583
0.057335
0.0631779
0.0689411
0.0745608
0.079946
0.0849656
0.0894313
0.0930771
0.0955544
0.0966161
0.0952785
0.0958294
0.0111548
0.0163625
0.0218733
0.0275595
0.0333365
0.039155
0.0449918
0.0508416
0.0567124
0.0626246
0.0686107
0.0747166
0.0810019
0.0875377
0.0944008
0.10166
0.109356
0.11747
0.125886
0.134365
0.0130043
0.0177761
0.0229085
0.0282944
0.0338513
0.0395215
0.0452689
0.0510748
0.0569355
0.0628602
0.0688701
0.0749975
0.0812846
0.0877802
0.0945341
0.101587
0.108955
0.116605
0.124441
0.132271
0.0136781
0.0182916
0.0232909
0.0285735
0.0340557
0.0396758
0.0453921
0.0511804
0.0570306
0.0629452
0.0689377
0.0750312
0.081257
0.0876528
0.094258
0.101108
0.108223
0.115591
0.123146
0.130745
0.0134498
0.0181085
0.023158
0.0284889
0.0340117
0.0396633
0.0454021
0.051203
0.057054
0.0629535
0.0689083
0.0749333
0.0810502
0.0872874
0.0936797
0.100267
0.107089
0.114175
0.121521
0.129059
0.012261
0.017212
0.0225182
0.0280588
0.0337398
0.0395038
0.0453177
0.0511629
0.0570301
0.0629164
0.0688233
0.0747567
0.0807273
0.0867529
0.0928623
0.0991021
0.10554
0.112265
0.119365
0.126919
0.0100616
0.0156539
0.0214598
0.027375
0.0333179
0.0392569
0.0451825
0.051092
0.0569849
0.0628598
0.0687136
0.0745425
0.0803436
0.0861201
0.0918889
0.0976966
0.103639
0.109871
0.116608
0.124206
0.00700588
0.0137143
0.0202593
0.026665
0.0329136
0.0390379
0.0450731
0.0510423
0.0569573
0.0628194
0.0686206
0.0743459
0.0799756
0.0854919
0.0908891
0.0961966
0.101525
0.107087
0.113245
0.120865
0.00348558
0.0118852
0.0193258
0.0262282
0.0327245
0.038969
0.0450635
0.0510597
0.0569797
0.0628247
0.0685801
0.0742175
0.0796979
0.0849764
0.0900122
0.0947976
0.0994384
0.104171
0.109457
0.116927
0.00152513
0.0117579
0.0195489
0.0265274
0.0329817
0.0391635
0.0452121
0.0511808
0.0570845
0.0629152
0.0686466
0.0742347
0.0796179
0.0847172
0.0894393
0.0937061
0.0975786
0.101113
0.104575
0.110587
0.00677133
0.0172926
0.0228037
0.0283479
0.034003
0.0397536
0.0455853
0.0514583
0.057335
0.0631779
0.0689411
0.0745608
0.079946
0.0849656
0.0894313
0.0930771
0.0955543
0.0966161
0.0952785
0.0958294
0.0111812
0.0163809
0.0218855
0.0275673
0.0333412
0.039158
0.0449939
0.0508433
0.0567143
0.0626269
0.0686138
0.0747207
0.0810069
0.0875436
0.0944072
0.101666
0.10936
0.11747
0.125878
0.134346
0.012982
0.0177575
0.0228937
0.0282831
0.0338428
0.0395151
0.0452638
0.0510704
0.0569312
0.0628557
0.0688651
0.074992
0.0812789
0.0877751
0.0945307
0.101587
0.10896
0.116618
0.124463
0.132301
0.0136753
0.0182868
0.0232856
0.0285685
0.0340514
0.0396723
0.0453895
0.0511783
0.057029
0.062944
0.0689366
0.0750303
0.0812563
0.0876525
0.0942584
0.10111
0.108226
0.115595
0.123152
0.13075
0.0134455
0.0181014
0.023151
0.0284826
0.0340067
0.0396596
0.0453995
0.0512012
0.0570528
0.0629526
0.0689078
0.0749329
0.0810498
0.0872872
0.0936798
0.100268
0.107091
0.114178
0.121527
0.129064
0.0122491
0.0171986
0.0225074
0.0280504
0.0337338
0.0394998
0.0453152
0.0511613
0.0570291
0.0629156
0.0688227
0.074756
0.0807265
0.0867519
0.0928615
0.099102
0.105541
0.112268
0.119375
0.126933
0.0100362
0.0156322
0.0214462
0.0273659
0.0333126
0.0392541
0.0451811
0.0510914
0.0569847
0.0628597
0.0687135
0.0745422
0.0803431
0.0861192
0.0918878
0.097696
0.103639
0.109872
0.116625
0.124243
0.00693831
0.0136696
0.0202386
0.0266542
0.032909
0.0390365
0.0450729
0.0510426
0.0569576
0.0628196
0.0686206
0.0743455
0.0799749
0.0854906
0.0908873
0.0961957
0.101526
0.107092
0.113288
0.120968
0.00337081
0.0118385
0.0193163
0.0262246
0.032725
0.0389709
0.0450653
0.0510612
0.0569809
0.0628258
0.068581
0.0742183
0.0796983
0.084976
0.0900107
0.0947971
0.0994398
0.104165
0.109495
0.117092
0.00138175
0.0118214
0.01962
0.0265578
0.0329975
0.0391731
0.0452181
0.0511854
0.057089
0.0629202
0.0686525
0.0742418
0.0796259
0.0847248
0.0894436
0.0937051
0.0975594
0.101025
0.104455
0.110765
0.00593125
0.0171494
0.0227932
0.0283249
0.0339881
0.0397466
0.0455813
0.0514555
0.0573325
0.0631751
0.0689377
0.0745565
0.0799408
0.0849599
0.0894269
0.0930797
0.0955637
0.096585
0.0953401
0.0968926
0.142505
0.149906
0.156132
0.160866
0.163943
0.165366
0.165312
0.164148
0.162427
0.16083
0.139836
0.146696
0.152538
0.157101
0.160248
0.16198
0.162447
0.161939
0.160794
0.159229
0.138122
0.144886
0.150695
0.15529
0.158534
0.160418
0.16107
0.160737
0.159599
0.157546
0.136549
0.143499
0.149517
0.154313
0.157733
0.159758
0.1605
0.160182
0.158889
0.156301
0.134764
0.14214
0.148574
0.153731
0.157433
0.159656
0.160508
0.160207
0.158788
0.155817
0.132745
0.140819
0.147871
0.153533
0.157614
0.160101
0.16111
0.160869
0.159405
0.156246
0.130696
0.139751
0.147571
0.153826
0.158333
0.161118
0.162324
0.1622
0.160789
0.157637
0.129055
0.139382
0.148021
0.15485
0.159741
0.162792
0.164199
0.164229
0.162957
0.159986
0.128066
0.140397
0.14981
0.15702
0.162089
0.165264
0.166799
0.166978
0.165902
0.16325
0.132451
0.146009
0.154589
0.161143
0.165754
0.168697
0.170184
0.170445
0.169577
0.167337
0.142537
0.149952
0.156186
0.160925
0.164002
0.16542
0.165356
0.164179
0.162445
0.160829
0.139799
0.146654
0.152491
0.157052
0.1602
0.161937
0.16241
0.161913
0.160789
0.159207
0.138123
0.14489
0.150701
0.155297
0.15854
0.160423
0.16107
0.160736
0.159617
0.157515
0.136556
0.143511
0.149531
0.154328
0.157747
0.159769
0.160503
0.160183
0.158917
0.15626
0.134771
0.142151
0.148586
0.153742
0.157442
0.159663
0.160507
0.160205
0.15882
0.155771
0.132756
0.140831
0.147883
0.153545
0.157624
0.160107
0.161108
0.160867
0.15944
0.156198
0.130718
0.139767
0.147585
0.153839
0.158343
0.161123
0.162322
0.162199
0.160825
0.157588
0.129196
0.139438
0.148045
0.154866
0.159748
0.162796
0.164195
0.164227
0.162991
0.159939
0.128395
0.140414
0.149787
0.157013
0.162083
0.165261
0.166794
0.166975
0.165931
0.163208
0.132339
0.145634
0.154423
0.161095
0.165736
0.16869
0.170179
0.170443
0.169602
0.167302
0.142537
0.149952
0.156186
0.160925
0.164002
0.16542
0.165356
0.164179
0.162445
0.160829
0.139799
0.146654
0.152491
0.157052
0.1602
0.161937
0.16241
0.161913
0.160789
0.159207
0.138123
0.14489
0.150701
0.155297
0.15854
0.160423
0.16107
0.160736
0.159617
0.157515
0.136556
0.143511
0.149531
0.154328
0.157747
0.159769
0.160503
0.160183
0.158917
0.15626
0.134771
0.142151
0.148586
0.153742
0.157442
0.159663
0.160507
0.160205
0.15882
0.155771
0.132756
0.140831
0.147883
0.153545
0.157624
0.160107
0.161108
0.160867
0.15944
0.156198
0.130718
0.139767
0.147585
0.153839
0.158343
0.161123
0.162322
0.162199
0.160825
0.157588
0.129196
0.139438
0.148045
0.154866
0.159748
0.162796
0.164195
0.164227
0.162991
0.159939
0.128395
0.140414
0.149787
0.157013
0.162083
0.165261
0.166794
0.166975
0.165931
0.163208
0.132339
0.145634
0.154423
0.161095
0.165736
0.16869
0.170179
0.170443
0.169602
0.167302
0.142505
0.149906
0.156132
0.160866
0.163943
0.165366
0.165312
0.164148
0.162427
0.16083
0.139836
0.146696
0.152538
0.157101
0.160248
0.16198
0.162447
0.161939
0.160794
0.159229
0.138122
0.144886
0.150695
0.15529
0.158534
0.160418
0.16107
0.160737
0.159599
0.157546
0.136549
0.143499
0.149517
0.154313
0.157733
0.159758
0.1605
0.160182
0.158889
0.156301
0.134764
0.14214
0.148574
0.153731
0.157433
0.159656
0.160508
0.160207
0.158788
0.155817
0.132745
0.140819
0.147871
0.153533
0.157614
0.160101
0.16111
0.160869
0.159405
0.156246
0.130696
0.139751
0.147571
0.153826
0.158333
0.161118
0.162324
0.1622
0.160789
0.157637
0.129055
0.139382
0.148021
0.15485
0.159741
0.162792
0.164199
0.164229
0.162957
0.159986
0.128066
0.140397
0.14981
0.15702
0.162089
0.165264
0.166799
0.166978
0.165902
0.16325
0.132451
0.146009
0.154589
0.161143
0.165754
0.168697
0.170184
0.170445
0.169577
0.167337
0.166685
0.162134
0.164134
0.167723
0.170848
0.17309
0.174313
0.174565
0.173887
0.172094
0.177842
0.172532
0.172574
0.174438
0.176439
0.178045
0.178984
0.1792
0.178695
0.177338
0.18342
0.180286
0.180021
0.180989
0.182248
0.18336
0.18405
0.184226
0.183869
0.182898
0.188879
0.187178
0.186899
0.187387
0.188162
0.188909
0.189398
0.189535
0.1893
0.188647
0.194466
0.193578
0.193378
0.193631
0.194106
0.194596
0.194933
0.195038
0.194897
0.194495
0.200154
0.199731
0.199622
0.199761
0.200049
0.200361
0.200584
0.200662
0.20059
0.20038
0.205946
0.205792
0.20575
0.205825
0.205986
0.206166
0.206298
0.206347
0.206323
0.206258
0.211829
0.211851
0.211843
0.211863
0.211921
0.211988
0.212033
0.212044
0.212045
0.212094
0.217832
0.217961
0.217958
0.217913
0.217862
0.217808
0.217754
0.217708
0.217711
0.217842
0.223991
0.224182
0.224148
0.224005
0.223816
0.223612
0.223429
0.223297
0.223271
0.223452
0.230374
0.230575
0.23046
0.23017
0.229791
0.229388
0.229027
0.228765
0.228671
0.228861
0.237071
0.237206
0.236942
0.236433
0.235793
0.235121
0.23452
0.234072
0.233857
0.233991
0.244201
0.244145
0.243633
0.242815
0.241824
0.2408
0.239883
0.239179
0.238773
0.238758
0.251908
0.251451
0.250558
0.24932
0.247878
0.246413
0.2451
0.244066
0.24338
0.243077
0.260369
0.259135
0.25769
0.255915
0.253929
0.251949
0.250174
0.248737
0.247667
0.24688
0.269697
0.267165
0.264916
0.262492
0.259908
0.257393
0.255133
0.253243
0.251668
0.25015
0.279949
0.275211
0.271891
0.268785
0.265656
0.262698
0.260029
0.257693
0.255504
0.252934
0.290802
0.282509
0.277912
0.274272
0.270855
0.267754
0.264927
0.262277
0.259403
0.255404
0.302244
0.288076
0.281807
0.278009
0.274893
0.272296
0.26987
0.267258
0.263741
0.257908
0.313241
0.288331
0.280378
0.277826
0.276514
0.275757
0.274814
0.27298
0.269086
0.26105
0.167524
0.162278
0.164249
0.16779
0.170873
0.173102
0.174317
0.174568
0.173909
0.172068
0.177985
0.172469
0.17262
0.174482
0.176461
0.178058
0.178991
0.179205
0.178713
0.177319
0.183431
0.180215
0.18003
0.181009
0.182261
0.183371
0.184057
0.184231
0.183884
0.182886
0.188902
0.187148
0.186903
0.187398
0.188171
0.188917
0.189404
0.18954
0.18931
0.18864
0.19448
0.193564
0.193378
0.193636
0.194111
0.194602
0.194938
0.195042
0.194904
0.194491
0.20016
0.199724
0.199621
0.199762
0.200052
0.200364
0.200587
0.200664
0.200594
0.200378
0.205948
0.20579
0.205749
0.205825
0.205988
0.206169
0.2063
0.206349
0.206324
0.206258
0.211829
0.211852
0.211842
0.211863
0.211922
0.211989
0.212034
0.212045
0.212044
0.212095
0.21783
0.217964
0.217958
0.217912
0.217862
0.217809
0.217755
0.217709
0.217708
0.217845
0.223988
0.224187
0.224148
0.224004
0.223816
0.223613
0.22343
0.223297
0.223267
0.223456
0.230369
0.23058
0.23046
0.230169
0.22979
0.229388
0.229028
0.228765
0.228667
0.228865
0.237065
0.23721
0.236941
0.236432
0.235792
0.23512
0.23452
0.234072
0.233853
0.233996
0.244196
0.244146
0.243631
0.242813
0.241823
0.240799
0.239883
0.23918
0.238771
0.238763
0.251903
0.251446
0.250554
0.249317
0.247876
0.246411
0.2451
0.244068
0.243382
0.243081
0.260368
0.259116
0.257684
0.255911
0.253925
0.251948
0.250174
0.24874
0.247677
0.246881
0.269709
0.267128
0.264909
0.262489
0.259904
0.257391
0.255133
0.253248
0.25169
0.250145
0.28
0.275141
0.271885
0.268784
0.26565
0.262696
0.260029
0.257702
0.255543
0.252919
0.290867
0.282335
0.277888
0.27427
0.270847
0.267753
0.264929
0.26229
0.259467
0.255375
0.302359
0.287752
0.281812
0.278052
0.274908
0.272309
0.269878
0.267279
0.263839
0.257859
0.314572
0.288439
0.280673
0.27801
0.276582
0.275791
0.27483
0.27301
0.269229
0.260974
0.167524
0.162278
0.164249
0.16779
0.170873
0.173102
0.174317
0.174568
0.173909
0.172068
0.177985
0.172469
0.17262
0.174482
0.176461
0.178058
0.178991
0.179205
0.178713
0.177319
0.183431
0.180215
0.18003
0.181009
0.182261
0.183371
0.184057
0.184231
0.183884
0.182886
0.188902
0.187148
0.186903
0.187398
0.188171
0.188917
0.189404
0.18954
0.18931
0.18864
0.19448
0.193564
0.193378
0.193636
0.194111
0.194602
0.194938
0.195042
0.194904
0.194491
0.20016
0.199724
0.199621
0.199762
0.200052
0.200364
0.200587
0.200664
0.200594
0.200378
0.205948
0.20579
0.205749
0.205825
0.205988
0.206169
0.2063
0.206349
0.206324
0.206258
0.211829
0.211852
0.211842
0.211863
0.211922
0.211989
0.212034
0.212045
0.212044
0.212095
0.21783
0.217964
0.217958
0.217912
0.217862
0.217809
0.217755
0.217709
0.217708
0.217845
0.223988
0.224187
0.224148
0.224004
0.223816
0.223613
0.22343
0.223297
0.223267
0.223456
0.230369
0.23058
0.23046
0.230169
0.22979
0.229388
0.229028
0.228765
0.228667
0.228865
0.237065
0.23721
0.236941
0.236432
0.235792
0.23512
0.23452
0.234072
0.233853
0.233996
0.244196
0.244146
0.243631
0.242813
0.241823
0.240799
0.239883
0.23918
0.238771
0.238763
0.251903
0.251446
0.250554
0.249317
0.247876
0.246411
0.2451
0.244068
0.243382
0.243081
0.260368
0.259116
0.257684
0.255911
0.253925
0.251948
0.250174
0.24874
0.247677
0.246881
0.269709
0.267128
0.264909
0.262489
0.259904
0.257391
0.255133
0.253248
0.25169
0.250145
0.28
0.275141
0.271885
0.268784
0.26565
0.262696
0.260029
0.257702
0.255543
0.252919
0.290867
0.282335
0.277888
0.27427
0.270847
0.267753
0.264929
0.26229
0.259467
0.255375
0.302359
0.287752
0.281812
0.278052
0.274908
0.272309
0.269878
0.267279
0.263839
0.257859
0.314572
0.288439
0.280673
0.27801
0.276582
0.275791
0.27483
0.27301
0.269229
0.260974
0.166685
0.162134
0.164134
0.167723
0.170848
0.17309
0.174313
0.174565
0.173887
0.172094
0.177842
0.172532
0.172574
0.174438
0.176439
0.178045
0.178984
0.1792
0.178695
0.177338
0.183421
0.180286
0.180021
0.180989
0.182248
0.18336
0.18405
0.184226
0.183869
0.182898
0.188879
0.187178
0.186899
0.187387
0.188162
0.188909
0.189398
0.189535
0.1893
0.188647
0.194466
0.193578
0.193378
0.193631
0.194106
0.194596
0.194933
0.195038
0.194897
0.194495
0.200154
0.199731
0.199622
0.199761
0.200049
0.200361
0.200584
0.200662
0.20059
0.20038
0.205946
0.205792
0.20575
0.205825
0.205986
0.206166
0.206298
0.206347
0.206323
0.206258
0.211829
0.211851
0.211843
0.211863
0.211921
0.211988
0.212033
0.212044
0.212045
0.212094
0.217832
0.217961
0.217958
0.217913
0.217862
0.217808
0.217754
0.217708
0.217711
0.217842
0.223991
0.224182
0.224148
0.224005
0.223816
0.223612
0.223429
0.223297
0.223271
0.223452
0.230374
0.230575
0.23046
0.23017
0.229791
0.229388
0.229027
0.228765
0.228671
0.228861
0.237071
0.237206
0.236942
0.236433
0.235793
0.235121
0.23452
0.234072
0.233857
0.233991
0.244201
0.244145
0.243633
0.242815
0.241824
0.2408
0.239883
0.239179
0.238773
0.238758
0.251908
0.251451
0.250558
0.24932
0.247878
0.246413
0.2451
0.244066
0.24338
0.243077
0.260369
0.259135
0.25769
0.255915
0.253929
0.251949
0.250174
0.248737
0.247667
0.24688
0.269697
0.267165
0.264916
0.262492
0.259908
0.257393
0.255133
0.253243
0.251668
0.25015
0.279949
0.275211
0.271891
0.268785
0.265656
0.262698
0.260029
0.257693
0.255504
0.252934
0.290802
0.282509
0.277912
0.274272
0.270855
0.267754
0.264927
0.262277
0.259403
0.255404
0.302244
0.288076
0.281807
0.278009
0.274893
0.272296
0.26987
0.267258
0.263741
0.257908
0.313241
0.288331
0.280378
0.277826
0.276514
0.275757
0.274814
0.27298
0.269086
0.26105
0.252786
0.261397
0.266629
0.270729
0.274291
0.277538
0.279752
0.279932
0.276292
0.265819
0.223662
0.239472
0.250698
0.260248
0.269333
0.277988
0.285068
0.288905
0.286626
0.273785
0.206185
0.221511
0.234872
0.248376
0.262843
0.277819
0.291472
0.301055
0.301923
0.287407
0.192677
0.206515
0.220713
0.237145
0.256589
0.27842
0.300275
0.318145
0.32488
0.310628
0.18285
0.195508
0.210188
0.228956
0.252964
0.28193
0.313527
0.342752
0.359474
0.34991
0.176955
0.189304
0.204817
0.225911
0.254368
0.290767
0.333707
0.378166
0.411289
0.415361
0.174806
0.187901
0.205007
0.228914
0.262165
0.30663
0.362876
0.427595
0.486828
0.5213
0.175515
0.190091
0.209358
0.236498
0.274966
0.328403
0.400471
0.491252
0.591037
0.694895
0.177454
0.193151
0.213856
0.243044
0.285132
0.346016
0.434005
0.557327
0.726165
1.00602
0.178809
0.194013
0.213531
0.240739
0.280328
0.339649
0.432694
0.586987
0.873348
1.49047
0.253126
0.260933
0.266502
0.270719
0.274289
0.277547
0.279756
0.279966
0.276487
0.265706
0.224081
0.239397
0.250632
0.260214
0.269311
0.277982
0.28506
0.288942
0.286888
0.273632
0.20644
0.221529
0.23484
0.248335
0.262802
0.277792
0.291441
0.301089
0.302264
0.287212
0.192766
0.206499
0.220661
0.237076
0.256515
0.278353
0.3002
0.318161
0.32529
0.310389
0.182876
0.195475
0.210118
0.228859
0.252849
0.281807
0.313388
0.342728
0.359907
0.349655
0.176963
0.189267
0.204738
0.225791
0.254209
0.290567
0.333465
0.378048
0.411644
0.415314
0.174821
0.187879
0.20494
0.228791
0.261968
0.306317
0.362444
0.427259
0.486806
0.52179
0.175559
0.190125
0.209379
0.236498
0.274914
0.328202
0.400093
0.490905
0.589741
0.694577
0.177523
0.193263
0.214041
0.243334
0.285563
0.346576
0.434747
0.557929
0.722933
1.00373
0.17886
0.194051
0.21355
0.240742
0.28034
0.339724
0.433051
0.587421
0.869659
1.49972
0.253126
0.260933
0.266502
0.270719
0.274289
0.277547
0.279756
0.279966
0.276487
0.265706
0.224081
0.239397
0.250632
0.260214
0.269311
0.277982
0.28506
0.288942
0.286888
0.273632
0.20644
0.221529
0.23484
0.248335
0.262802
0.277792
0.291441
0.301089
0.302264
0.287212
0.192766
0.206499
0.220661
0.237076
0.256515
0.278353
0.3002
0.318161
0.32529
0.310389
0.182876
0.195475
0.210118
0.228859
0.252849
0.281807
0.313388
0.342728
0.359907
0.349655
0.176963
0.189267
0.204738
0.225791
0.254209
0.290567
0.333465
0.378048
0.411644
0.415314
0.174821
0.187879
0.20494
0.228791
0.261968
0.306317
0.362444
0.427259
0.486806
0.52179
0.175559
0.190125
0.209379
0.236498
0.274914
0.328202
0.400093
0.490905
0.589741
0.694577
0.177523
0.193263
0.214041
0.243334
0.285563
0.346576
0.434747
0.557929
0.722933
1.00373
0.17886
0.194051
0.21355
0.240742
0.28034
0.339724
0.433051
0.587421
0.869659
1.49972
0.252786
0.261397
0.266629
0.270729
0.274291
0.277538
0.279752
0.279932
0.276292
0.265819
0.223662
0.239472
0.250698
0.260248
0.269333
0.277988
0.285068
0.288905
0.286626
0.273785
0.206185
0.221511
0.234872
0.248376
0.262843
0.277819
0.291472
0.301055
0.301923
0.287407
0.192677
0.206515
0.220713
0.237145
0.256589
0.27842
0.300275
0.318145
0.32488
0.310628
0.18285
0.195508
0.210188
0.228956
0.252964
0.28193
0.313527
0.342752
0.359474
0.34991
0.176955
0.189304
0.204817
0.225911
0.254368
0.290767
0.333707
0.378166
0.411289
0.415361
0.174806
0.187901
0.205007
0.228914
0.262165
0.30663
0.362876
0.427595
0.486828
0.5213
0.175515
0.190091
0.209358
0.236498
0.274966
0.328403
0.400471
0.491252
0.591037
0.694895
0.177454
0.193151
0.213856
0.243044
0.285132
0.346016
0.434005
0.557327
0.726165
1.00602
0.178809
0.194013
0.213531
0.240739
0.280328
0.339649
0.432694
0.586987
0.873348
1.49047
-0.153727
-0.133061
-0.115021
-0.098382
-0.0817665
-0.0649674
-0.0479763
-0.0308285
-0.0135846
0.00368434
0.0209019
0.0379959
0.0549003
0.0715663
0.0880206
0.104451
0.121341
0.139729
0.162917
0.200677
-0.139772
-0.126288
-0.111768
-0.0965173
-0.0805871
-0.0641872
-0.0474527
-0.0304804
-0.0133549
0.0038493
0.0210669
0.0382394
0.0553272
0.0723336
0.0893304
0.106524
0.124312
0.143316
0.165046
0.192951
-0.136564
-0.12457
-0.11087
-0.0960126
-0.0803174
-0.0640488
-0.0473799
-0.0304328
-0.0133015
0.0039394
0.021229
0.0385183
0.055774
0.0729895
0.0902036
0.107533
0.12519
0.143469
0.162925
0.184461
-0.137755
-0.125453
-0.111576
-0.0965847
-0.080786
-0.0644206
-0.0476577
-0.0306177
-0.0133884
0.00396334
0.0213846
0.0388301
0.0562596
0.0736375
0.0909368
0.108146
0.125265
0.142295
0.159294
0.176363
-0.140452
-0.127474
-0.113107
-0.0977359
-0.0816446
-0.0650493
-0.0481019
-0.0309071
-0.0135381
0.00395182
0.0215187
0.0391189
0.0567
0.0741913
0.091495
0.108481
0.124975
0.140774
0.155706
0.169733
-0.142882
-0.129288
-0.114453
-0.0987193
-0.0823521
-0.0655468
-0.0484371
-0.0311116
-0.0136298
0.00396577
0.021637
0.0393382
0.0570025
0.0745266
0.091756
0.108485
0.124429
0.139303
0.152897
0.165272
-0.143385
-0.129551
-0.114582
-0.098769
-0.0823557
-0.065522
-0.0483924
-0.0310495
-0.0135487
0.00406859
0.021762
0.0394788
0.057138
0.0746143
0.0917229
0.108217
0.123798
0.138183
0.151233
0.163165
-0.141084
-0.127607
-0.11302
-0.0975575
-0.0814377
-0.0648367
-0.0478845
-0.0306736
-0.0132701
0.00427333
0.0219052
0.0395603
0.0571454
0.074524
0.0915046
0.107843
0.123271
0.137566
0.150696
0.163018
-0.13599
-0.123646
-0.110035
-0.0953634
-0.0798563
-0.063714
-0.0470971
-0.0301282
-0.0128998
0.00451411
0.0220468
0.0396175
0.0571239
0.0744281
0.0913456
0.107652
0.123117
0.137574
0.15106
0.164004
-0.127734
-0.117686
-0.105833
-0.092463
-0.0778914
-0.0624048
-0.0462388
-0.0295757
-0.0125527
0.00472412
0.0221648
0.0396871
0.057188
0.0745321
0.091545
0.108014
0.123713
0.138466
0.152261
0.165421
-0.154109
-0.132944
-0.115006
-0.0984044
-0.0817793
-0.064975
-0.0479816
-0.0308319
-0.0135863
0.00368397
0.0209025
0.0379967
0.0549003
0.0715634
0.0880109
0.104431
0.121318
0.13968
0.162587
0.200077
-0.139714
-0.126118
-0.11169
-0.0964804
-0.0805607
-0.0641687
-0.0474401
-0.0304719
-0.0133494
0.00385271
0.0210693
0.0382422
0.0553325
0.0723444
0.0893497
0.106556
0.124371
0.143387
0.164945
0.192694
-0.136624
-0.124544
-0.110846
-0.0959943
-0.0803026
-0.0640381
-0.0473725
-0.0304277
-0.0132979
0.00394179
0.0212305
0.0385192
0.0557747
0.0729898
0.0902022
0.107528
0.125184
0.143451
0.162834
0.184376
-0.137801
-0.125453
-0.111567
-0.0965753
-0.0807776
-0.064414
-0.047653
-0.0306143
-0.0133861
0.00396499
0.0213857
0.0388309
0.05626
0.0736371
0.0909345
0.10814
0.125254
0.142273
0.159243
0.176333
-0.140479
-0.127482
-0.113109
-0.0977359
-0.0816435
-0.0650482
-0.048101
-0.0309065
-0.0135377
0.00395207
0.0215189
0.0391193
0.0567007
0.0741923
0.0914957
0.10848
0.124973
0.140768
0.155691
0.169728
-0.14292
-0.129313
-0.11447
-0.0987314
-0.0823605
-0.0655526
-0.0484412
-0.0311146
-0.013632
0.00396423
0.021636
0.0393377
0.0570027
0.0745276
0.0917579
0.108486
0.124431
0.139305
0.152899
0.165278
-0.143427
-0.129583
-0.114605
-0.0987859
-0.0823678
-0.0655306
-0.0483985
-0.0310539
-0.0135519
0.00406614
0.0217602
0.0394774
0.0571374
0.0746147
0.091725
0.108221
0.123805
0.138195
0.151249
0.163184
-0.14112
-0.127632
-0.113037
-0.097568
-0.0814442
-0.0648407
-0.047887
-0.0306752
-0.0132714
0.00427194
0.0219034
0.0395581
0.0571432
0.0745223
0.0915047
0.107847
0.123281
0.137585
0.150725
0.163057
-0.136089
-0.123708
-0.110072
-0.0953842
-0.0798671
-0.063719
-0.047099
-0.0301286
-0.0128999
0.00451345
0.0220451
0.0396142
0.0571189
0.0744215
0.0913384
0.107647
0.123115
0.137583
0.151084
0.164047
-0.127676
-0.117647
-0.105806
-0.092445
-0.0778795
-0.0623972
-0.0462343
-0.0295735
-0.0125522
0.00472365
0.0221637
0.0396862
0.0571882
0.074535
0.091553
0.10803
0.12374
0.138506
0.152312
0.165477
-0.154109
-0.132944
-0.115006
-0.0984044
-0.0817793
-0.064975
-0.0479816
-0.0308319
-0.0135863
0.00368397
0.0209025
0.0379967
0.0549003
0.0715634
0.0880109
0.104431
0.121318
0.13968
0.162587
0.200077
-0.139714
-0.126118
-0.11169
-0.0964804
-0.0805607
-0.0641687
-0.0474401
-0.0304719
-0.0133494
0.00385271
0.0210693
0.0382422
0.0553325
0.0723444
0.0893497
0.106556
0.124371
0.143387
0.164945
0.192694
-0.136624
-0.124544
-0.110846
-0.0959943
-0.0803026
-0.0640381
-0.0473725
-0.0304277
-0.0132979
0.00394179
0.0212305
0.0385192
0.0557747
0.0729898
0.0902022
0.107528
0.125184
0.143451
0.162834
0.184376
-0.137801
-0.125453
-0.111567
-0.0965753
-0.0807776
-0.064414
-0.047653
-0.0306143
-0.0133861
0.00396499
0.0213857
0.0388309
0.05626
0.0736371
0.0909345
0.10814
0.125254
0.142273
0.159243
0.176333
-0.140479
-0.127482
-0.113109
-0.0977359
-0.0816435
-0.0650482
-0.048101
-0.0309065
-0.0135377
0.00395207
0.0215189
0.0391193
0.0567007
0.0741923
0.0914957
0.10848
0.124973
0.140768
0.155691
0.169728
-0.14292
-0.129313
-0.11447
-0.0987314
-0.0823605
-0.0655526
-0.0484412
-0.0311146
-0.013632
0.00396423
0.021636
0.0393377
0.0570027
0.0745276
0.0917579
0.108486
0.124431
0.139305
0.152899
0.165278
-0.143427
-0.129583
-0.114605
-0.0987859
-0.0823678
-0.0655306
-0.0483985
-0.0310539
-0.0135519
0.00406614
0.0217602
0.0394774
0.0571374
0.0746147
0.091725
0.108221
0.123805
0.138195
0.151249
0.163184
-0.14112
-0.127632
-0.113037
-0.097568
-0.0814442
-0.0648407
-0.047887
-0.0306752
-0.0132714
0.00427194
0.0219034
0.0395581
0.0571432
0.0745223
0.0915047
0.107847
0.123281
0.137585
0.150725
0.163057
-0.136089
-0.123708
-0.110072
-0.0953842
-0.0798671
-0.063719
-0.047099
-0.0301286
-0.0128999
0.00451346
0.0220451
0.0396142
0.0571189
0.0744215
0.0913384
0.107647
0.123115
0.137583
0.151084
0.164047
-0.127676
-0.117647
-0.105806
-0.092445
-0.0778795
-0.0623972
-0.0462343
-0.0295735
-0.0125522
0.00472365
0.0221637
0.0396862
0.0571882
0.074535
0.091553
0.10803
0.12374
0.138506
0.152312
0.165477
-0.153727
-0.133061
-0.115021
-0.098382
-0.0817665
-0.0649674
-0.0479763
-0.0308285
-0.0135846
0.00368434
0.0209019
0.0379959
0.0549003
0.0715663
0.0880206
0.104451
0.121341
0.139729
0.162917
0.200677
-0.139772
-0.126288
-0.111768
-0.0965173
-0.0805871
-0.0641872
-0.0474527
-0.0304804
-0.0133549
0.0038493
0.0210669
0.0382394
0.0553272
0.0723336
0.0893304
0.106524
0.124312
0.143316
0.165046
0.192951
-0.136564
-0.12457
-0.11087
-0.0960126
-0.0803174
-0.0640488
-0.0473799
-0.0304328
-0.0133015
0.0039394
0.021229
0.0385183
0.055774
0.0729895
0.0902036
0.107533
0.12519
0.143469
0.162925
0.184461
-0.137755
-0.125453
-0.111576
-0.0965847
-0.080786
-0.0644206
-0.0476577
-0.0306177
-0.0133884
0.00396335
0.0213846
0.0388301
0.0562596
0.0736375
0.0909368
0.108146
0.125265
0.142295
0.159294
0.176363
-0.140452
-0.127474
-0.113107
-0.0977359
-0.0816446
-0.0650493
-0.0481019
-0.0309071
-0.0135381
0.00395182
0.0215187
0.0391189
0.0567
0.0741913
0.091495
0.108481
0.124975
0.140774
0.155706
0.169733
-0.142882
-0.129288
-0.114453
-0.0987193
-0.0823521
-0.0655468
-0.0484371
-0.0311116
-0.0136298
0.00396577
0.021637
0.0393382
0.0570025
0.0745266
0.091756
0.108485
0.124429
0.139303
0.152897
0.165272
-0.143385
-0.129551
-0.114582
-0.098769
-0.0823557
-0.065522
-0.0483924
-0.0310495
-0.0135487
0.00406859
0.021762
0.0394788
0.057138
0.0746143
0.0917229
0.108217
0.123798
0.138183
0.151233
0.163165
-0.141084
-0.127607
-0.11302
-0.0975575
-0.0814377
-0.0648367
-0.0478845
-0.0306736
-0.0132701
0.00427333
0.0219052
0.0395603
0.0571454
0.074524
0.0915046
0.107843
0.123271
0.137566
0.150696
0.163018
-0.13599
-0.123646
-0.110035
-0.0953634
-0.0798563
-0.063714
-0.0470972
-0.0301282
-0.0128998
0.00451412
0.0220468
0.0396175
0.0571239
0.0744281
0.0913456
0.107652
0.123117
0.137574
0.15106
0.164004
-0.127734
-0.117686
-0.105833
-0.092463
-0.0778914
-0.0624048
-0.0462388
-0.0295757
-0.0125527
0.00472412
0.0221648
0.0396871
0.057188
0.0745321
0.091545
0.108014
0.123713
0.138466
0.152261
0.165421
-0.157163
-0.159888
-0.16034
-0.159268
-0.157205
-0.154616
-0.15206
-0.150101
-0.150385
-0.156447
-0.164588
-0.168397
-0.168784
-0.167054
-0.164043
-0.160275
-0.156226
-0.152203
-0.148735
-0.146402
-0.173774
-0.178834
-0.178891
-0.176179
-0.17204
-0.167123
-0.161869
-0.156446
-0.150908
-0.145021
-0.186045
-0.192308
-0.191402
-0.18708
-0.181428
-0.17525
-0.168915
-0.162406
-0.155473
-0.147631
-0.203706
-0.210425
-0.20713
-0.19998
-0.19203
-0.18416
-0.176569
-0.168967
-0.160824
-0.151534
-0.231171
-0.235519
-0.226733
-0.214586
-0.202993
-0.192647
-0.183381
-0.174527
-0.165266
-0.154874
-0.277329
-0.270839
-0.250362
-0.229715
-0.212522
-0.198672
-0.187286
-0.177082
-0.166894
-0.155823
-0.361265
-0.319141
-0.276774
-0.242995
-0.217913
-0.199749
-0.186168
-0.174954
-0.164385
-0.153298
-0.538239
-0.375424
-0.293511
-0.244006
-0.21148
-0.190638
-0.176806
-0.166329
-0.156856
-0.146984
-0.923243
-0.430246
-0.263146
-0.205307
-0.175778
-0.160325
-0.152386
-0.147188
-0.142106
-0.135825
-0.157134
-0.159949
-0.160354
-0.15927
-0.157204
-0.154612
-0.152071
-0.150098
-0.150213
-0.15658
-0.164542
-0.168483
-0.168794
-0.167042
-0.164025
-0.160246
-0.156191
-0.152133
-0.148537
-0.146262
-0.17371
-0.178955
-0.178892
-0.176149
-0.172007
-0.167086
-0.161834
-0.156406
-0.150851
-0.145041
-0.185966
-0.192472
-0.191384
-0.187023
-0.18138
-0.175206
-0.168881
-0.16238
-0.155454
-0.147659
-0.203619
-0.210627
-0.20707
-0.199888
-0.191966
-0.184114
-0.176541
-0.168955
-0.160823
-0.151555
-0.231133
-0.235695
-0.226582
-0.21445
-0.202921
-0.192611
-0.183373
-0.17454
-0.165293
-0.154913
-0.277569
-0.270777
-0.249985
-0.229479
-0.212411
-0.198628
-0.187279
-0.177104
-0.166933
-0.155869
-0.361595
-0.318401
-0.276352
-0.242884
-0.217905
-0.199784
-0.186221
-0.175011
-0.164438
-0.153345
-0.536125
-0.37297
-0.294267
-0.245122
-0.212248
-0.191205
-0.177236
-0.166639
-0.157073
-0.147134
-0.93116
-0.425969
-0.262918
-0.205503
-0.175419
-0.159961
-0.152144
-0.147017
-0.141983
-0.13574
-0.157134
-0.159949
-0.160354
-0.15927
-0.157204
-0.154612
-0.152071
-0.150098
-0.150213
-0.15658
-0.164542
-0.168483
-0.168794
-0.167042
-0.164025
-0.160246
-0.156191
-0.152133
-0.148537
-0.146262
-0.17371
-0.178955
-0.178892
-0.176149
-0.172007
-0.167086
-0.161834
-0.156406
-0.150851
-0.145041
-0.185966
-0.192472
-0.191384
-0.187023
-0.18138
-0.175206
-0.168881
-0.16238
-0.155454
-0.147659
-0.203619
-0.210627
-0.20707
-0.199888
-0.191966
-0.184114
-0.176541
-0.168955
-0.160823
-0.151555
-0.231133
-0.235695
-0.226582
-0.21445
-0.202921
-0.192611
-0.183373
-0.17454
-0.165293
-0.154913
-0.277569
-0.270777
-0.249985
-0.229479
-0.212411
-0.198628
-0.187279
-0.177104
-0.166933
-0.155869
-0.361595
-0.318401
-0.276352
-0.242884
-0.217905
-0.199784
-0.186221
-0.175011
-0.164438
-0.153345
-0.536125
-0.37297
-0.294267
-0.245122
-0.212248
-0.191205
-0.177236
-0.166639
-0.157073
-0.147134
-0.93116
-0.425969
-0.262918
-0.205503
-0.175419
-0.159961
-0.152144
-0.147017
-0.141983
-0.13574
-0.157163
-0.159888
-0.16034
-0.159268
-0.157205
-0.154616
-0.15206
-0.150101
-0.150385
-0.156447
-0.164588
-0.168397
-0.168784
-0.167054
-0.164043
-0.160275
-0.156226
-0.152203
-0.148735
-0.146402
-0.173774
-0.178834
-0.178891
-0.176179
-0.17204
-0.167123
-0.161869
-0.156446
-0.150908
-0.145021
-0.186045
-0.192308
-0.191402
-0.18708
-0.181428
-0.17525
-0.168915
-0.162406
-0.155473
-0.147631
-0.203706
-0.210425
-0.20713
-0.19998
-0.19203
-0.18416
-0.176569
-0.168967
-0.160824
-0.151534
-0.231171
-0.235519
-0.226733
-0.214586
-0.202993
-0.192647
-0.183381
-0.174527
-0.165266
-0.154874
-0.277329
-0.270839
-0.250362
-0.229715
-0.212522
-0.198672
-0.187286
-0.177082
-0.166894
-0.155823
-0.361265
-0.319141
-0.276774
-0.242995
-0.217913
-0.199749
-0.186168
-0.174954
-0.164385
-0.153298
-0.538239
-0.375424
-0.293511
-0.244006
-0.21148
-0.190638
-0.176806
-0.166329
-0.156856
-0.146984
-0.923243
-0.430246
-0.263146
-0.205307
-0.175778
-0.160325
-0.152386
-0.147188
-0.142106
-0.135825
-0.0264647
-0.0285111
-0.0300632
-0.031749
-0.0338804
-0.0365708
-0.0398471
-0.0437249
-0.0500588
-0.0639519
-0.0349328
-0.0363496
-0.0376618
-0.0392876
-0.0414398
-0.0441903
-0.047529
-0.0513248
-0.0563699
-0.0654955
-0.0433419
-0.0441953
-0.0452196
-0.0466371
-0.0485483
-0.0509442
-0.0537254
-0.0566543
-0.0597979
-0.0642432
-0.051453
-0.0518546
-0.0525903
-0.053726
-0.0552757
-0.0571778
-0.0592908
-0.0613787
-0.0632615
-0.0652609
-0.0591471
-0.0592294
-0.0597086
-0.0605507
-0.0617154
-0.0631203
-0.0646202
-0.0660196
-0.067114
-0.0677427
-0.0664064
-0.0662877
-0.0665623
-0.0671409
-0.0679569
-0.0689276
-0.0699263
-0.0708034
-0.0713734
-0.0713947
-0.0732696
-0.0730459
-0.0731722
-0.0735368
-0.0740677
-0.0746948
-0.0753196
-0.0758343
-0.0760898
-0.0758621
-0.0798048
-0.0795459
-0.0795745
-0.0797796
-0.0800951
-0.0804685
-0.0808299
-0.0811062
-0.0811853
-0.0808829
-0.086088
-0.0858388
-0.0858106
-0.0859053
-0.0860688
-0.0862655
-0.0864502
-0.0865767
-0.0865644
-0.0862708
-0.0921893
-0.0919754
-0.0919207
-0.0919449
-0.0920075
-0.0920876
-0.09216
-0.0921981
-0.0921455
-0.0918963
-0.0981668
-0.0980011
-0.0979407
-0.0979241
-0.0979234
-0.0979304
-0.0979357
-0.0979266
-0.0978645
-0.0976709
-0.104064
-0.103953
-0.103901
-0.103864
-0.103825
-0.103787
-0.103755
-0.103726
-0.103673
-0.103536
-0.109913
-0.109861
-0.109828
-0.109782
-0.109717
-0.109649
-0.109597
-0.109567
-0.109539
-0.109457
-0.115729
-0.115749
-0.115743
-0.115693
-0.115604
-0.115508
-0.115443
-0.115427
-0.115441
-0.11542
-0.121524
-0.121637
-0.121667
-0.12161
-0.121488
-0.121353
-0.121271
-0.121281
-0.121372
-0.121438
-0.127302
-0.127549
-0.127627
-0.127553
-0.127369
-0.127164
-0.127052
-0.127108
-0.127323
-0.127573
-0.133066
-0.133516
-0.133659
-0.133544
-0.133249
-0.132916
-0.132735
-0.13285
-0.133281
-0.133964
-0.138835
-0.139594
-0.139818
-0.139619
-0.13913
-0.138568
-0.138237
-0.138386
-0.139154
-0.141025
-0.144665
-0.145881
-0.146199
-0.145843
-0.145034
-0.144087
-0.143458
-0.143566
-0.145033
-0.150489
-0.150685
-0.152547
-0.152954
-0.152327
-0.151016
-0.149442
-0.148205
-0.148003
-0.150868
-0.163391
-0.0264456
-0.0285419
-0.0300684
-0.0317542
-0.0338952
-0.0366085
-0.0399507
-0.0438904
-0.0502376
-0.0650164
-0.0349249
-0.0363719
-0.0376679
-0.0392935
-0.0414501
-0.0442081
-0.047572
-0.0513628
-0.0562496
-0.065557
-0.0433413
-0.0442085
-0.0452241
-0.0466401
-0.0485513
-0.0509459
-0.0537308
-0.0566489
-0.0597093
-0.064212
-0.0514567
-0.0518604
-0.0525932
-0.0537275
-0.0552765
-0.0571774
-0.0592919
-0.0613801
-0.0632423
-0.0652703
-0.059153
-0.0592296
-0.0597101
-0.0605515
-0.0617154
-0.0631196
-0.0646192
-0.0660191
-0.0671129
-0.0677453
-0.0664128
-0.0662844
-0.0665628
-0.067141
-0.0679561
-0.0689265
-0.0699245
-0.0708018
-0.0713776
-0.0713903
-0.0732755
-0.073041
-0.0731721
-0.0735368
-0.0740669
-0.0746938
-0.0753182
-0.0758338
-0.0760972
-0.0758564
-0.0798099
-0.0795406
-0.0795742
-0.0797795
-0.0800945
-0.0804679
-0.080829
-0.0811064
-0.0811931
-0.0808778
-0.086092
-0.0858339
-0.0858102
-0.0859053
-0.0860684
-0.0862651
-0.0864496
-0.0865771
-0.0865712
-0.0862666
-0.0921923
-0.0919714
-0.0919204
-0.091945
-0.0920072
-0.0920874
-0.0921596
-0.0921985
-0.0921509
-0.0918932
-0.098169
-0.0979981
-0.0979406
-0.0979243
-0.0979233
-0.0979302
-0.0979352
-0.0979268
-0.0978684
-0.0976687
-0.104066
-0.103951
-0.103901
-0.103864
-0.103825
-0.103787
-0.103754
-0.103726
-0.103676
-0.103535
-0.109914
-0.109861
-0.109828
-0.109782
-0.109717
-0.109649
-0.109596
-0.109567
-0.10954
-0.109456
-0.11573
-0.11575
-0.115744
-0.115694
-0.115605
-0.115507
-0.115442
-0.115425
-0.115441
-0.115419
-0.121524
-0.12164
-0.12167
-0.121612
-0.121489
-0.121352
-0.121269
-0.121278
-0.121369
-0.121438
-0.127301
-0.127555
-0.127632
-0.127557
-0.127371
-0.127163
-0.127048
-0.127103
-0.127317
-0.127577
-0.133064
-0.133527
-0.133665
-0.133549
-0.133252
-0.132915
-0.132731
-0.132843
-0.13327
-0.133975
-0.138831
-0.139612
-0.139828
-0.139626
-0.139135
-0.138569
-0.138234
-0.138377
-0.139108
-0.140986
-0.144656
-0.145909
-0.146211
-0.145852
-0.145042
-0.144092
-0.143465
-0.143563
-0.144905
-0.15034
-0.150668
-0.152589
-0.152969
-0.152337
-0.151028
-0.14946
-0.148258
-0.148093
-0.15088
-0.163837
-0.0264456
-0.0285419
-0.0300684
-0.0317542
-0.0338952
-0.0366085
-0.0399507
-0.0438904
-0.0502376
-0.0650164
-0.0349249
-0.0363719
-0.0376679
-0.0392935
-0.0414501
-0.0442081
-0.047572
-0.0513628
-0.0562496
-0.065557
-0.0433413
-0.0442085
-0.0452241
-0.0466401
-0.0485513
-0.0509459
-0.0537308
-0.0566489
-0.0597093
-0.064212
-0.0514567
-0.0518604
-0.0525932
-0.0537275
-0.0552765
-0.0571774
-0.0592919
-0.0613801
-0.0632423
-0.0652703
-0.059153
-0.0592296
-0.0597101
-0.0605515
-0.0617154
-0.0631196
-0.0646192
-0.0660191
-0.0671129
-0.0677453
-0.0664128
-0.0662844
-0.0665628
-0.067141
-0.0679561
-0.0689265
-0.0699245
-0.0708018
-0.0713776
-0.0713903
-0.0732755
-0.073041
-0.0731721
-0.0735368
-0.0740669
-0.0746938
-0.0753182
-0.0758338
-0.0760972
-0.0758564
-0.0798099
-0.0795406
-0.0795742
-0.0797795
-0.0800945
-0.0804679
-0.080829
-0.0811064
-0.0811931
-0.0808778
-0.086092
-0.0858339
-0.0858102
-0.0859053
-0.0860684
-0.0862651
-0.0864496
-0.0865771
-0.0865712
-0.0862666
-0.0921923
-0.0919714
-0.0919204
-0.091945
-0.0920072
-0.0920874
-0.0921596
-0.0921985
-0.0921509
-0.0918932
-0.098169
-0.0979981
-0.0979406
-0.0979243
-0.0979233
-0.0979302
-0.0979352
-0.0979268
-0.0978684
-0.0976687
-0.104066
-0.103951
-0.103901
-0.103864
-0.103825
-0.103787
-0.103754
-0.103726
-0.103676
-0.103535
-0.109914
-0.109861
-0.109828
-0.109782
-0.109717
-0.109649
-0.109596
-0.109567
-0.10954
-0.109456
-0.11573
-0.11575
-0.115744
-0.115694
-0.115605
-0.115507
-0.115442
-0.115425
-0.115441
-0.115419
-0.121524
-0.12164
-0.12167
-0.121612
-0.121489
-0.121352
-0.121269
-0.121278
-0.121369
-0.121438
-0.127301
-0.127555
-0.127632
-0.127557
-0.127371
-0.127163
-0.127048
-0.127103
-0.127317
-0.127577
-0.133064
-0.133527
-0.133665
-0.133549
-0.133252
-0.132915
-0.132731
-0.132843
-0.13327
-0.133975
-0.138831
-0.139612
-0.139828
-0.139626
-0.139135
-0.138569
-0.138234
-0.138377
-0.139108
-0.140986
-0.144656
-0.145909
-0.146211
-0.145852
-0.145042
-0.144092
-0.143465
-0.143563
-0.144905
-0.15034
-0.150668
-0.152589
-0.152969
-0.152337
-0.151028
-0.14946
-0.148258
-0.148093
-0.15088
-0.163837
-0.0264647
-0.0285111
-0.0300632
-0.031749
-0.0338804
-0.0365708
-0.0398471
-0.0437249
-0.0500588
-0.0639519
-0.0349328
-0.0363496
-0.0376618
-0.0392876
-0.0414398
-0.0441903
-0.047529
-0.0513248
-0.0563699
-0.0654955
-0.0433419
-0.0441953
-0.0452196
-0.0466371
-0.0485483
-0.0509442
-0.0537254
-0.0566543
-0.0597979
-0.0642432
-0.051453
-0.0518546
-0.0525903
-0.053726
-0.0552757
-0.0571778
-0.0592908
-0.0613787
-0.0632615
-0.0652609
-0.0591471
-0.0592294
-0.0597086
-0.0605507
-0.0617154
-0.0631203
-0.0646202
-0.0660196
-0.067114
-0.0677427
-0.0664064
-0.0662877
-0.0665623
-0.0671409
-0.0679569
-0.0689276
-0.0699263
-0.0708034
-0.0713734
-0.0713947
-0.0732696
-0.0730459
-0.0731722
-0.0735368
-0.0740677
-0.0746948
-0.0753196
-0.0758343
-0.0760898
-0.0758621
-0.0798048
-0.0795459
-0.0795746
-0.0797796
-0.0800951
-0.0804685
-0.0808299
-0.0811062
-0.0811853
-0.0808829
-0.086088
-0.0858388
-0.0858106
-0.0859053
-0.0860688
-0.0862655
-0.0864502
-0.0865767
-0.0865644
-0.0862708
-0.0921893
-0.0919754
-0.0919207
-0.0919449
-0.0920075
-0.0920876
-0.09216
-0.0921981
-0.0921455
-0.0918963
-0.0981668
-0.0980011
-0.0979407
-0.0979241
-0.0979234
-0.0979304
-0.0979357
-0.0979266
-0.0978645
-0.0976709
-0.104064
-0.103953
-0.103901
-0.103864
-0.103825
-0.103787
-0.103755
-0.103726
-0.103673
-0.103536
-0.109913
-0.109861
-0.109828
-0.109782
-0.109717
-0.109649
-0.109597
-0.109567
-0.109539
-0.109457
-0.115729
-0.115749
-0.115743
-0.115693
-0.115604
-0.115508
-0.115443
-0.115427
-0.115441
-0.11542
-0.121524
-0.121637
-0.121667
-0.12161
-0.121488
-0.121353
-0.121271
-0.121281
-0.121372
-0.121438
-0.127302
-0.127549
-0.127627
-0.127553
-0.127369
-0.127164
-0.127052
-0.127108
-0.127323
-0.127573
-0.133066
-0.133516
-0.133659
-0.133544
-0.133249
-0.132916
-0.132735
-0.13285
-0.133281
-0.133964
-0.138835
-0.139594
-0.139818
-0.139619
-0.13913
-0.138568
-0.138237
-0.138386
-0.139154
-0.141025
-0.144665
-0.145881
-0.146199
-0.145843
-0.145034
-0.144087
-0.143458
-0.143566
-0.145033
-0.150489
-0.150685
-0.152547
-0.152954
-0.152327
-0.151016
-0.149442
-0.148205
-0.148003
-0.150868
-0.163391
)
;

boundaryField
{
    carasuperior
    {
        type            zeroGradient;
    }
    lateralizquierda
    {
        type            zeroGradient;
    }
    lateralderecha
    {
        type            zeroGradient;
    }
    carainferior
    {
        type            zeroGradient;
    }
    carainteriores
    {
        type            zeroGradient;
    }
    defaultFaces
    {
        type            empty;
    }
}


// ************************************************************************* //
