/*--------------------------------*- C++ -*----------------------------------*\
| =========                 |                                                 |
| \\      /  F ield         | OpenFOAM: The Open Source CFD Toolbox           |
|  \\    /   O peration     | Version:  2.4.0                                 |
|   \\  /    A nd           | Web:      www.OpenFOAM.org                      |
|    \\/     M anipulation  |                                                 |
\*---------------------------------------------------------------------------*/
FoamFile
{
    version     2.0;
    format      ascii;
    class       volScalarField;
    location    "0.715";
    object      T;
}
// * * * * * * * * * * * * * * * * * * * * * * * * * * * * * * * * * * * * * //

dimensions      [0 0 0 1 0 0 0];

internalField   nonuniform List<scalar> 
1600
(
101.407
104.22
107.031
109.837
112.638
115.43
118.214
120.986
123.745
126.49
129.219
131.93
134.622
137.294
139.945
142.573
145.177
147.757
150.311
152.84
155.343
157.82
160.271
162.697
165.097
167.473
169.825
172.155
174.463
176.752
179.022
181.276
183.515
185.74
187.953
190.157
192.353
194.542
196.727
198.909
101.408
104.223
107.035
109.844
112.646
115.44
118.225
120.999
123.76
126.507
129.237
131.95
134.643
137.317
139.968
142.597
145.202
147.782
150.338
152.867
155.37
157.847
160.297
162.722
165.122
167.497
169.848
172.176
174.484
176.771
179.04
181.292
183.529
185.752
187.964
190.166
192.36
194.547
196.73
198.91
101.41
104.228
107.044
109.856
112.662
115.46
118.248
121.026
123.79
126.539
129.273
131.988
134.684
137.36
140.014
142.645
145.251
147.833
150.389
152.919
155.422
157.899
160.349
162.773
165.171
167.545
169.894
172.22
174.525
176.809
179.075
181.324
183.557
185.777
187.985
190.183
192.373
194.557
196.736
198.912
101.412
104.236
107.058
109.875
112.686
115.489
118.282
121.064
123.833
126.588
129.325
132.045
134.745
137.424
140.081
142.714
145.323
147.907
150.465
152.995
155.499
157.976
160.426
162.848
165.245
167.616
169.963
172.286
174.586
176.867
179.128
181.372
183.6
185.814
188.017
190.209
192.393
194.571
196.744
198.915
101.416
104.247
107.075
109.899
112.717
115.527
118.327
121.116
123.891
126.651
129.395
132.12
134.825
137.508
140.169
142.806
145.418
148.005
150.564
153.096
155.601
158.077
160.526
162.948
165.342
167.71
170.053
172.372
174.668
176.943
179.198
181.435
183.657
185.864
188.059
190.244
192.421
194.591
196.756
198.919
101.42
104.26
107.097
109.93
112.756
115.575
118.383
121.18
123.963
126.73
129.48
132.212
134.923
137.612
140.278
142.92
145.536
148.125
150.687
153.221
155.726
158.203
160.651
163.071
165.463
167.827
170.166
172.48
174.77
177.038
179.286
181.515
183.728
185.927
188.113
190.288
192.455
194.615
196.771
198.924
101.425
104.275
107.123
109.966
112.803
115.631
118.449
121.255
124.047
126.824
129.582
132.321
135.04
137.736
140.408
143.054
145.675
148.268
150.832
153.368
155.875
158.351
160.799
163.217
165.606
167.967
170.301
172.608
174.892
177.152
179.391
181.611
183.814
186.002
188.177
190.341
192.496
194.645
196.789
198.93
101.432
104.294
107.153
110.008
112.857
115.697
118.526
121.343
124.146
126.932
129.7
132.448
135.175
137.878
140.557
143.209
145.835
148.432
151
153.538
156.046
158.523
160.97
163.386
165.771
168.128
170.456
172.758
175.033
177.285
179.514
181.723
183.914
186.09
188.252
190.403
192.545
194.68
196.81
198.937
101.439
104.314
107.188
110.057
112.919
115.772
118.614
121.443
124.257
127.055
129.834
132.592
135.327
138.039
140.725
143.385
146.016
148.618
151.189
153.73
156.239
158.717
161.162
163.576
165.959
168.311
170.633
172.927
175.194
177.435
179.654
181.851
184.029
186.19
188.338
190.474
192.6
194.719
196.834
198.945
101.446
104.338
107.227
110.111
112.988
115.856
118.712
121.555
124.383
127.193
129.983
132.752
135.498
138.219
140.914
143.58
146.218
148.825
151.4
153.944
156.455
158.932
161.377
163.789
166.168
168.515
170.83
173.116
175.374
177.605
179.811
181.994
184.158
186.304
188.435
190.554
192.663
194.764
196.861
198.954
101.455
104.364
107.27
110.171
113.065
115.949
118.821
121.679
124.521
127.345
130.149
132.93
135.687
138.418
141.121
143.795
146.44
149.052
151.632
154.178
156.691
159.169
161.612
164.022
166.397
168.738
171.047
173.325
175.572
177.792
179.985
182.154
184.301
186.43
188.543
190.643
192.733
194.814
196.891
198.964
101.465
104.393
107.318
110.238
113.15
116.052
118.942
121.816
124.674
127.513
130.33
133.124
135.893
138.635
141.348
144.031
146.682
149.3
151.884
154.433
156.947
159.426
161.868
164.275
166.646
168.981
171.283
173.552
175.789
177.996
180.175
182.329
184.459
186.57
188.663
190.742
192.81
194.87
196.924
198.975
101.475
104.424
107.371
110.311
113.244
116.165
119.074
121.967
124.842
127.697
130.529
133.337
136.119
138.872
141.595
144.286
146.944
149.568
152.157
154.709
157.225
159.703
162.144
164.547
166.914
169.244
171.538
173.797
176.023
178.217
180.382
182.519
184.631
186.722
188.794
190.85
192.895
194.931
196.961
198.987
101.487
104.459
107.428
110.392
113.346
116.289
119.218
122.131
125.024
127.897
130.745
133.568
136.363
139.128
141.862
144.563
147.228
149.858
152.451
155.006
157.523
160.001
162.44
164.84
167.202
169.525
171.811
174.061
176.275
178.456
180.605
182.725
184.818
186.887
188.936
190.969
192.988
194.998
197.001
199.001
101.5
104.497
107.492
110.48
113.458
116.424
119.376
122.309
125.223
128.114
130.98
133.819
136.628
139.406
142.151
144.861
147.535
150.171
152.768
155.326
157.844
160.321
162.758
165.155
167.511
169.827
172.104
174.343
176.545
178.712
180.844
182.946
185.019
187.066
189.091
191.097
193.089
195.07
197.045
199.015
101.514
104.539
107.561
110.576
113.58
116.572
119.547
122.504
125.439
128.351
131.235
134.091
136.916
139.707
142.463
145.183
147.865
150.507
153.109
155.67
158.189
160.665
163.1
165.492
167.842
170.151
172.418
174.646
176.834
178.985
181.101
183.183
185.235
187.259
189.258
191.236
193.199
195.149
197.093
199.031
101.529
104.584
107.636
110.68
113.714
116.733
119.734
122.716
125.675
128.608
131.512
134.386
137.227
140.033
142.801
145.531
148.222
150.87
153.477
156.04
158.56
161.036
163.468
165.855
168.199
170.498
172.755
174.97
177.144
179.279
181.376
183.438
185.467
187.465
189.437
191.387
193.317
195.235
197.145
199.048
101.545
104.634
107.719
110.795
113.859
116.908
119.939
122.947
125.931
128.887
131.813
134.707
137.565
140.386
143.167
145.909
148.608
151.263
153.875
156.441
158.962
161.437
163.865
166.247
168.583
170.874
173.119
175.32
177.479
179.595
181.672
183.711
185.716
187.688
189.631
191.549
193.446
195.327
197.201
199.067
101.564
104.689
107.81
110.921
114.019
117.101
120.162
123.2
126.211
129.192
132.141
135.055
137.932
140.769
143.565
146.318
149.026
151.69
154.306
156.876
159.397
161.871
164.296
166.672
169
171.28
173.513
175.699
177.84
179.937
181.992
184.007
185.984
187.927
189.839
191.723
193.584
195.428
197.262
199.087
101.584
104.749
107.909
111.059
114.194
117.311
120.406
123.476
126.517
129.525
132.499
135.436
138.332
141.187
143.998
146.763
149.482
152.153
154.775
157.348
159.87
162.342
164.763
167.133
169.452
171.721
173.94
176.11
178.232
180.307
182.338
184.326
186.274
188.186
190.064
191.912
193.735
195.537
197.328
199.109
101.606
104.815
108.019
111.21
114.386
117.543
120.675
123.779
126.852
129.89
132.891
135.851
138.769
141.642
144.469
147.248
149.978
152.658
155.286
157.862
160.385
162.856
165.272
167.636
169.945
172.202
174.406
176.558
178.659
180.711
182.715
184.674
186.59
188.467
190.308
192.117
193.898
195.656
197.4
199.132
101.63
104.888
108.139
111.377
114.598
117.797
120.969
124.111
127.219
130.29
133.319
136.306
139.247
142.14
144.985
147.778
150.52
153.208
155.843
158.423
160.947
163.416
165.828
168.183
170.483
172.726
174.913
177.046
179.125
181.151
183.127
185.054
186.935
188.773
190.574
192.34
194.075
195.785
197.479
199.158
101.657
104.969
108.273
111.562
114.832
118.078
121.294
124.478
127.623
130.728
133.79
136.804
139.77
142.686
145.549
148.358
151.112
153.81
156.451
159.035
161.56
164.027
166.434
168.782
171.07
173.299
175.468
177.58
179.634
181.633
183.577
185.469
187.312
189.109
190.865
192.583
194.268
195.926
197.565
199.187
101.687
105.059
108.42
111.766
115.091
118.388
121.653
124.881
128.069
131.211
134.307
137.352
140.345
143.283
146.166
148.992
151.759
154.468
157.116
159.704
162.23
164.695
167.096
169.435
171.711
173.925
176.076
178.164
180.193
182.161
184.071
185.925
187.726
189.478
191.184
192.85
194.48
196.081
197.66
199.218
101.721
105.158
108.584
111.993
115.377
118.731
122.05
125.327
128.56
131.743
134.875
137.953
140.975
143.938
146.842
149.686
152.467
155.187
157.843
160.435
162.962
165.424
167.82
170.15
172.413
174.61
176.74
178.805
180.804
182.74
184.613
186.427
188.182
189.884
191.536
193.144
194.714
196.251
197.764
199.253
101.758
105.269
108.767
112.245
115.696
119.113
122.489
125.82
129.102
132.33
135.502
138.615
141.667
144.657
147.583
150.445
153.242
155.973
158.637
161.233
163.761
166.22
168.61
170.93
173.18
175.359
177.468
179.506
181.475
183.376
185.21
186.978
188.684
190.332
191.925
193.47
194.972
196.439
197.88
199.291
101.799
105.392
108.971
112.527
116.051
119.536
122.977
126.367
129.701
132.977
136.192
139.342
142.427
145.445
148.395
151.277
154.089
156.832
159.503
162.104
164.633
167.089
169.473
171.782
174.018
176.178
178.264
180.275
182.212
184.075
185.866
187.587
189.239
190.827
192.356
193.831
195.259
196.647
198.008
199.334
101.845
105.531
109.199
112.841
116.447
120.008
123.519
126.972
130.365
133.692
136.952
140.143
143.262
146.31
149.285
152.186
155.015
157.769
160.449
163.055
165.584
168.037
170.414
172.712
174.933
177.074
179.135
181.118
183.02
184.844
186.589
188.258
189.852
191.376
192.834
194.232
195.578
196.88
198.15
199.381
101.898
105.687
109.456
113.194
116.89
120.535
124.122
127.645
131.099
134.482
137.79
141.023
144.178
147.257
150.257
153.18
156.025
158.792
161.48
164.09
166.62
169.07
171.439
173.726
175.931
178.052
180.088
182.04
183.907
185.689
187.386
188.999
190.531
191.985
193.366
194.68
195.934
197.14
198.309
199.435
101.957
105.863
109.745
113.59
117.387
121.124
124.795
128.392
131.913
135.354
138.713
141.99
145.183
148.293
151.32
154.264
157.126
159.905
162.602
165.216
167.747
170.193
172.555
174.83
177.019
179.119
181.13
183.05
184.88
186.617
188.264
189.819
191.284
192.663
193.96
195.181
196.334
197.433
198.488
199.494
102.024
106.062
110.073
114.039
117.946
121.785
125.546
129.224
132.815
136.317
139.73
143.051
146.283
149.426
152.48
155.446
158.324
161.116
163.821
166.439
168.97
171.413
173.767
176.03
178.203
180.282
182.266
184.155
185.946
187.639
189.232
190.725
192.12
193.418
194.624
195.743
196.785
197.763
198.69
199.562
102.101
106.291
110.447
114.548
118.579
122.528
126.386
130.15
133.815
137.381
140.848
144.216
147.487
150.662
153.743
156.73
159.625
162.429
165.143
167.765
170.296
172.735
175.081
177.333
179.489
181.547
183.505
185.362
187.114
188.761
190.3
191.729
193.05
194.262
195.37
196.378
197.296
198.139
198.92
199.64
102.19
106.555
110.877
115.13
119.297
123.366
127.329
131.182
134.923
138.555
142.076
145.491
148.801
152.008
155.115
158.124
161.035
163.851
166.572
169.199
171.73
174.165
176.504
178.744
180.884
182.922
184.854
186.679
188.393
189.994
191.478
192.842
194.086
195.208
196.211
197.098
197.879
198.569
199.183
199.73
102.295
106.863
111.376
115.8
120.117
124.315
128.387
132.332
136.152
139.849
143.425
146.885
150.233
153.472
156.604
159.633
162.56
165.387
168.115
170.745
173.277
175.709
178.04
180.269
182.394
184.412
186.32
188.115
189.792
191.347
192.777
194.076
195.242
196.271
197.163
197.92
198.549
199.067
199.489
199.836
102.42
107.23
111.963
116.58
121.059
125.393
129.578
133.617
137.514
141.274
144.903
148.407
151.79
155.058
158.214
161.262
164.203
167.041
169.776
172.41
174.941
177.37
179.695
181.914
184.025
186.025
187.911
189.677
191.319
192.832
194.21
195.446
196.535
197.47
198.247
198.866
199.329
199.653
199.852
199.964
102.574
107.676
112.666
117.496
122.149
126.623
130.921
135.05
139.021
142.841
146.519
150.063
153.479
156.774
159.951
163.016
165.971
168.818
171.56
174.196
176.728
179.154
181.473
183.684
185.783
187.767
189.632
191.373
192.985
194.459
195.79
196.968
197.983
198.827
199.489
199.964
200.247
200.354
200.292
200.121
102.772
108.239
113.526
118.588
123.42
128.031
132.436
136.649
140.686
144.56
148.281
151.86
155.305
158.623
161.82
164.899
167.866
170.722
173.469
176.109
178.641
181.065
183.381
185.584
187.674
189.645
191.493
193.213
194.799
196.241
197.53
198.657
199.608
200.368
200.921
201.253
201.348
201.212
200.836
200.316
103.045
108.982
114.605
119.904
124.907
129.644
134.143
138.429
142.523
146.441
150.198
153.807
157.276
160.613
163.825
166.917
169.893
172.756
175.509
178.152
180.686
183.109
185.422
187.621
189.703
191.665
193.501
195.205
196.77
198.187
199.445
200.532
201.43
202.121
202.582
202.785
202.696
202.299
201.541
200.577
103.505
110.022
115.98
121.5
126.652
131.492
136.066
140.407
144.544
148.496
152.28
155.91
159.397
162.749
165.973
169.075
172.06
174.929
177.686
180.332
182.868
185.292
187.603
189.8
191.878
193.834
195.663
197.357
198.909
200.309
201.546
202.604
203.467
204.11
204.504
204.612
204.374
203.736
202.554
201.016
104.352
111.607
117.84
123.508
128.752
133.65
138.263
142.634
146.793
150.762
154.561
158.203
161.7
165.06
168.291
171.398
174.387
177.26
180.02
182.668
185.204
187.629
189.94
192.135
194.211
196.164
197.989
199.677
201.223
202.614
203.839
204.883
205.725
206.341
206.698
206.754
206.433
205.658
204.184
202.066
)
;

boundaryField
{
    carasuperior
    {
        type            fixedGradient;
        gradient        uniform 100;
    }
    lateralizquierda
    {
        type            fixedValue;
        value           uniform 100;
    }
    lateralderecha
    {
        type            fixedValue;
        value           uniform 200;
    }
    carainferior
    {
        type            zeroGradient;
    }
    frontAndBack
    {
        type            empty;
    }
}


// ************************************************************************* //
