/*--------------------------------*- C++ -*----------------------------------*\
| =========                 |                                                 |
| \\      /  F ield         | OpenFOAM: The Open Source CFD Toolbox           |
|  \\    /   O peration     | Version:  2.4.0                                 |
|   \\  /    A nd           | Web:      www.OpenFOAM.org                      |
|    \\/     M anipulation  |                                                 |
\*---------------------------------------------------------------------------*/
FoamFile
{
    version     2.0;
    format      ascii;
    class       volScalarField;
    location    "0.2";
    object      p;
}
// * * * * * * * * * * * * * * * * * * * * * * * * * * * * * * * * * * * * * //

dimensions      [0 2 -2 0 0 0 0];

internalField   nonuniform List<scalar> 
4800
(
2.04341e-08
-0.000751797
-0.000946832
-0.00045227
0.000794655
0.00280821
0.00557442
0.00906665
0.013241
0.0180255
0.000755189
1.52669e-06
-2.27482e-05
0.000620888
0.00194222
0.00397151
0.00670826
0.0101324
0.0142048
0.0188618
0.000941686
1.56183e-05
-6.2238e-06
0.000676975
0.00202439
0.0040647
0.006801
0.0102186
0.0142851
0.0189444
0.000403346
-0.000673784
-0.000733116
-5.02673e-05
0.00130214
0.00335078
0.00610344
0.00955455
0.0136838
0.0184478
-0.000944066
-0.00209875
-0.00218632
-0.00151505
-0.0001694
0.00188144
0.00465652
0.00816769
0.0124172
0.0173925
-0.00312546
-0.00429948
-0.00440535
-0.00375636
-0.00243533
-0.000401347
0.00238441
0.00596337
0.0103792
0.0156967
-0.00612734
-0.00727583
-0.00739428
-0.00678445
-0.00551993
-0.00354612
-0.000796529
0.00281395
0.00739624
0.0132032
-0.00991521
-0.0109999
-0.0111304
-0.0105865
-0.0094298
-0.00759383
-0.00498108
-0.00145242
0.0031924
0.00962403
-0.0144304
-0.0154171
-0.0155643
-0.015122
-0.0141432
-0.0125594
-0.0102479
-0.00701205
-0.00256179
0.00465751
-0.0195808
-0.0204424
-0.0206138
-0.0203132
-0.0195972
-0.0184277
-0.0167107
-0.0142708
-0.0109709
-0.00407122
-9.28859e-08
-0.000770209
-0.000966765
-0.000473638
0.000772284
0.00278578
0.00555244
0.00904573
0.013222
0.0180098
0.000773181
1.18046e-06
-9.80054e-06
0.000637419
0.00195908
0.00398852
0.00672465
0.0101475
0.0142183
0.018874
0.000961759
2.9789e-06
-5.99962e-06
0.000678116
0.0020238
0.00406383
0.00679986
0.0102171
0.0142834
0.0189435
0.000425102
-0.000690615
-0.000733688
-4.9825e-05
0.00130027
0.00334835
0.00610054
0.00955104
0.0136794
0.0184442
-0.000921204
-0.00211605
-0.0021851
-0.00151218
-0.000168825
0.00188135
0.0046557
0.0081657
0.0124125
0.017387
-0.00310255
-0.00431697
-0.00440381
-0.00375286
-0.00243392
-0.000400514
0.0023846
0.00596252
0.0103726
0.0156851
-0.00610498
-0.00729271
-0.00739249
-0.00678046
-0.00551759
-0.00354409
-0.00079468
0.00281635
0.00738776
0.0131766
-0.00989414
-0.0110155
-0.0111284
-0.0105821
-0.00942644
-0.00759066
-0.00497821
-0.00144687
0.0031719
0.00953039
-0.0144116
-0.0154312
-0.0155624
-0.0151174
-0.0141382
-0.0125526
-0.0102375
-0.00698182
-0.00255693
0.00445307
-0.0195656
-0.0204552
-0.0206131
-0.02031
-0.0195924
-0.0184178
-0.016687
-0.0141766
-0.0107729
-0.00409415
-1.00788e-07
-0.000770216
-0.000966774
-0.000473646
0.000772278
0.00278578
0.00555244
0.00904573
0.013222
0.0180098
0.000773167
1.16895e-06
-9.8127e-06
0.000637408
0.00195907
0.00398852
0.00672464
0.0101475
0.0142183
0.018874
0.000961744
2.96738e-06
-6.01191e-06
0.000678104
0.00202379
0.00406382
0.00679985
0.0102171
0.0142834
0.0189435
0.000425086
-0.000690629
-0.000733702
-4.98379e-05
0.00130026
0.00334834
0.00610053
0.00955103
0.0136794
0.0184442
-0.000921224
-0.00211607
-0.00218512
-0.0015122
-0.000168839
0.00188134
0.00465569
0.00816569
0.0124124
0.017387
-0.00310257
-0.00431699
-0.00440383
-0.00375287
-0.00243394
-0.000400527
0.00238458
0.00596251
0.0103726
0.0156851
-0.00610501
-0.00729273
-0.00739251
-0.00678047
-0.00551761
-0.00354411
-0.000794692
0.00281634
0.00738776
0.0131766
-0.00989417
-0.0110155
-0.0111285
-0.0105821
-0.00942645
-0.00759067
-0.00497822
-0.00144688
0.00317189
0.00953039
-0.0144116
-0.0154312
-0.0155624
-0.0151174
-0.0141382
-0.0125526
-0.0102375
-0.00698183
-0.00255694
0.00445306
-0.0195657
-0.0204553
-0.0206131
-0.02031
-0.0195924
-0.0184179
-0.016687
-0.0141766
-0.010773
-0.00409416
8.58898e-09
-0.000751811
-0.000946849
-0.000452285
0.000794643
0.0028082
0.00557442
0.00906665
0.013241
0.0180255
0.000755154
1.49821e-06
-2.27752e-05
0.000620865
0.0019422
0.00397149
0.00670825
0.0101324
0.0142048
0.0188618
0.000941644
1.5583e-05
-6.25544e-06
0.000676947
0.00202437
0.00406468
0.00680098
0.0102186
0.0142851
0.0189444
0.000403297
-0.000673825
-0.000733153
-5.03006e-05
0.00130211
0.00335076
0.00610341
0.00955453
0.0136838
0.0184477
-0.00094412
-0.0020988
-0.00218636
-0.00151509
-0.000169435
0.00188141
0.00465649
0.00816766
0.0124172
0.0173925
-0.00312552
-0.00429953
-0.0044054
-0.0037564
-0.00243537
-0.000401381
0.00238438
0.00596334
0.0103791
0.0156967
-0.0061274
-0.00727588
-0.00739432
-0.0067845
-0.00551997
-0.00354616
-0.000796561
0.00281393
0.00739622
0.0132032
-0.00991527
-0.0109999
-0.0111305
-0.0105865
-0.00942984
-0.00759387
-0.00498111
-0.00145245
0.00319238
0.00962402
-0.0144304
-0.0154171
-0.0155644
-0.0151221
-0.0141432
-0.0125594
-0.010248
-0.00701207
-0.00256181
0.00465749
-0.0195809
-0.0204424
-0.0206139
-0.0203132
-0.0195972
-0.0184277
-0.0167107
-0.0142708
-0.010971
-0.00407124
0.0233152
0.0289833
0.0349127
0.0410114
0.0472137
0.0534764
0.0597731
0.0660893
0.0724181
0.0787572
0.0851076
0.0914718
0.0978526
0.104252
0.110668
0.117093
0.123506
0.129867
0.136109
0.142128
0.0240106
0.0295364
0.0353353
0.0413233
0.0474372
0.053632
0.0598781
0.0661565
0.0724562
0.0787713
0.0850992
0.0914389
0.0977897
0.104149
0.110512
0.116865
0.123185
0.129429
0.135534
0.141407
0.0241039
0.0296343
0.0354287
0.0414062
0.047506
0.0536856
0.0599163
0.0661798
0.072465
0.0787652
0.0850772
0.0913988
0.0977287
0.104064
0.110399
0.116722
0.123012
0.129233
0.135328
0.141211
0.0237474
0.0294013
0.0352882
0.0413292
0.0474686
0.0536697
0.0599093
0.0661733
0.0724531
0.0787439
0.085043
0.0913491
0.0976616
0.103979
0.110299
0.116614
0.122913
0.12917
0.135341
0.14135
0.0229886
0.0288944
0.0349659
0.041135
0.0473568
0.0536069
0.0598727
0.0661475
0.0724279
0.0787122
0.085
0.0912913
0.0975871
0.103889
0.110198
0.116517
0.122846
0.12918
0.135494
0.141745
0.0218366
0.0281607
0.0345134
0.040868
0.047205
0.0535218
0.0598233
0.0661139
0.0723973
0.0786761
0.0849525
0.0912282
0.0975057
0.103789
0.110086
0.116408
0.122773
0.129204
0.135717
0.142346
0.0203275
0.0272979
0.0340251
0.0406041
0.0470674
0.0534512
0.0597852
0.0660882
0.0723719
0.078643
0.0849057
0.0911628
0.0974176
0.103676
0.109948
0.116255
0.122637
0.129153
0.135889
0.143063
0.0185765
0.0264799
0.03364
0.0404426
0.0470091
0.0534347
0.0597823
0.0660853
0.0723615
0.07862
0.0848656
0.0911005
0.0973267
0.103549
0.109776
0.116036
0.122387
0.128933
0.135844
0.143718
0.0175356
0.0264481
0.0337577
0.0405892
0.0471339
0.0535246
0.0598415
0.0661198
0.0723751
0.0786141
0.0848388
0.0910486
0.0972404
0.103413
0.109567
0.115717
0.121919
0.128272
0.134934
0.143257
0.0198129
0.0289713
0.0352034
0.0413963
0.0475914
0.0537864
0.0599933
0.0662073
0.0724219
0.0786315
0.0848299
0.091009
0.0971593
0.103263
0.109293
0.115212
0.120979
0.126502
0.131611
0.139131
0.0233035
0.0289752
0.0349074
0.0410081
0.0472117
0.0534751
0.0597724
0.0660889
0.0724179
0.0787571
0.0851076
0.0914718
0.0978527
0.104252
0.110669
0.117094
0.123509
0.129872
0.136116
0.142138
0.0240221
0.0295466
0.0353436
0.0413298
0.047442
0.0536355
0.0598805
0.0661581
0.0724572
0.0787718
0.0850993
0.0914385
0.0977887
0.104148
0.110509
0.116861
0.123178
0.129421
0.135523
0.141395
0.0241058
0.0296372
0.0354316
0.0414088
0.0475081
0.0536872
0.0599175
0.0661806
0.0724655
0.0787655
0.0850772
0.0913987
0.0977282
0.104063
0.110398
0.11672
0.12301
0.129231
0.135325
0.141208
0.0237495
0.0294048
0.0352913
0.0413319
0.0474706
0.0536711
0.0599103
0.066174
0.0724535
0.0787441
0.085043
0.091349
0.0976612
0.103978
0.110298
0.116613
0.122911
0.129167
0.135337
0.141347
0.0229948
0.028901
0.0349707
0.0411385
0.0473592
0.0536084
0.0598736
0.066148
0.0724282
0.0787124
0.085
0.0912912
0.0975868
0.103888
0.110197
0.116515
0.122844
0.129175
0.135487
0.141737
0.0218518
0.0281723
0.0345195
0.0408721
0.0472074
0.0535231
0.0598239
0.0661142
0.0723974
0.0786762
0.0849525
0.0912281
0.0975056
0.103789
0.110085
0.116406
0.122771
0.129199
0.135706
0.142328
0.0203696
0.0273224
0.0340349
0.0406095
0.04707
0.0534522
0.0597855
0.0660883
0.0723719
0.078643
0.0849056
0.0911627
0.0974176
0.103676
0.109947
0.116253
0.122634
0.129146
0.135865
0.143016
0.0186519
0.0265067
0.0336442
0.0404451
0.0470096
0.0534342
0.0597818
0.0660849
0.0723611
0.0786198
0.0848654
0.0911005
0.0973268
0.103549
0.109777
0.116035
0.122386
0.128933
0.13582
0.143638
0.0176412
0.0264167
0.0337205
0.0405749
0.0471265
0.0535199
0.0598388
0.0661183
0.0723742
0.0786136
0.0848385
0.0910486
0.0972408
0.103414
0.10957
0.115723
0.121932
0.128313
0.134975
0.143148
0.020304
0.0290298
0.0352025
0.0414082
0.047599
0.0537898
0.059995
0.0662083
0.0724224
0.0786317
0.0848299
0.0910088
0.0971587
0.103262
0.109291
0.115205
0.120968
0.126509
0.131566
0.138596
0.0233035
0.0289752
0.0349074
0.0410081
0.0472117
0.0534751
0.0597724
0.0660889
0.0724179
0.0787571
0.0851076
0.0914718
0.0978527
0.104252
0.110669
0.117094
0.123509
0.129872
0.136116
0.142138
0.0240221
0.0295466
0.0353436
0.0413298
0.047442
0.0536355
0.0598805
0.0661581
0.0724572
0.0787718
0.0850993
0.0914385
0.0977887
0.104148
0.110509
0.116861
0.123178
0.129421
0.135523
0.141395
0.0241058
0.0296372
0.0354316
0.0414088
0.0475081
0.0536872
0.0599175
0.0661806
0.0724655
0.0787655
0.0850772
0.0913987
0.0977282
0.104063
0.110398
0.11672
0.12301
0.129231
0.135325
0.141208
0.0237495
0.0294048
0.0352913
0.0413319
0.0474706
0.0536711
0.0599103
0.066174
0.0724535
0.0787441
0.085043
0.091349
0.0976612
0.103978
0.110298
0.116613
0.122911
0.129167
0.135337
0.141347
0.0229948
0.028901
0.0349707
0.0411385
0.0473592
0.0536084
0.0598736
0.0661481
0.0724282
0.0787124
0.085
0.0912912
0.0975868
0.103888
0.110197
0.116515
0.122844
0.129175
0.135487
0.141737
0.0218518
0.0281723
0.0345195
0.0408721
0.0472074
0.0535231
0.0598239
0.0661142
0.0723974
0.0786762
0.0849525
0.0912281
0.0975056
0.103789
0.110085
0.116406
0.122771
0.129199
0.135706
0.142328
0.0203696
0.0273224
0.0340349
0.0406095
0.04707
0.0534522
0.0597855
0.0660883
0.0723719
0.078643
0.0849056
0.0911628
0.0974176
0.103676
0.109947
0.116253
0.122634
0.129146
0.135865
0.143016
0.0186519
0.0265067
0.0336442
0.0404451
0.0470096
0.0534342
0.0597818
0.0660849
0.0723611
0.0786198
0.0848655
0.0911005
0.0973268
0.103549
0.109777
0.116035
0.122386
0.128933
0.13582
0.143638
0.0176412
0.0264167
0.0337205
0.0405749
0.0471265
0.0535199
0.0598388
0.0661183
0.0723742
0.0786136
0.0848385
0.0910486
0.0972408
0.103414
0.10957
0.115723
0.121932
0.128313
0.134975
0.143148
0.020304
0.0290298
0.0352025
0.0414082
0.047599
0.0537898
0.059995
0.0662083
0.0724224
0.0786317
0.0848299
0.0910088
0.0971587
0.103262
0.109291
0.115205
0.120968
0.126509
0.131566
0.138596
0.0233152
0.0289832
0.0349127
0.0410114
0.0472137
0.0534764
0.0597731
0.0660893
0.0724181
0.0787572
0.0851076
0.0914718
0.0978526
0.104252
0.110668
0.117093
0.123506
0.129867
0.136109
0.142128
0.0240106
0.0295364
0.0353353
0.0413233
0.0474372
0.053632
0.0598781
0.0661565
0.0724562
0.0787713
0.0850992
0.0914389
0.0977897
0.104149
0.110512
0.116865
0.123185
0.129429
0.135534
0.141407
0.0241039
0.0296343
0.0354287
0.0414062
0.047506
0.0536856
0.0599163
0.0661798
0.072465
0.0787653
0.0850772
0.0913989
0.0977287
0.104064
0.110399
0.116722
0.123012
0.129233
0.135328
0.141211
0.0237473
0.0294013
0.0352882
0.0413292
0.0474686
0.0536697
0.0599093
0.0661733
0.0724531
0.0787439
0.085043
0.0913491
0.0976616
0.103979
0.110299
0.116614
0.122913
0.12917
0.135341
0.14135
0.0229886
0.0288944
0.0349659
0.041135
0.0473568
0.0536069
0.0598727
0.0661475
0.0724279
0.0787122
0.085
0.0912913
0.0975871
0.103889
0.110198
0.116517
0.122846
0.12918
0.135494
0.141745
0.0218366
0.0281607
0.0345134
0.040868
0.047205
0.0535218
0.0598233
0.0661139
0.0723973
0.0786761
0.0849525
0.0912282
0.0975058
0.103789
0.110086
0.116408
0.122773
0.129204
0.135717
0.142346
0.0203275
0.0272979
0.0340251
0.040604
0.0470674
0.0534512
0.0597852
0.0660882
0.0723719
0.078643
0.0849057
0.0911628
0.0974176
0.103676
0.109948
0.116255
0.122637
0.129153
0.135889
0.143063
0.0185765
0.0264799
0.03364
0.0404426
0.0470091
0.0534347
0.0597823
0.0660853
0.0723615
0.07862
0.0848656
0.0911006
0.0973268
0.103549
0.109776
0.116036
0.122387
0.128933
0.135844
0.143718
0.0175356
0.0264481
0.0337576
0.0405892
0.0471339
0.0535246
0.0598415
0.0661198
0.0723751
0.0786141
0.0848388
0.0910486
0.0972404
0.103413
0.109567
0.115717
0.121919
0.128272
0.134934
0.143257
0.0198129
0.0289713
0.0352034
0.0413963
0.0475914
0.0537864
0.0599933
0.0662073
0.0724219
0.0786315
0.0848299
0.091009
0.0971593
0.103263
0.109293
0.115212
0.120979
0.126502
0.131611
0.139131
0.147789
0.152942
0.157458
0.161247
0.164249
0.166431
0.167778
0.168316
0.168129
0.167374
0.146927
0.151955
0.156373
0.160098
0.163075
0.165276
0.166701
0.16739
0.167376
0.166622
0.146757
0.151808
0.156244
0.15998
0.162969
0.165188
0.166641
0.167368
0.167351
0.166427
0.14706
0.152253
0.156789
0.160591
0.163619
0.16586
0.167324
0.168051
0.167995
0.166922
0.14778
0.153234
0.157947
0.161857
0.16494
0.167206
0.168676
0.169398
0.169316
0.168168
0.148953
0.15482
0.159785
0.163832
0.166975
0.169257
0.170725
0.171438
0.171344
0.170181
0.150673
0.157135
0.1624
0.166583
0.169762
0.172032
0.173477
0.174173
0.17408
0.172946
0.153117
0.160374
0.165931
0.170195
0.173341
0.175543
0.176927
0.177589
0.177502
0.176437
0.156419
0.164827
0.170579
0.174779
0.177758
0.179792
0.181055
0.181653
0.181571
0.180608
0.16332
0.17205
0.177014
0.180588
0.183076
0.184766
0.185816
0.186308
0.186224
0.185388
0.147804
0.15296
0.157479
0.161269
0.164272
0.166453
0.1678
0.168336
0.168147
0.167374
0.146914
0.151941
0.156358
0.160081
0.163058
0.165258
0.166684
0.167377
0.167375
0.166604
0.146758
0.15181
0.156246
0.159982
0.162971
0.165189
0.166641
0.167368
0.167364
0.166407
0.147063
0.152257
0.156793
0.160595
0.163622
0.165863
0.167325
0.168052
0.168011
0.1669
0.147784
0.153239
0.15795
0.161859
0.164942
0.167206
0.168675
0.169398
0.169333
0.168146
0.148963
0.154827
0.159788
0.163834
0.166976
0.169257
0.170722
0.171437
0.171361
0.170159
0.150697
0.157145
0.162403
0.166585
0.169762
0.172031
0.173474
0.174172
0.174096
0.172924
0.153211
0.160404
0.165937
0.170197
0.173341
0.175541
0.176923
0.177588
0.177517
0.176416
0.156617
0.164832
0.170558
0.174771
0.177751
0.179787
0.18105
0.181651
0.181585
0.180589
0.163297
0.171845
0.17692
0.180562
0.183065
0.184761
0.185813
0.186308
0.186236
0.185372
0.147804
0.15296
0.157479
0.161269
0.164272
0.166453
0.1678
0.168336
0.168147
0.167374
0.146914
0.151941
0.156358
0.160081
0.163058
0.165258
0.166684
0.167377
0.167375
0.166604
0.146758
0.15181
0.156246
0.159982
0.162971
0.165189
0.166641
0.167368
0.167364
0.166407
0.147063
0.152257
0.156793
0.160595
0.163622
0.165863
0.167325
0.168052
0.168011
0.1669
0.147784
0.153239
0.15795
0.161859
0.164942
0.167206
0.168675
0.169398
0.169333
0.168146
0.148963
0.154827
0.159788
0.163834
0.166976
0.169257
0.170722
0.171437
0.171361
0.170159
0.150697
0.157145
0.162403
0.166585
0.169762
0.172031
0.173474
0.174172
0.174096
0.172924
0.153211
0.160404
0.165937
0.170197
0.173341
0.175541
0.176923
0.177588
0.177517
0.176416
0.156617
0.164832
0.170558
0.174771
0.177751
0.179787
0.18105
0.181651
0.181585
0.180589
0.163298
0.171845
0.17692
0.180562
0.183065
0.184761
0.185813
0.186308
0.186236
0.185372
0.147789
0.152942
0.157458
0.161247
0.164249
0.166431
0.167778
0.168316
0.168129
0.167374
0.146927
0.151955
0.156373
0.160098
0.163075
0.165276
0.166701
0.16739
0.167376
0.166622
0.146757
0.151808
0.156243
0.15998
0.162969
0.165188
0.166641
0.167368
0.167351
0.166427
0.14706
0.152253
0.156789
0.160591
0.163619
0.16586
0.167324
0.168051
0.167995
0.166922
0.14778
0.153234
0.157947
0.161857
0.16494
0.167206
0.168676
0.169398
0.169316
0.168168
0.148953
0.15482
0.159785
0.163832
0.166975
0.169257
0.170725
0.171438
0.171344
0.170181
0.150673
0.157135
0.1624
0.166583
0.169762
0.172032
0.173477
0.174173
0.17408
0.172946
0.153117
0.160374
0.165931
0.170195
0.173341
0.175543
0.176927
0.177589
0.177502
0.176437
0.156419
0.164827
0.170579
0.174779
0.177758
0.179792
0.181055
0.181653
0.181571
0.180608
0.16332
0.17205
0.177014
0.180588
0.183076
0.184766
0.185816
0.186308
0.186224
0.185388
0.187209
0.184933
0.185971
0.187716
0.189217
0.190361
0.191112
0.191463
0.191366
0.19067
0.196378
0.193855
0.193882
0.194691
0.195543
0.196265
0.196761
0.196985
0.196882
0.196328
0.202626
0.201179
0.201054
0.201426
0.201898
0.202334
0.202641
0.202768
0.202667
0.202243
0.20884
0.20803
0.207872
0.208015
0.208256
0.2085
0.208671
0.20873
0.208635
0.20832
0.215066
0.214603
0.21446
0.214492
0.214598
0.214716
0.214797
0.214808
0.214722
0.214492
0.221304
0.221032
0.220916
0.220895
0.220921
0.22096
0.220979
0.220958
0.220879
0.220712
0.227572
0.227401
0.227305
0.227255
0.227231
0.227217
0.227193
0.227148
0.227073
0.226949
0.23387
0.233752
0.233662
0.233592
0.233533
0.233479
0.233422
0.233357
0.233281
0.233183
0.240202
0.240104
0.240011
0.239919
0.23983
0.239744
0.239657
0.239571
0.239487
0.239398
0.246572
0.246471
0.246363
0.246246
0.246126
0.246007
0.24589
0.24578
0.245679
0.245583
0.252991
0.252864
0.252726
0.252576
0.252421
0.252267
0.252117
0.251976
0.251849
0.251727
0.259469
0.259289
0.259104
0.25891
0.258714
0.258524
0.258337
0.258158
0.257991
0.257821
0.266025
0.265748
0.265493
0.265243
0.265004
0.264776
0.264551
0.264328
0.264105
0.263856
0.27268
0.272239
0.271878
0.271562
0.271281
0.271024
0.270766
0.270495
0.270197
0.269826
0.27947
0.278741
0.278227
0.277838
0.277532
0.277271
0.276999
0.276683
0.276288
0.275733
0.286456
0.285207
0.284466
0.284013
0.283727
0.283519
0.283278
0.282934
0.282418
0.281591
0.293683
0.291488
0.290434
0.289975
0.289815
0.289774
0.289655
0.289328
0.288667
0.287445
0.301025
0.297194
0.295803
0.295524
0.295709
0.296047
0.296216
0.295997
0.295173
0.293383
0.308802
0.301978
0.300126
0.300369
0.301285
0.302357
0.303095
0.30315
0.302167
0.299572
0.319471
0.305109
0.302239
0.303792
0.306234
0.308683
0.310472
0.311106
0.310017
0.306295
0.1877
0.185039
0.186047
0.187758
0.189233
0.190367
0.191114
0.191464
0.191377
0.190659
0.196437
0.193824
0.193909
0.194716
0.195555
0.196272
0.196764
0.196988
0.196892
0.19632
0.202625
0.201142
0.201058
0.201436
0.201905
0.202339
0.202644
0.202771
0.202675
0.202238
0.208852
0.208016
0.207875
0.20802
0.208261
0.208503
0.208674
0.208733
0.208642
0.208317
0.215074
0.214595
0.214461
0.214495
0.214601
0.214719
0.214799
0.21481
0.214727
0.21449
0.221308
0.221027
0.220916
0.220896
0.220923
0.220961
0.22098
0.220959
0.220882
0.220711
0.227573
0.227399
0.227304
0.227255
0.227232
0.227218
0.227194
0.227149
0.227075
0.226949
0.233871
0.23375
0.233662
0.233592
0.233533
0.23348
0.233423
0.233358
0.233283
0.233182
0.240203
0.240103
0.240011
0.239919
0.23983
0.239744
0.239658
0.239572
0.239488
0.239397
0.246573
0.24647
0.246363
0.246246
0.246126
0.246007
0.245891
0.24578
0.24568
0.245582
0.252991
0.252863
0.252726
0.252576
0.252421
0.252267
0.252118
0.251977
0.25185
0.251727
0.25947
0.259287
0.259103
0.258909
0.258714
0.258524
0.258338
0.25816
0.257993
0.257821
0.266026
0.265745
0.265491
0.265242
0.265004
0.264776
0.264552
0.26433
0.264109
0.263856
0.272683
0.272232
0.271876
0.271561
0.271281
0.271025
0.270768
0.270498
0.270204
0.269825
0.279476
0.278729
0.278223
0.277836
0.277531
0.277272
0.277002
0.276687
0.276298
0.27573
0.286468
0.285186
0.284461
0.284011
0.283727
0.283521
0.283282
0.282941
0.282433
0.281586
0.29372
0.291457
0.29043
0.289976
0.289816
0.289778
0.289661
0.289337
0.288691
0.287436
0.301087
0.297115
0.295789
0.295525
0.29571
0.296053
0.296224
0.296009
0.295208
0.293369
0.308847
0.301777
0.300109
0.300387
0.301293
0.302367
0.303105
0.303167
0.302219
0.299549
0.320224
0.305116
0.302384
0.30389
0.306267
0.3087
0.310484
0.311128
0.310094
0.306258
0.1877
0.185039
0.186047
0.187758
0.189233
0.190367
0.191114
0.191464
0.191377
0.190659
0.196437
0.193824
0.193909
0.194716
0.195555
0.196272
0.196764
0.196988
0.196892
0.19632
0.202625
0.201142
0.201058
0.201436
0.201905
0.202339
0.202644
0.202771
0.202675
0.202238
0.208852
0.208016
0.207875
0.20802
0.208261
0.208503
0.208674
0.208733
0.208642
0.208317
0.215074
0.214595
0.214461
0.214495
0.214601
0.214719
0.214799
0.21481
0.214727
0.21449
0.221308
0.221027
0.220916
0.220896
0.220923
0.220961
0.22098
0.220959
0.220882
0.220711
0.227573
0.227399
0.227304
0.227255
0.227232
0.227218
0.227194
0.227149
0.227075
0.226949
0.233871
0.23375
0.233662
0.233592
0.233533
0.23348
0.233423
0.233358
0.233283
0.233182
0.240203
0.240103
0.240011
0.239919
0.23983
0.239744
0.239658
0.239572
0.239488
0.239397
0.246573
0.24647
0.246363
0.246246
0.246126
0.246007
0.245891
0.24578
0.24568
0.245582
0.252991
0.252863
0.252726
0.252576
0.252421
0.252267
0.252118
0.251977
0.25185
0.251727
0.25947
0.259287
0.259103
0.258909
0.258714
0.258524
0.258338
0.25816
0.257993
0.257821
0.266026
0.265745
0.265491
0.265242
0.265004
0.264776
0.264552
0.26433
0.264109
0.263856
0.272683
0.272232
0.271876
0.271561
0.271281
0.271025
0.270768
0.270498
0.270204
0.269825
0.279476
0.278729
0.278223
0.277836
0.277531
0.277272
0.277002
0.276687
0.276298
0.27573
0.286468
0.285186
0.284461
0.284011
0.283727
0.283521
0.283282
0.282941
0.282433
0.281586
0.29372
0.291457
0.29043
0.289976
0.289816
0.289778
0.289661
0.289337
0.288691
0.287436
0.301087
0.297115
0.295789
0.295525
0.29571
0.296053
0.296224
0.296009
0.295208
0.293369
0.308847
0.301777
0.300109
0.300387
0.301293
0.302367
0.303105
0.303167
0.302219
0.299549
0.320224
0.305116
0.302384
0.30389
0.306267
0.3087
0.310484
0.311128
0.310094
0.306258
0.187209
0.184933
0.185971
0.187716
0.189217
0.190361
0.191112
0.191463
0.191366
0.19067
0.196378
0.193856
0.193882
0.194691
0.195543
0.196265
0.196761
0.196985
0.196882
0.196328
0.202626
0.201179
0.201054
0.201426
0.201898
0.202334
0.202641
0.202768
0.202667
0.202243
0.20884
0.20803
0.207872
0.208015
0.208256
0.2085
0.208671
0.20873
0.208635
0.20832
0.215066
0.214603
0.21446
0.214492
0.214598
0.214716
0.214797
0.214808
0.214722
0.214492
0.221304
0.221032
0.220916
0.220895
0.220921
0.22096
0.220979
0.220958
0.220879
0.220712
0.227572
0.227401
0.227305
0.227255
0.227231
0.227217
0.227193
0.227148
0.227073
0.226949
0.23387
0.233752
0.233662
0.233592
0.233533
0.233479
0.233422
0.233357
0.233281
0.233183
0.240202
0.240104
0.240011
0.239919
0.23983
0.239743
0.239657
0.239571
0.239487
0.239398
0.246572
0.246471
0.246363
0.246246
0.246126
0.246007
0.24589
0.24578
0.245679
0.245583
0.252991
0.252864
0.252726
0.252576
0.252421
0.252267
0.252117
0.251976
0.251849
0.251727
0.259469
0.259289
0.259104
0.25891
0.258714
0.258524
0.258337
0.258158
0.257991
0.257821
0.266025
0.265748
0.265493
0.265243
0.265004
0.264776
0.264551
0.264328
0.264105
0.263856
0.27268
0.272239
0.271878
0.271562
0.271281
0.271024
0.270766
0.270495
0.270197
0.269826
0.27947
0.278741
0.278227
0.277838
0.277532
0.27727
0.276999
0.276683
0.276288
0.275732
0.286455
0.285207
0.284466
0.284013
0.283727
0.283518
0.283278
0.282934
0.282418
0.281591
0.293683
0.291488
0.290434
0.289975
0.289815
0.289774
0.289655
0.289328
0.288667
0.287444
0.301024
0.297194
0.295803
0.295524
0.295709
0.296047
0.296216
0.295997
0.295173
0.293383
0.308801
0.301978
0.300126
0.300369
0.301284
0.302357
0.303095
0.30315
0.302167
0.299572
0.319471
0.305108
0.302238
0.303791
0.306233
0.308683
0.310472
0.311106
0.310017
0.306295
0.28369
0.290987
0.298001
0.304404
0.310106
0.315017
0.318617
0.320341
0.319302
0.314028
0.267475
0.282309
0.294181
0.304528
0.313759
0.321788
0.328001
0.331557
0.330919
0.323576
0.259378
0.276176
0.290889
0.304498
0.317309
0.329096
0.338984
0.345602
0.346187
0.33634
0.25352
0.27106
0.287665
0.304002
0.320397
0.33664
0.35168
0.36342
0.367053
0.354978
0.24874
0.266488
0.284223
0.302666
0.322437
0.343738
0.365796
0.38592
0.396376
0.384724
0.244735
0.262333
0.28057
0.300424
0.323074
0.349686
0.380736
0.413873
0.438205
0.435182
0.24163
0.258981
0.277399
0.298178
0.32321
0.355119
0.396913
0.448601
0.497872
0.521579
0.239768
0.25709
0.275843
0.29768
0.3253
0.363072
0.417518
0.493393
0.582466
0.674316
0.239023
0.256476
0.275656
0.298572
0.328787
0.372672
0.441124
0.546835
0.701619
0.976134
0.238623
0.255746
0.274379
0.296477
0.325759
0.369707
0.444215
0.580572
0.853656
1.46284
0.283887
0.290679
0.297909
0.304379
0.310089
0.31501
0.318615
0.320362
0.319413
0.313971
0.267703
0.282257
0.294136
0.304497
0.313731
0.321769
0.327984
0.331578
0.331082
0.323493
0.259521
0.276185
0.290874
0.304475
0.31728
0.329065
0.338947
0.345616
0.346424
0.336226
0.253576
0.271068
0.287658
0.303985
0.320367
0.336596
0.351611
0.363416
0.367381
0.354821
0.248771
0.266502
0.284227
0.30266
0.322416
0.343689
0.365694
0.385892
0.396788
0.384529
0.244755
0.262345
0.280576
0.30042
0.323052
0.349618
0.380581
0.413801
0.438659
0.435145
0.241639
0.258982
0.277386
0.298143
0.323131
0.354933
0.396565
0.448336
0.498094
0.522034
0.239782
0.257103
0.275851
0.297671
0.325234
0.362836
0.417035
0.492863
0.581377
0.673892
0.239067
0.25655
0.275779
0.298771
0.329083
0.373025
0.44154
0.547049
0.698155
0.973465
0.238654
0.255787
0.274434
0.29656
0.325891
0.369927
0.444735
0.581205
0.850134
1.47199
0.283887
0.290679
0.297909
0.304379
0.310089
0.31501
0.318615
0.320362
0.319413
0.313971
0.267703
0.282257
0.294136
0.304497
0.313731
0.321769
0.327984
0.331577
0.331082
0.323493
0.259521
0.276185
0.290874
0.304475
0.31728
0.329065
0.338947
0.345616
0.346424
0.336226
0.253576
0.271068
0.287658
0.303985
0.320367
0.336596
0.351611
0.363416
0.367381
0.354821
0.248771
0.266502
0.284227
0.30266
0.322416
0.343689
0.365694
0.385892
0.396788
0.384529
0.244755
0.262346
0.280576
0.30042
0.323053
0.349618
0.380581
0.413801
0.438659
0.435145
0.241639
0.258982
0.277386
0.298143
0.323131
0.354933
0.396565
0.448336
0.498094
0.522034
0.239782
0.257103
0.275851
0.297671
0.325234
0.362836
0.417035
0.492863
0.581377
0.673892
0.239067
0.25655
0.275779
0.298771
0.329083
0.373025
0.44154
0.547049
0.698155
0.973465
0.238654
0.255787
0.274434
0.29656
0.325891
0.369927
0.444735
0.581205
0.850134
1.47199
0.28369
0.290987
0.298001
0.304404
0.310106
0.315017
0.318617
0.320341
0.319302
0.314028
0.267475
0.282309
0.294181
0.304528
0.313759
0.321788
0.328001
0.331557
0.330919
0.323576
0.259378
0.276176
0.290889
0.304498
0.317309
0.329096
0.338984
0.345602
0.346187
0.33634
0.25352
0.27106
0.287665
0.304002
0.320397
0.33664
0.35168
0.36342
0.367053
0.354978
0.24874
0.266488
0.284223
0.302666
0.322437
0.343738
0.365796
0.38592
0.396376
0.384724
0.244735
0.262333
0.28057
0.300424
0.323074
0.349686
0.380736
0.413873
0.438205
0.435182
0.24163
0.258981
0.277399
0.298178
0.32321
0.355119
0.396913
0.448601
0.497872
0.521579
0.239768
0.25709
0.275843
0.29768
0.3253
0.363072
0.417518
0.493393
0.582466
0.674316
0.239024
0.256477
0.275656
0.298572
0.328787
0.372672
0.441124
0.546835
0.701619
0.976134
0.238623
0.255746
0.274379
0.296477
0.325759
0.369708
0.444215
0.580572
0.853656
1.46284
-0.125851
-0.104348
-0.0858496
-0.0679675
-0.0499585
-0.0317638
-0.0134052
0.00508657
0.0236822
0.0423603
0.0611093
0.0799267
0.0988207
0.117813
0.136949
0.156321
0.176102
0.196651
0.219487
0.249444
-0.119226
-0.102247
-0.0850302
-0.067526
-0.0496612
-0.0315449
-0.0132386
0.00521582
0.0237855
0.0424475
0.061189
0.0800077
0.0989133
0.117931
0.137112
0.156549
0.176391
0.196852
0.218575
0.243038
-0.117568
-0.101715
-0.0849389
-0.0675449
-0.0497215
-0.0316114
-0.0132965
0.00516939
0.0237484
0.0424156
0.0611565
0.0799667
0.0988523
0.117832
0.136945
0.156254
0.175856
0.195869
0.21653
0.238167
-0.118513
-0.102506
-0.0855904
-0.068068
-0.0501375
-0.0319341
-0.0135423
0.00498252
0.023603
0.0422948
0.0610431
0.0798408
0.0986885
0.117595
0.136578
0.15567
0.174913
0.194351
0.214051
0.234018
-0.121118
-0.104366
-0.0869361
-0.0690505
-0.0508587
-0.0324635
-0.0139315
0.00469338
0.023382
0.0421146
0.0608779
0.079663
0.0984643
0.117279
0.136106
0.154946
0.173798
0.192654
0.211503
0.230296
-0.124554
-0.106793
-0.0886567
-0.0702744
-0.0517334
-0.0330913
-0.0143851
0.00436109
0.0231308
0.0419117
0.0606937
0.0794669
0.09822
0.116939
0.135606
0.154196
0.172674
0.191001
0.209136
0.227055
-0.1277
-0.108997
-0.0902001
-0.0713581
-0.0524978
-0.0336337
-0.0147736
0.00407781
0.0229164
0.0417371
0.0605325
0.0792918
0.0979991
0.116631
0.135156
0.15353
0.171699
0.189604
0.2072
0.224499
-0.129331
-0.110105
-0.0909588
-0.0718828
-0.0528645
-0.0338932
-0.0149605
0.00393889
0.0228066
0.0416403
0.0604331
0.0791722
0.0978373
0.116399
0.134816
0.153034
0.170992
0.188628
0.205908
0.222879
-0.128533
-0.10952
-0.0905424
-0.0715915
-0.0526631
-0.0337552
-0.0148674
0.00399929
0.0228417
0.0416534
0.0604237
0.0791362
0.0977664
0.11628
0.134633
0.152766
0.170617
0.188129
0.205283
0.222155
-0.124791
-0.106968
-0.0888021
-0.0704011
-0.0518448
-0.0331894
-0.0144733
0.00427603
0.0230379
0.0417942
0.0605263
0.0792119
0.0978227
0.116321
0.134659
0.152776
0.170604
0.188082
0.205179
0.221955
-0.125863
-0.104231
-0.0858383
-0.0679725
-0.04996
-0.031765
-0.0134064
0.0050855
0.0236812
0.0423595
0.0611084
0.0799256
0.0988192
0.117811
0.136945
0.156314
0.176099
0.196638
0.21932
0.24917
-0.119167
-0.102154
-0.0850019
-0.0675132
-0.04965
-0.0315367
-0.0132326
0.00522043
0.0237892
0.0424506
0.0611918
0.0800105
0.0989164
0.117935
0.137117
0.156555
0.176403
0.196856
0.218471
0.242874
-0.117571
-0.101682
-0.0849205
-0.0675329
-0.0497127
-0.0316056
-0.0132926
0.00517212
0.0237504
0.0424171
0.0611577
0.0799677
0.0988532
0.117833
0.136944
0.156251
0.175852
0.195855
0.216475
0.238125
-0.118515
-0.102489
-0.0855763
-0.0680576
-0.05013
-0.0319291
-0.0135389
0.00498478
0.0236046
0.0422959
0.0610439
0.0798413
0.0986886
0.117594
0.136577
0.155667
0.174907
0.194339
0.214025
0.234007
-0.121116
-0.104356
-0.0869273
-0.0690436
-0.0508535
-0.0324599
-0.0139291
0.00469503
0.0233831
0.0421153
0.0608783
0.0796631
0.0984642
0.117278
0.136105
0.154944
0.173795
0.192648
0.211494
0.230298
-0.124558
-0.106793
-0.088656
-0.0702735
-0.0517325
-0.0330907
-0.0143847
0.00436126
0.0231308
0.0419116
0.0606935
0.0794665
0.0982194
0.116938
0.135605
0.154194
0.172673
0.190999
0.209135
0.227062
-0.127717
-0.109008
-0.0902082
-0.0713638
-0.0525017
-0.0336365
-0.0147756
0.00407636
0.0229153
0.0417362
0.0605317
0.079291
0.0979982
0.11663
0.135155
0.153529
0.171698
0.189604
0.207203
0.224506
-0.129363
-0.110127
-0.0909743
-0.0718935
-0.0528719
-0.0338983
-0.0149641
0.00393632
0.0228047
0.0416388
0.0604318
0.079171
0.0978362
0.116398
0.134815
0.153034
0.170993
0.188631
0.205914
0.222891
-0.128603
-0.109565
-0.0905724
-0.0716115
-0.0526766
-0.0337645
-0.014874
0.00399454
0.0228381
0.0416505
0.0604211
0.0791337
0.0977639
0.116278
0.13463
0.152765
0.170618
0.188134
0.205296
0.222181
-0.124762
-0.106948
-0.0887881
-0.0703914
-0.051838
-0.0331845
-0.0144699
0.00427848
0.0230397
0.0417956
0.0605273
0.0792129
0.0978239
0.116323
0.134662
0.15278
0.170612
0.188093
0.205195
0.221977
-0.125862
-0.104231
-0.0858383
-0.0679725
-0.04996
-0.031765
-0.0134064
0.0050855
0.0236812
0.0423595
0.0611084
0.0799256
0.0988192
0.117811
0.136945
0.156314
0.176099
0.196638
0.21932
0.24917
-0.119167
-0.102154
-0.0850019
-0.0675132
-0.04965
-0.0315367
-0.0132326
0.00522043
0.0237892
0.0424506
0.0611918
0.0800105
0.0989165
0.117935
0.137117
0.156555
0.176403
0.196856
0.218471
0.242874
-0.117571
-0.101682
-0.0849205
-0.0675329
-0.0497127
-0.0316056
-0.0132926
0.00517211
0.0237504
0.0424171
0.0611577
0.0799677
0.0988532
0.117833
0.136944
0.156252
0.175852
0.195855
0.216475
0.238125
-0.118515
-0.102489
-0.0855763
-0.0680576
-0.05013
-0.0319291
-0.0135389
0.00498478
0.0236046
0.0422959
0.0610439
0.0798413
0.0986886
0.117594
0.136577
0.155667
0.174907
0.194339
0.214025
0.234007
-0.121116
-0.104356
-0.0869273
-0.0690436
-0.0508535
-0.0324599
-0.0139291
0.00469503
0.0233831
0.0421153
0.0608783
0.0796632
0.0984642
0.117278
0.136105
0.154944
0.173795
0.192648
0.211494
0.230298
-0.124558
-0.106793
-0.088656
-0.0702735
-0.0517325
-0.0330907
-0.0143847
0.00436125
0.0231308
0.0419116
0.0606935
0.0794665
0.0982194
0.116938
0.135605
0.154194
0.172673
0.190999
0.209135
0.227062
-0.127717
-0.109009
-0.0902082
-0.0713638
-0.0525017
-0.0336365
-0.0147756
0.00407634
0.0229153
0.0417362
0.0605317
0.079291
0.0979982
0.11663
0.135155
0.153529
0.171698
0.189604
0.207203
0.224506
-0.129363
-0.110127
-0.0909743
-0.0718936
-0.0528719
-0.0338983
-0.0149641
0.0039363
0.0228047
0.0416388
0.0604318
0.079171
0.0978362
0.116398
0.134815
0.153034
0.170993
0.188631
0.205914
0.222891
-0.128603
-0.109565
-0.0905724
-0.0716116
-0.0526767
-0.0337646
-0.014874
0.00399453
0.0228381
0.0416504
0.0604211
0.0791337
0.0977639
0.116278
0.134631
0.152765
0.170618
0.188134
0.205296
0.222181
-0.124762
-0.106948
-0.0887882
-0.0703914
-0.051838
-0.0331846
-0.0144699
0.00427847
0.0230397
0.0417956
0.0605273
0.0792129
0.0978239
0.116323
0.134662
0.15278
0.170612
0.188093
0.205195
0.221977
-0.12585
-0.104348
-0.0858496
-0.0679675
-0.0499585
-0.0317638
-0.0134052
0.00508657
0.0236822
0.0423604
0.0611093
0.0799267
0.0988207
0.117813
0.136949
0.156321
0.176102
0.196652
0.219487
0.249444
-0.119226
-0.102247
-0.0850302
-0.067526
-0.0496612
-0.0315449
-0.0132386
0.00521581
0.0237855
0.0424475
0.0611891
0.0800077
0.0989133
0.117931
0.137112
0.15655
0.176391
0.196852
0.218575
0.243038
-0.117568
-0.101715
-0.0849389
-0.0675449
-0.0497216
-0.0316114
-0.0132965
0.00516938
0.0237484
0.0424156
0.0611565
0.0799667
0.0988523
0.117833
0.136945
0.156254
0.175856
0.195869
0.21653
0.238167
-0.118513
-0.102506
-0.0855904
-0.068068
-0.0501375
-0.0319341
-0.0135423
0.00498251
0.023603
0.0422948
0.0610431
0.0798408
0.0986885
0.117595
0.136578
0.15567
0.174913
0.194351
0.214051
0.234018
-0.121118
-0.104366
-0.0869361
-0.0690505
-0.0508587
-0.0324635
-0.0139316
0.00469336
0.023382
0.0421146
0.0608779
0.079663
0.0984643
0.117279
0.136106
0.154946
0.173798
0.192654
0.211503
0.230296
-0.124554
-0.106793
-0.0886568
-0.0702745
-0.0517334
-0.0330913
-0.0143851
0.00436106
0.0231308
0.0419117
0.0606937
0.0794669
0.09822
0.116939
0.135606
0.154196
0.172675
0.191001
0.209136
0.227055
-0.1277
-0.108997
-0.0902001
-0.0713581
-0.0524978
-0.0336338
-0.0147737
0.00407778
0.0229164
0.0417371
0.0605325
0.0792918
0.0979991
0.116631
0.135156
0.15353
0.171699
0.189604
0.2072
0.2245
-0.129331
-0.110105
-0.0909589
-0.0718829
-0.0528646
-0.0338933
-0.0149605
0.00393886
0.0228066
0.0416403
0.0604331
0.0791722
0.0978373
0.116399
0.134816
0.153034
0.170992
0.188628
0.205908
0.222879
-0.128533
-0.10952
-0.0905425
-0.0715916
-0.0526631
-0.0337553
-0.0148675
0.00399926
0.0228417
0.0416534
0.0604237
0.0791362
0.0977665
0.116281
0.134633
0.152766
0.170617
0.188129
0.205283
0.222155
-0.124791
-0.106968
-0.0888021
-0.0704011
-0.0518449
-0.0331894
-0.0144734
0.004276
0.0230379
0.0417942
0.0605263
0.0792119
0.0978227
0.116321
0.134659
0.152776
0.170604
0.188082
0.205179
0.221955
-0.150959
-0.154397
-0.155079
-0.154097
-0.152072
-0.149359
-0.146319
-0.143288
-0.141446
-0.141456
-0.159935
-0.164542
-0.165138
-0.163401
-0.160221
-0.155972
-0.150955
-0.145356
-0.139486
-0.132677
-0.171324
-0.177346
-0.177657
-0.174876
-0.170313
-0.16441
-0.157475
-0.149676
-0.141088
-0.131131
-0.186593
-0.194124
-0.193659
-0.189299
-0.182948
-0.175119
-0.166131
-0.156146
-0.14519
-0.132925
-0.208275
-0.216761
-0.214347
-0.207406
-0.198539
-0.188257
-0.176854
-0.164488
-0.15119
-0.136821
-0.241168
-0.247962
-0.240909
-0.229554
-0.216936
-0.203342
-0.188953
-0.173883
-0.158159
-0.141733
-0.294581
-0.291305
-0.27388
-0.254913
-0.236603
-0.218542
-0.200566
-0.182587
-0.164505
-0.146225
-0.387251
-0.348974
-0.311124
-0.279847
-0.253371
-0.229923
-0.208352
-0.187913
-0.168118
-0.14865
-0.571938
-0.412903
-0.336946
-0.290591
-0.256575
-0.229862
-0.207204
-0.186554
-0.166866
-0.147614
-0.959187
-0.471083
-0.311252
-0.258258
-0.228472
-0.207771
-0.191018
-0.175128
-0.158929
-0.142147
-0.150917
-0.154471
-0.155092
-0.154096
-0.152069
-0.149352
-0.146314
-0.143224
-0.141213
-0.141658
-0.159873
-0.164642
-0.165146
-0.163387
-0.160207
-0.155952
-0.15093
-0.145296
-0.139374
-0.132777
-0.171241
-0.177481
-0.177655
-0.174845
-0.170286
-0.164382
-0.157448
-0.149641
-0.141058
-0.131202
-0.186486
-0.194301
-0.193633
-0.189239
-0.182903
-0.175079
-0.166095
-0.156112
-0.145167
-0.132949
-0.208147
-0.21697
-0.214272
-0.207305
-0.198471
-0.188202
-0.17681
-0.164455
-0.151171
-0.136825
-0.241067
-0.248128
-0.240725
-0.229395
-0.216845
-0.203281
-0.188914
-0.173862
-0.158152
-0.141739
-0.294744
-0.291213
-0.273468
-0.254667
-0.23649
-0.218488
-0.200548
-0.18259
-0.16452
-0.146245
-0.387541
-0.34823
-0.310722
-0.27979
-0.253418
-0.229996
-0.208429
-0.18798
-0.168174
-0.148694
-0.569852
-0.410481
-0.337737
-0.291737
-0.25734
-0.230388
-0.207571
-0.186798
-0.167026
-0.14772
-0.967116
-0.466751
-0.311062
-0.258558
-0.22823
-0.207513
-0.190866
-0.175031
-0.158862
-0.142102
-0.150917
-0.154471
-0.155092
-0.154096
-0.152069
-0.149352
-0.146314
-0.143224
-0.141213
-0.141658
-0.159873
-0.164642
-0.165146
-0.163387
-0.160207
-0.155952
-0.15093
-0.145296
-0.139374
-0.132777
-0.171241
-0.177481
-0.177655
-0.174845
-0.170286
-0.164382
-0.157448
-0.149641
-0.141058
-0.131202
-0.186486
-0.194301
-0.193633
-0.189239
-0.182903
-0.175079
-0.166095
-0.156112
-0.145167
-0.132949
-0.208147
-0.21697
-0.214272
-0.207305
-0.198471
-0.188202
-0.17681
-0.164455
-0.151171
-0.136825
-0.241067
-0.248128
-0.240725
-0.229395
-0.216845
-0.203281
-0.188914
-0.173862
-0.158152
-0.141739
-0.294744
-0.291213
-0.273468
-0.254667
-0.23649
-0.218488
-0.200548
-0.18259
-0.16452
-0.146245
-0.387541
-0.34823
-0.310722
-0.27979
-0.253418
-0.229996
-0.208429
-0.18798
-0.168174
-0.148694
-0.569852
-0.410481
-0.337737
-0.291737
-0.25734
-0.230388
-0.207571
-0.186798
-0.167026
-0.14772
-0.967116
-0.466751
-0.311062
-0.258558
-0.22823
-0.207513
-0.190866
-0.175031
-0.158862
-0.142102
-0.150959
-0.154397
-0.155079
-0.154097
-0.152072
-0.149359
-0.146319
-0.143288
-0.141446
-0.141456
-0.159935
-0.164542
-0.165138
-0.163401
-0.160221
-0.155972
-0.150955
-0.145356
-0.139486
-0.132677
-0.171324
-0.177346
-0.177658
-0.174876
-0.170313
-0.16441
-0.157475
-0.149676
-0.141088
-0.131131
-0.186593
-0.194124
-0.193659
-0.189299
-0.182948
-0.175119
-0.166131
-0.156146
-0.14519
-0.132925
-0.208275
-0.216761
-0.214347
-0.207406
-0.198539
-0.188257
-0.176854
-0.164488
-0.15119
-0.136821
-0.241168
-0.247962
-0.240909
-0.229554
-0.216936
-0.203342
-0.188953
-0.173883
-0.158159
-0.141733
-0.294581
-0.291305
-0.27388
-0.254913
-0.236603
-0.218542
-0.200566
-0.182587
-0.164505
-0.146225
-0.387251
-0.348974
-0.311124
-0.279847
-0.253371
-0.229923
-0.208352
-0.187913
-0.168118
-0.14865
-0.571938
-0.412903
-0.336946
-0.290591
-0.256575
-0.229862
-0.207204
-0.186554
-0.166866
-0.147614
-0.959187
-0.471083
-0.311252
-0.258258
-0.228472
-0.207771
-0.191018
-0.175128
-0.158928
-0.142147
-0.025238
-0.0259585
-0.026157
-0.0260217
-0.0256314
-0.0250352
-0.0243227
-0.0236715
-0.0241349
-0.028259
-0.031251
-0.0318263
-0.0320352
-0.0320278
-0.0318808
-0.0316645
-0.0314996
-0.0315494
-0.032463
-0.0357856
-0.0374834
-0.0379232
-0.0381236
-0.0381941
-0.0381941
-0.0381796
-0.0382397
-0.0384669
-0.0391328
-0.0409041
-0.043832
-0.0441564
-0.0443362
-0.0444458
-0.0445253
-0.0446117
-0.0447607
-0.0450211
-0.0454964
-0.0464393
-0.0502273
-0.0504603
-0.0506145
-0.0507372
-0.0508521
-0.0509798
-0.0511503
-0.0513846
-0.0517141
-0.0522246
-0.0566272
-0.0567921
-0.0569214
-0.0570427
-0.0571675
-0.0573048
-0.0574675
-0.0576603
-0.0578857
-0.0581683
-0.0630084
-0.0631261
-0.0632347
-0.0633489
-0.0634721
-0.0636057
-0.0637528
-0.0639099
-0.064069
-0.064234
-0.0693592
-0.0694475
-0.0695418
-0.069649
-0.0697675
-0.0698945
-0.0700278
-0.0701603
-0.070281
-0.0703871
-0.0756738
-0.0757478
-0.0758354
-0.0759393
-0.0760553
-0.0761783
-0.0763038
-0.0764235
-0.0765256
-0.0766055
-0.0819488
-0.0820226
-0.0821121
-0.0822183
-0.0823363
-0.0824607
-0.0825864
-0.0827048
-0.0828041
-0.082879
-0.0881809
-0.0882694
-0.0883701
-0.0884854
-0.0886111
-0.088743
-0.0888774
-0.0890065
-0.0891179
-0.0892057
-0.0943662
-0.0944871
-0.0946098
-0.0947409
-0.0948795
-0.0950247
-0.0951765
-0.095329
-0.0954692
-0.0955903
-0.1005
-0.100677
-0.100834
-0.100986
-0.101141
-0.101303
-0.10148
-0.10167
-0.101861
-0.102045
-0.106579
-0.106844
-0.107048
-0.107226
-0.107394
-0.107571
-0.107778
-0.108024
-0.108297
-0.108593
-0.112604
-0.113001
-0.113269
-0.113468
-0.113638
-0.113818
-0.114054
-0.114374
-0.114779
-0.11528
-0.118584
-0.119176
-0.119522
-0.11973
-0.119873
-0.120023
-0.120272
-0.120684
-0.121301
-0.122193
-0.124552
-0.125424
-0.12586
-0.126044
-0.126101
-0.126155
-0.126367
-0.126871
-0.127813
-0.129463
-0.130578
-0.131841
-0.132374
-0.132471
-0.132338
-0.132171
-0.13223
-0.132757
-0.134158
-0.137334
-0.136798
-0.138598
-0.13922
-0.139129
-0.138641
-0.138046
-0.137732
-0.138116
-0.140328
-0.147093
-0.143457
-0.145971
-0.146652
-0.146219
-0.145129
-0.143755
-0.142591
-0.142306
-0.14565
-0.16001
-0.0252272
-0.0259707
-0.0261593
-0.0260247
-0.025639
-0.0250531
-0.02437
-0.0237519
-0.0242441
-0.0287938
-0.031244
-0.0318368
-0.0320385
-0.0320319
-0.031888
-0.0316762
-0.0315236
-0.0315735
-0.032422
-0.0358307
-0.0374792
-0.0379316
-0.0381265
-0.0381972
-0.0381984
-0.0381841
-0.0382463
-0.038467
-0.0390914
-0.0408963
-0.0438296
-0.0441626
-0.0443386
-0.0444481
-0.0445282
-0.0446144
-0.0447641
-0.0450225
-0.0454837
-0.0464503
-0.050226
-0.0504646
-0.0506163
-0.0507389
-0.0508539
-0.0509813
-0.0511519
-0.051385
-0.0517088
-0.0522315
-0.0566265
-0.0567951
-0.0569227
-0.0570438
-0.0571686
-0.0573055
-0.057468
-0.0576601
-0.0578826
-0.0581708
-0.0630081
-0.0631281
-0.0632356
-0.0633496
-0.0634727
-0.063606
-0.0637528
-0.0639097
-0.0640676
-0.0642353
-0.0693591
-0.0694487
-0.0695423
-0.0696494
-0.0697679
-0.0698947
-0.0700278
-0.0701603
-0.0702805
-0.0703878
-0.0756738
-0.0757487
-0.0758359
-0.0759397
-0.0760555
-0.0761783
-0.0763038
-0.0764235
-0.0765253
-0.0766059
-0.0819488
-0.0820235
-0.0821125
-0.0822187
-0.0823365
-0.0824607
-0.0825862
-0.0827047
-0.0828039
-0.0828792
-0.0881809
-0.0882706
-0.0883707
-0.0884858
-0.0886113
-0.0887429
-0.0888772
-0.0890063
-0.0891175
-0.0892059
-0.0943661
-0.0944889
-0.0946106
-0.0947415
-0.0948798
-0.0950245
-0.0951761
-0.0953285
-0.0954683
-0.0955908
-0.1005
-0.10068
-0.100835
-0.100987
-0.101141
-0.101303
-0.101479
-0.101669
-0.101859
-0.102046
-0.106579
-0.106849
-0.107051
-0.107227
-0.107395
-0.107571
-0.107777
-0.108022
-0.108293
-0.108594
-0.112602
-0.113009
-0.113272
-0.11347
-0.11364
-0.113818
-0.114052
-0.11437
-0.114772
-0.115282
-0.118581
-0.119188
-0.119527
-0.119734
-0.119875
-0.120024
-0.12027
-0.120679
-0.121288
-0.122199
-0.124547
-0.125442
-0.125868
-0.126049
-0.126105
-0.126157
-0.126367
-0.126865
-0.127789
-0.129483
-0.130568
-0.131869
-0.132385
-0.132479
-0.132345
-0.132174
-0.132232
-0.132745
-0.134086
-0.137332
-0.136782
-0.138638
-0.139234
-0.139138
-0.138652
-0.138056
-0.13775
-0.13811
-0.140156
-0.147026
-0.14343
-0.146026
-0.146668
-0.146229
-0.145144
-0.143782
-0.142665
-0.142416
-0.145643
-0.16053
-0.0252272
-0.0259707
-0.0261593
-0.0260247
-0.025639
-0.0250531
-0.02437
-0.0237519
-0.0242442
-0.0287939
-0.031244
-0.0318368
-0.0320385
-0.0320319
-0.031888
-0.0316762
-0.0315236
-0.0315735
-0.032422
-0.0358308
-0.0374792
-0.0379316
-0.0381265
-0.0381973
-0.0381984
-0.0381841
-0.0382463
-0.038467
-0.0390914
-0.0408963
-0.0438296
-0.0441626
-0.0443386
-0.0444482
-0.0445282
-0.0446144
-0.0447641
-0.0450225
-0.0454837
-0.0464503
-0.050226
-0.0504647
-0.0506163
-0.0507389
-0.0508539
-0.0509813
-0.0511519
-0.051385
-0.0517088
-0.0522315
-0.0566265
-0.0567951
-0.0569227
-0.0570438
-0.0571686
-0.0573055
-0.057468
-0.0576601
-0.0578826
-0.0581708
-0.0630081
-0.0631281
-0.0632356
-0.0633496
-0.0634727
-0.063606
-0.0637529
-0.0639097
-0.0640677
-0.0642353
-0.0693591
-0.0694487
-0.0695423
-0.0696494
-0.0697679
-0.0698947
-0.0700278
-0.0701603
-0.0702805
-0.0703878
-0.0756738
-0.0757487
-0.0758359
-0.0759397
-0.0760555
-0.0761784
-0.0763038
-0.0764235
-0.0765253
-0.0766059
-0.0819488
-0.0820235
-0.0821125
-0.0822187
-0.0823365
-0.0824607
-0.0825862
-0.0827047
-0.0828039
-0.0828792
-0.0881809
-0.0882706
-0.0883707
-0.0884858
-0.0886113
-0.0887429
-0.0888772
-0.0890063
-0.0891175
-0.0892059
-0.0943661
-0.0944889
-0.0946106
-0.0947415
-0.0948798
-0.0950245
-0.0951761
-0.0953285
-0.0954683
-0.0955908
-0.1005
-0.10068
-0.100835
-0.100987
-0.101141
-0.101303
-0.101479
-0.101669
-0.101859
-0.102046
-0.106579
-0.106849
-0.107051
-0.107227
-0.107395
-0.107571
-0.107777
-0.108022
-0.108293
-0.108594
-0.112602
-0.113009
-0.113272
-0.11347
-0.11364
-0.113818
-0.114052
-0.11437
-0.114772
-0.115282
-0.118581
-0.119188
-0.119527
-0.119734
-0.119875
-0.120024
-0.12027
-0.120679
-0.121288
-0.122199
-0.124547
-0.125442
-0.125868
-0.126049
-0.126105
-0.126157
-0.126367
-0.126865
-0.127789
-0.129483
-0.130568
-0.131869
-0.132385
-0.132479
-0.132345
-0.132174
-0.132232
-0.132745
-0.134086
-0.137332
-0.136782
-0.138638
-0.139234
-0.139138
-0.138652
-0.138056
-0.13775
-0.13811
-0.140156
-0.147026
-0.14343
-0.146026
-0.146668
-0.146229
-0.145144
-0.143782
-0.142665
-0.142416
-0.145643
-0.16053
-0.025238
-0.0259586
-0.0261571
-0.0260217
-0.0256314
-0.0250352
-0.0243227
-0.0236715
-0.0241349
-0.0282591
-0.031251
-0.0318263
-0.0320352
-0.0320278
-0.0318808
-0.0316645
-0.0314996
-0.0315494
-0.032463
-0.0357856
-0.0374834
-0.0379233
-0.0381236
-0.0381941
-0.0381941
-0.0381796
-0.0382397
-0.0384669
-0.0391328
-0.0409042
-0.043832
-0.0441564
-0.0443362
-0.0444458
-0.0445253
-0.0446117
-0.0447608
-0.0450212
-0.0454965
-0.0464394
-0.0502273
-0.0504603
-0.0506145
-0.0507372
-0.0508521
-0.0509798
-0.0511504
-0.0513846
-0.0517142
-0.0522247
-0.0566272
-0.0567921
-0.0569214
-0.0570427
-0.0571676
-0.0573048
-0.0574675
-0.0576604
-0.0578857
-0.0581683
-0.0630084
-0.0631262
-0.0632347
-0.0633489
-0.0634721
-0.0636057
-0.0637528
-0.0639099
-0.064069
-0.064234
-0.0693592
-0.0694475
-0.0695418
-0.069649
-0.0697675
-0.0698945
-0.0700278
-0.0701603
-0.070281
-0.0703871
-0.0756739
-0.0757478
-0.0758354
-0.0759393
-0.0760553
-0.0761783
-0.0763039
-0.0764235
-0.0765256
-0.0766055
-0.0819488
-0.0820226
-0.0821121
-0.0822183
-0.0823363
-0.0824607
-0.0825864
-0.0827048
-0.0828041
-0.082879
-0.0881809
-0.0882694
-0.0883701
-0.0884854
-0.0886111
-0.088743
-0.0888775
-0.0890065
-0.0891179
-0.0892057
-0.0943662
-0.0944871
-0.0946098
-0.0947409
-0.0948795
-0.0950247
-0.0951765
-0.095329
-0.0954692
-0.0955903
-0.1005
-0.100677
-0.100834
-0.100986
-0.101141
-0.101303
-0.10148
-0.10167
-0.101861
-0.102045
-0.106579
-0.106844
-0.107048
-0.107226
-0.107394
-0.107571
-0.107778
-0.108024
-0.108297
-0.108593
-0.112604
-0.113001
-0.113269
-0.113468
-0.113638
-0.113818
-0.114054
-0.114374
-0.114779
-0.11528
-0.118584
-0.119176
-0.119522
-0.11973
-0.119873
-0.120023
-0.120272
-0.120684
-0.121301
-0.122193
-0.124552
-0.125424
-0.12586
-0.126044
-0.126101
-0.126155
-0.126367
-0.126871
-0.127813
-0.129463
-0.130578
-0.131841
-0.132374
-0.132471
-0.132338
-0.132171
-0.13223
-0.132757
-0.134158
-0.137334
-0.136798
-0.138598
-0.13922
-0.139129
-0.138641
-0.138046
-0.137732
-0.138116
-0.140328
-0.147093
-0.143457
-0.145971
-0.146652
-0.146219
-0.145129
-0.143755
-0.142591
-0.142306
-0.145649
-0.16001
)
;

boundaryField
{
    carasuperior
    {
        type            zeroGradient;
    }
    lateralizquierda
    {
        type            zeroGradient;
    }
    lateralderecha
    {
        type            zeroGradient;
    }
    carainferior
    {
        type            zeroGradient;
    }
    carainteriores
    {
        type            zeroGradient;
    }
    defaultFaces
    {
        type            empty;
    }
}


// ************************************************************************* //
