/*--------------------------------*- C++ -*----------------------------------*\
| =========                 |                                                 |
| \\      /  F ield         | OpenFOAM: The Open Source CFD Toolbox           |
|  \\    /   O peration     | Version:  2.4.0                                 |
|   \\  /    A nd           | Web:      www.OpenFOAM.org                      |
|    \\/     M anipulation  |                                                 |
\*---------------------------------------------------------------------------*/
FoamFile
{
    version     2.0;
    format      ascii;
    class       volScalarField;
    location    "0.51";
    object      T;
}
// * * * * * * * * * * * * * * * * * * * * * * * * * * * * * * * * * * * * * //

dimensions      [0 0 0 1 0 0 0];

internalField   nonuniform List<scalar> 
1600
(
101.361
104.081
106.8
109.516
112.228
114.935
117.636
120.329
123.014
125.688
128.352
131.003
133.641
136.266
138.875
141.468
144.044
146.603
149.144
151.666
154.17
156.655
159.121
161.569
163.998
166.41
168.804
171.182
173.545
175.894
178.23
180.553
182.866
185.169
187.465
189.753
192.036
194.314
196.59
198.864
101.361
104.084
106.805
109.522
112.236
114.945
117.648
120.343
123.029
125.705
128.37
131.023
133.662
136.288
138.898
141.492
144.069
146.629
149.17
151.693
154.197
156.681
159.147
161.594
164.023
166.434
168.827
171.204
173.566
175.913
178.247
180.569
182.88
185.182
187.475
189.762
192.043
194.319
196.593
198.865
101.363
104.089
106.813
109.535
112.252
114.965
117.67
120.369
123.058
125.737
128.405
131.061
133.703
136.331
138.943
141.539
144.118
146.679
149.221
151.745
154.249
156.734
159.199
161.645
164.073
166.482
168.873
171.248
173.607
175.951
178.282
180.601
182.909
185.207
187.496
189.779
192.056
194.329
196.599
198.867
101.366
104.097
106.827
109.553
112.276
114.993
117.704
120.407
123.101
125.785
128.458
131.117
133.764
136.395
139.01
141.609
144.19
146.753
149.297
151.821
154.326
156.811
159.275
161.721
164.146
166.553
168.942
171.314
173.669
176.009
178.335
180.649
182.951
185.244
187.528
189.806
192.077
194.344
196.607
198.869
101.369
104.107
106.844
109.578
112.307
115.032
117.749
120.459
123.159
125.849
128.527
131.192
133.843
136.479
139.098
141.701
144.285
146.85
149.396
151.922
154.427
156.912
159.376
161.82
164.244
166.648
169.033
171.4
173.751
176.086
178.406
180.713
183.009
185.294
187.571
189.841
192.104
194.363
196.619
198.873
101.374
104.12
106.866
109.608
112.346
115.079
117.805
120.522
123.23
125.927
128.612
131.284
133.941
136.582
139.207
141.814
144.402
146.97
149.519
152.046
154.552
157.037
159.501
161.943
164.364
166.765
169.146
171.508
173.853
176.181
178.494
180.793
183.08
185.357
187.625
189.885
192.139
194.388
196.634
198.878
101.379
104.136
106.892
109.644
112.393
115.135
117.871
120.598
123.315
126.02
128.714
131.393
134.057
136.705
139.336
141.948
144.54
147.113
149.664
152.194
154.701
157.186
159.649
162.089
164.508
166.905
169.281
171.637
173.975
176.295
178.6
180.89
183.167
185.433
187.689
189.938
192.18
194.418
196.652
198.884
101.385
104.154
106.922
109.687
112.447
115.201
117.947
120.685
123.413
126.128
128.831
131.519
134.192
136.847
139.485
142.103
144.7
147.277
149.831
152.363
154.872
157.358
159.82
162.258
164.674
167.066
169.437
171.787
174.117
176.428
178.723
181.002
183.267
185.521
187.765
190
192.229
194.453
196.673
198.891
101.392
104.175
106.956
109.735
112.508
115.275
118.035
120.785
123.524
126.251
128.964
131.662
134.344
137.008
139.653
142.278
144.881
147.462
150.021
152.555
155.066
157.552
160.013
162.449
164.861
167.25
169.614
171.957
174.278
176.58
178.863
181.13
183.382
185.622
187.851
190.071
192.284
194.492
196.697
198.899
101.4
104.198
106.995
109.789
112.577
115.359
118.133
120.896
123.649
126.388
129.113
131.823
134.514
137.188
139.841
142.473
145.083
147.669
150.231
152.769
155.281
157.767
160.227
162.662
165.07
167.453
169.812
172.147
174.459
176.749
179.021
181.274
183.512
185.736
187.948
190.152
192.347
194.538
196.724
198.908
101.408
104.224
107.039
109.849
112.654
115.452
118.242
121.02
123.787
126.541
129.279
132
134.703
137.386
140.048
142.688
145.304
147.896
150.463
153.003
155.517
158.003
160.463
162.895
165.299
167.677
170.029
172.355
174.657
176.937
179.195
181.434
183.656
185.863
188.057
190.241
192.417
194.588
196.754
198.918
101.418
104.253
107.086
109.916
112.739
115.555
118.362
121.157
123.94
126.708
129.46
132.194
134.909
137.603
140.275
142.923
145.546
148.144
150.715
153.258
155.773
158.26
160.718
163.148
165.548
167.921
170.265
172.583
174.874
177.142
179.386
181.609
183.814
186.002
188.177
190.34
192.495
194.644
196.788
198.929
101.429
104.285
107.139
109.989
112.833
115.668
118.494
121.307
124.107
126.891
129.658
132.407
135.134
137.839
140.521
143.178
145.809
148.412
150.987
153.534
156.051
158.537
160.994
163.421
165.817
168.183
170.52
172.828
175.109
177.363
179.593
181.8
183.986
186.155
188.308
190.449
192.58
194.705
196.825
198.942
101.44
104.319
107.197
110.069
112.935
115.792
118.638
121.471
124.29
127.091
129.875
132.638
135.378
138.096
140.788
143.454
146.092
148.702
151.281
153.831
156.349
158.835
161.29
163.713
166.105
168.465
170.793
173.092
175.361
177.602
179.816
182.006
184.173
186.32
188.451
190.567
192.673
194.771
196.865
198.955
101.453
104.358
107.26
110.157
113.047
115.927
118.795
121.65
124.488
127.309
130.109
132.888
135.643
138.374
141.077
143.752
146.398
149.014
151.598
154.15
156.669
159.155
161.608
164.027
166.413
168.766
171.086
173.374
175.631
177.857
180.056
182.227
184.374
186.499
188.606
190.696
192.774
194.844
196.909
198.97
101.467
104.399
107.329
110.253
113.169
116.074
118.967
121.845
124.705
127.545
130.364
133.16
135.931
138.674
141.389
144.074
146.728
149.35
151.939
154.493
157.014
159.499
161.949
164.364
166.744
169.089
171.399
173.676
175.919
178.131
180.312
182.464
184.59
186.692
188.772
190.835
192.884
194.923
196.957
198.985
101.482
104.445
107.405
110.358
113.302
116.235
119.154
122.057
124.94
127.802
130.641
133.455
136.242
139
141.727
144.422
147.085
149.713
152.306
154.864
157.385
159.869
162.316
164.727
167.1
169.436
171.736
174
176.229
178.424
180.587
182.719
184.822
186.898
188.952
190.985
193.003
195.009
197.008
199.003
101.499
104.495
107.487
110.473
113.448
116.411
119.359
122.288
125.197
128.082
130.943
133.776
136.58
139.353
142.093
144.799
147.471
150.106
152.704
155.264
157.786
160.269
162.713
165.118
167.484
169.811
172.099
174.349
176.563
178.74
180.882
182.992
185.07
187.12
189.145
191.147
193.131
195.101
197.064
199.021
101.517
104.55
107.578
110.599
113.608
116.604
119.582
122.541
125.477
128.387
131.271
134.125
136.947
139.736
142.49
145.209
147.889
150.532
153.135
155.698
158.221
160.702
163.143
165.542
167.899
170.216
172.492
174.727
176.923
179.08
181.201
183.286
185.338
187.359
189.353
191.322
193.269
195.202
197.125
199.041
101.537
104.61
107.678
110.737
113.783
116.815
119.827
122.817
125.783
128.721
131.629
134.505
137.347
140.154
142.923
145.654
148.345
150.995
153.603
156.17
158.693
161.173
163.61
166.002
168.351
170.656
172.918
175.137
177.314
179.45
181.546
183.605
185.628
187.617
189.577
191.51
193.419
195.31
197.191
199.063
101.559
104.676
107.787
110.888
113.976
117.046
120.095
123.12
126.118
129.085
132.021
134.921
137.785
140.61
143.395
146.139
148.841
151.499
154.114
156.683
159.208
161.686
164.118
166.503
168.843
171.135
173.382
175.583
177.739
179.852
181.922
183.951
185.942
187.898
189.82
191.714
193.582
195.429
197.263
199.087
101.584
104.749
107.908
111.056
114.188
117.301
120.39
123.453
126.486
129.485
132.45
135.376
138.263
141.108
143.91
146.669
149.382
152.05
154.67
157.244
159.769
162.245
164.672
167.05
169.379
171.658
173.888
176.07
178.204
180.291
182.332
184.329
186.286
188.203
190.085
191.936
193.758
195.558
197.342
199.113
101.611
104.83
108.042
111.241
114.422
117.582
120.716
123.82
126.89
129.925
132.92
135.875
138.787
141.653
144.474
147.248
149.974
152.651
155.278
157.855
160.381
162.855
165.277
167.647
169.964
172.229
174.442
176.602
178.712
180.771
182.781
184.744
186.661
188.537
190.375
192.178
193.951
195.698
197.428
199.141
101.641
104.919
108.189
111.445
114.681
117.892
121.075
124.224
127.336
130.408
133.438
136.423
139.361
142.251
145.092
147.882
150.622
153.309
155.943
158.523
161.05
163.522
165.938
168.299
170.605
172.854
175.047
177.185
179.268
181.297
183.273
185.198
187.074
188.905
190.693
192.445
194.163
195.852
197.522
199.172
101.674
105.019
108.354
111.672
114.968
118.236
121.472
124.67
127.827
130.941
134.007
137.025
139.992
142.907
145.769
148.577
151.33
154.027
156.669
159.254
161.781
164.25
166.661
169.012
171.304
173.537
175.71
177.823
179.878
181.874
183.813
185.697
187.528
189.309
191.044
192.738
194.395
196.022
197.626
199.207
101.711
105.13
108.537
111.925
115.287
118.618
121.912
125.164
128.37
131.528
134.634
137.687
140.684
143.626
146.51
149.336
152.104
154.813
157.462
160.051
162.579
165.046
167.45
169.791
172.07
174.284
176.435
178.523
180.547
182.508
184.408
186.247
188.029
189.755
191.431
193.062
194.653
196.209
197.741
199.245
101.753
105.254
108.741
112.206
115.642
119.042
122.4
125.711
128.97
132.176
135.325
138.415
141.445
144.414
147.322
150.168
152.951
155.672
158.329
160.922
163.45
165.914
168.311
170.642
172.906
175.102
177.23
179.29
181.281
183.205
185.062
186.854
188.582
190.249
191.861
193.422
194.938
196.417
197.869
199.288
101.799
105.392
108.969
112.521
116.038
119.514
122.942
126.317
129.634
132.891
136.086
139.216
142.28
145.279
148.212
151.078
153.877
156.609
159.274
161.872
164.401
166.861
169.251
171.571
173.819
175.996
178.099
180.13
182.087
183.971
185.783
187.523
189.193
190.796
192.337
193.822
195.256
196.649
198.011
199.335
101.851
105.548
109.226
112.874
116.482
120.042
123.546
126.99
130.37
133.681
136.924
140.096
143.197
146.226
149.185
152.071
154.887
157.632
160.305
162.906
165.436
167.892
170.275
172.583
174.816
176.972
179.05
181.051
182.972
184.814
186.577
188.262
189.87
191.404
192.868
194.268
195.612
196.908
198.17
199.388
101.911
105.724
109.515
113.271
116.979
120.631
124.219
127.738
131.184
134.554
137.848
141.064
144.202
147.263
150.248
153.156
155.988
158.745
161.426
164.032
166.562
169.014
171.389
173.686
175.902
178.037
180.09
182.059
183.942
185.741
187.453
189.079
190.62
192.079
193.46
194.767
196.01
197.2
198.348
199.448
101.978
105.924
109.843
113.719
117.539
121.292
124.971
128.57
132.086
135.518
138.865
142.126
145.303
148.397
151.408
154.337
157.186
159.955
162.645
165.255
167.784
170.233
172.6
174.884
177.084
179.198
181.224
183.161
185.007
186.759
188.419
189.983
191.454
192.833
194.122
195.328
196.46
197.53
198.549
199.515
102.055
106.153
110.218
114.229
118.172
122.036
125.812
129.497
133.087
136.582
139.983
143.291
146.507
149.633
152.671
155.622
158.488
161.269
163.966
166.58
169.109
171.554
173.913
176.186
178.369
180.462
182.462
184.366
186.173
187.879
189.484
190.985
192.382
193.674
194.866
195.961
196.969
197.904
198.778
199.593
102.144
106.417
110.647
114.811
118.891
122.874
126.755
130.529
134.196
137.757
141.213
144.567
147.822
150.98
154.044
157.016
159.898
162.691
165.396
168.013
170.542
172.983
175.335
177.595
179.763
181.835
183.808
185.681
187.449
189.11
190.66
192.095
193.415
194.618
195.705
196.68
197.55
198.333
199.041
199.682
102.249
106.725
111.147
115.482
119.711
123.824
127.814
131.681
135.425
139.051
142.562
145.962
149.255
152.444
155.533
158.525
161.422
164.226
166.939
169.559
172.089
174.526
176.87
179.119
181.271
183.324
185.272
187.114
188.845
190.461
191.956
193.327
194.569
195.679
196.655
197.5
198.219
198.83
199.346
199.788
102.374
107.092
111.734
116.262
120.654
124.903
129.006
132.966
136.788
140.477
144.041
147.484
150.813
154.031
157.144
160.155
163.066
165.881
168.599
171.223
173.753
176.187
178.524
180.763
182.901
184.935
186.861
188.674
190.371
191.944
193.387
194.695
195.859
196.875
197.737
198.444
198.998
199.415
199.709
199.917
102.528
107.538
112.438
117.178
121.745
126.133
130.349
134.4
138.296
142.045
145.658
149.141
152.502
155.747
158.882
161.909
164.834
167.658
170.383
173.01
175.539
177.97
180.302
182.532
184.657
186.675
188.581
190.369
192.034
193.569
194.965
196.214
197.305
198.229
198.977
199.539
199.914
200.115
200.148
200.073
102.726
108.101
113.298
118.271
123.015
127.542
131.865
136
139.962
143.765
147.421
150.94
154.33
157.598
160.751
163.793
166.729
169.562
172.292
174.922
177.452
179.881
182.208
184.431
186.547
188.551
190.44
192.207
193.846
195.348
196.703
197.901
198.927
199.768
200.406
200.827
201.013
200.972
200.691
200.267
102.999
108.845
114.377
119.588
124.504
129.157
133.574
137.781
141.8
145.648
149.34
152.887
156.301
159.588
162.757
165.812
168.757
171.597
174.332
176.965
179.496
181.924
184.248
186.466
188.575
190.57
192.446
194.197
195.816
197.292
198.616
199.773
200.747
201.519
202.065
202.357
202.359
202.057
201.396
200.528
103.459
109.885
115.753
121.184
126.25
131.005
135.497
139.76
143.822
147.704
151.423
154.992
158.423
161.726
164.906
167.971
170.924
173.77
176.51
179.146
181.678
184.107
186.43
188.645
190.749
192.738
194.607
196.348
197.953
199.413
200.715
201.844
202.782
203.506
203.986
204.182
204.036
203.492
202.407
200.967
104.307
111.471
117.614
123.194
128.35
133.164
137.696
141.988
146.072
149.971
153.704
157.286
160.727
164.037
167.224
170.294
173.252
176.101
178.844
181.481
184.015
186.443
188.766
190.98
193.082
195.068
196.932
198.668
200.266
201.717
203.007
204.121
205.039
205.736
206.178
206.323
206.094
205.413
204.036
202.017
)
;

boundaryField
{
    carasuperior
    {
        type            fixedGradient;
        gradient        uniform 100;
    }
    lateralizquierda
    {
        type            fixedValue;
        value           uniform 100;
    }
    lateralderecha
    {
        type            fixedValue;
        value           uniform 200;
    }
    carainferior
    {
        type            zeroGradient;
    }
    frontAndBack
    {
        type            empty;
    }
}


// ************************************************************************* //
