/*--------------------------------*- C++ -*----------------------------------*\
| =========                 |                                                 |
| \\      /  F ield         | OpenFOAM: The Open Source CFD Toolbox           |
|  \\    /   O peration     | Version:  2.4.0                                 |
|   \\  /    A nd           | Web:      www.OpenFOAM.org                      |
|    \\/     M anipulation  |                                                 |
\*---------------------------------------------------------------------------*/
FoamFile
{
    version     2.0;
    format      ascii;
    class       volScalarField;
    location    "0.65";
    object      T;
}
// * * * * * * * * * * * * * * * * * * * * * * * * * * * * * * * * * * * * * //

dimensions      [0 0 0 1 0 0 0];

internalField   nonuniform List<scalar> 
1600
(
101.401
104.201
106.999
109.792
112.581
115.361
118.133
120.894
123.643
126.378
129.098
131.801
134.485
137.151
139.795
142.418
145.019
147.596
150.148
152.676
155.18
157.658
160.111
162.539
164.944
167.324
169.683
172.019
174.335
176.632
178.912
181.175
183.424
185.66
187.885
190.101
192.308
194.51
196.708
198.903
101.401
104.203
107.003
109.799
112.589
115.371
118.145
120.908
123.658
126.395
129.116
131.82
134.507
137.173
139.819
142.443
145.044
147.621
150.174
152.703
155.206
157.684
160.137
162.565
164.968
167.348
169.705
172.041
174.355
176.651
178.929
181.191
183.438
185.672
187.896
190.109
192.315
194.515
196.711
198.904
101.403
104.209
107.012
109.811
112.605
115.391
118.168
120.934
123.688
126.427
129.152
131.859
134.547
137.216
139.864
142.49
145.093
147.672
150.226
152.755
155.258
157.736
160.188
162.616
165.018
167.396
169.751
172.084
174.397
176.689
178.964
181.223
183.466
185.697
187.917
190.127
192.329
194.525
196.717
198.906
101.406
104.217
107.025
109.83
112.628
115.42
118.202
120.973
123.731
126.476
129.204
131.915
134.608
137.28
139.931
142.56
145.165
147.746
150.301
152.831
155.335
157.813
160.265
162.691
165.091
167.468
169.82
172.15
174.458
176.747
179.017
181.271
183.509
185.734
187.948
190.153
192.349
194.539
196.725
198.909
101.409
104.227
107.043
109.854
112.66
115.458
118.247
121.024
123.789
126.539
129.273
131.99
134.687
137.364
140.02
142.652
145.26
147.843
150.401
152.932
155.437
157.914
160.366
162.79
165.189
167.562
169.911
172.236
174.54
176.823
179.087
181.334
183.566
185.784
187.991
190.188
192.377
194.559
196.737
198.913
101.414
104.24
107.065
109.885
112.699
115.505
118.302
121.088
123.86
126.618
129.359
132.082
134.786
137.468
140.129
142.765
145.377
147.964
150.523
153.056
155.562
158.04
160.49
162.913
165.309
167.679
170.024
172.344
174.642
176.918
179.175
181.414
183.638
185.847
188.044
190.232
192.411
194.584
196.752
198.918
101.419
104.256
107.091
109.921
112.746
115.562
118.369
121.163
123.945
126.711
129.461
132.192
134.902
137.592
140.258
142.9
145.516
148.106
150.669
153.204
155.711
158.189
160.638
163.059
165.452
167.818
170.158
172.473
174.764
177.032
179.281
181.51
183.724
185.922
188.109
190.285
192.452
194.613
196.77
198.924
101.425
104.274
107.121
109.963
112.8
115.628
118.445
121.251
124.043
126.82
129.578
132.318
135.037
137.734
140.407
143.055
145.676
148.27
150.837
153.374
155.882
158.36
160.809
163.228
165.618
167.98
170.314
172.622
174.905
177.165
179.403
181.622
183.824
186.01
188.184
190.346
192.501
194.648
196.791
198.931
101.432
104.295
107.156
110.012
112.861
115.702
118.533
121.351
124.155
126.942
129.712
132.462
135.19
137.895
140.575
143.23
145.857
148.456
151.026
153.566
156.075
158.554
161.002
163.419
165.805
168.163
170.491
172.791
175.066
177.316
179.543
181.75
183.938
186.111
188.27
190.417
192.556
194.688
196.814
198.938
101.44
104.318
107.194
110.066
112.93
115.786
118.631
121.463
124.28
127.08
129.861
132.622
135.36
138.075
140.764
143.425
146.059
148.663
151.237
153.779
156.29
158.769
161.216
163.631
166.014
168.366
170.688
172.981
175.246
177.485
179.7
181.894
184.068
186.224
188.367
190.498
192.619
194.733
196.842
198.947
101.449
104.344
107.238
110.126
113.008
115.88
118.74
121.587
124.419
127.233
130.027
132.8
135.549
138.273
140.971
143.641
146.281
148.89
151.468
154.014
156.527
159.006
161.452
163.864
166.243
168.59
170.905
173.189
175.444
177.672
179.874
182.053
184.211
186.351
188.475
190.587
192.689
194.783
196.872
198.958
101.458
104.373
107.286
110.193
113.093
115.983
118.861
121.724
124.572
127.4
130.209
132.994
135.756
138.491
141.198
143.876
146.523
149.138
151.721
154.269
156.783
159.263
161.707
164.117
166.492
168.833
171.141
173.416
175.661
177.876
180.065
182.228
184.369
186.49
188.595
190.686
192.766
194.838
196.905
198.969
101.469
104.405
107.338
110.266
113.186
116.096
118.993
121.874
124.739
127.584
130.407
133.207
135.981
138.727
141.445
144.131
146.786
149.407
151.993
154.545
157.061
159.54
161.983
164.39
166.76
169.095
171.396
173.662
175.895
178.098
180.272
182.418
184.541
186.643
188.726
190.794
192.851
194.899
196.942
198.981
101.48
104.44
107.396
110.347
113.289
116.219
119.137
122.038
124.922
127.784
130.624
133.438
136.225
138.984
141.712
144.408
147.069
149.697
152.288
154.842
157.359
159.838
162.279
164.683
167.049
169.377
171.669
173.925
176.147
178.336
180.495
182.624
184.728
186.808
188.869
190.913
192.944
194.966
196.982
198.994
101.493
104.478
107.459
110.434
113.4
116.355
119.294
122.217
125.12
128.002
130.858
133.689
136.491
139.262
142.001
144.706
147.376
150.009
152.604
155.161
157.68
160.158
162.597
164.997
167.357
169.679
171.962
174.208
176.417
178.592
180.734
182.846
184.929
186.987
189.023
191.041
193.045
195.039
197.026
199.009
101.507
104.519
107.528
110.53
113.523
116.502
119.466
122.412
125.337
128.238
131.114
133.961
136.778
139.563
142.313
145.028
147.706
150.345
152.945
155.505
158.024
160.502
162.939
165.334
167.689
170.002
172.276
174.51
176.706
178.866
180.991
183.083
185.145
187.179
189.19
191.18
193.155
195.118
197.074
199.025
101.522
104.565
107.604
110.635
113.656
116.663
119.653
122.624
125.572
128.495
131.391
134.256
137.089
139.888
142.651
145.376
148.063
150.709
153.313
155.876
158.396
160.873
163.307
165.697
168.045
170.35
172.613
174.835
177.016
179.16
181.266
183.337
185.376
187.386
189.369
191.33
193.273
195.203
197.126
199.042
101.539
104.615
107.687
110.75
113.802
116.839
119.858
122.855
125.829
128.775
131.692
134.576
137.427
140.241
143.017
145.753
148.449
151.101
153.711
156.277
158.798
161.273
163.704
166.089
168.429
170.725
172.976
175.185
177.35
179.476
181.562
183.611
185.625
187.608
189.563
191.492
193.402
195.296
197.182
199.06
101.557
104.67
107.777
110.876
113.962
117.031
120.081
123.108
126.108
129.08
132.02
134.925
137.794
140.625
143.415
146.163
148.867
151.528
154.142
156.711
159.233
161.707
164.134
166.514
168.846
171.131
173.37
175.563
177.712
179.817
181.881
183.906
185.894
187.848
189.771
191.667
193.54
195.396
197.242
199.08
101.577
104.73
107.877
111.014
114.137
117.242
120.325
123.384
126.414
129.413
132.378
135.305
138.194
141.042
143.847
146.608
149.323
151.991
154.611
157.183
159.706
162.179
164.602
166.975
169.298
171.572
173.797
175.974
178.104
180.188
182.227
184.225
186.184
188.106
189.996
191.856
193.691
195.505
197.309
199.102
101.599
104.796
107.986
111.165
114.329
117.473
120.594
123.687
126.749
129.777
132.769
135.721
138.631
141.498
144.319
147.093
149.819
152.496
155.122
157.697
160.221
162.692
165.111
167.477
169.791
172.053
174.262
176.421
178.53
180.591
182.604
184.573
186.5
188.387
190.24
192.061
193.853
195.624
197.381
199.126
101.624
104.869
108.107
111.332
114.541
117.728
120.888
124.019
127.117
130.177
133.198
136.176
139.109
141.996
144.835
147.623
150.361
153.046
155.679
158.258
160.782
163.252
165.666
168.025
170.328
172.577
174.77
176.91
178.996
181.031
183.016
184.952
186.844
188.694
190.505
192.283
194.031
195.753
197.459
199.152
101.651
104.95
108.24
111.517
114.775
118.008
121.213
124.386
127.521
130.616
133.668
136.674
139.633
142.541
145.398
148.203
150.953
153.648
156.287
158.87
161.396
163.863
166.272
168.623
170.915
173.149
175.325
177.443
179.505
181.512
183.466
185.368
187.221
189.029
190.796
192.526
194.224
195.894
197.546
199.181
101.681
105.039
108.388
111.721
115.033
118.319
121.572
124.789
127.966
131.099
134.185
137.222
140.207
143.139
146.016
148.837
151.6
154.306
156.952
159.539
162.065
164.531
166.934
169.277
171.557
173.775
175.932
178.028
180.063
182.04
183.959
185.824
187.635
189.398
191.115
192.793
194.436
196.049
197.64
199.212
101.714
105.139
108.552
111.948
115.32
118.662
121.969
125.235
128.457
131.631
134.754
137.824
140.837
143.794
146.692
149.531
152.308
155.025
157.679
160.27
162.797
165.26
167.658
169.991
172.258
174.46
176.596
178.668
180.675
182.619
184.502
186.325
188.091
189.803
191.467
193.087
194.669
196.219
197.745
199.247
101.751
105.249
108.735
112.201
115.639
119.043
122.408
125.729
129
132.218
135.381
138.485
141.53
144.513
147.433
150.29
153.083
155.811
158.472
161.068
163.596
166.056
168.448
170.771
173.024
175.209
177.323
179.369
181.346
183.255
185.098
186.876
188.593
190.251
191.856
193.413
194.927
196.407
197.86
199.285
101.793
105.373
108.939
112.482
115.994
119.467
122.896
126.275
129.599
132.865
136.071
139.213
142.29
145.301
148.245
151.122
153.93
156.67
159.339
161.939
164.468
166.925
169.31
171.623
173.862
176.028
178.119
180.137
182.082
183.954
185.754
187.484
189.147
190.746
192.286
193.773
195.214
196.615
197.988
199.327
101.839
105.511
109.167
112.796
116.39
119.939
123.438
126.881
130.263
133.58
136.831
140.013
143.125
146.166
149.135
152.031
154.856
157.607
160.285
162.889
165.419
167.873
170.251
172.553
174.777
176.923
178.991
180.98
182.89
184.722
186.476
188.155
189.76
191.295
192.764
194.175
195.533
196.848
198.131
199.375
101.891
105.667
109.424
113.149
116.833
120.466
124.042
127.554
130.997
134.37
137.669
140.893
144.041
147.113
150.107
153.025
155.866
158.63
161.316
163.924
166.454
168.905
171.276
173.567
175.775
177.901
179.943
181.902
183.776
185.566
187.273
188.896
190.439
191.904
193.296
194.622
195.889
197.108
198.29
199.428
101.95
105.843
109.713
113.546
117.33
121.055
124.714
128.301
131.811
135.242
138.592
141.86
145.046
148.149
151.17
154.109
156.967
159.743
162.438
165.051
167.581
170.028
172.392
174.67
176.863
178.968
180.984
182.912
184.749
186.495
188.15
189.715
191.192
192.582
193.89
195.123
196.289
197.4
198.469
199.488
102.018
106.043
110.041
113.994
117.89
121.716
125.466
129.133
132.713
136.206
139.609
142.922
146.146
149.282
152.33
155.291
158.165
160.954
163.657
166.274
168.804
171.248
173.604
175.87
178.046
180.13
182.121
184.016
185.815
187.516
189.118
190.622
192.027
193.337
194.554
195.685
196.74
197.731
198.67
199.556
102.095
106.272
110.415
114.503
118.522
122.459
126.306
130.059
133.713
137.269
140.727
144.087
147.35
150.518
153.593
156.575
159.466
162.267
164.978
167.599
170.13
172.57
174.918
177.173
179.333
181.396
183.36
185.223
186.983
188.638
190.186
191.625
192.957
194.18
195.299
196.32
197.25
198.106
198.9
199.633
102.184
106.536
110.845
115.085
119.24
123.297
127.248
131.09
134.822
138.443
141.956
145.362
148.664
151.865
154.966
157.969
160.877
163.689
166.408
169.033
171.564
174
176.341
178.584
180.728
182.77
184.708
186.54
188.261
189.87
191.363
192.738
193.992
195.126
196.14
197.04
197.833
198.536
199.163
199.723
102.288
106.844
111.344
115.756
120.061
124.246
128.307
132.241
136.051
139.737
143.305
146.757
150.097
153.328
156.454
159.478
162.401
165.225
167.951
170.58
173.111
175.543
177.877
180.109
182.238
184.26
186.174
187.975
189.66
191.224
192.662
193.972
195.148
196.189
197.092
197.861
198.503
199.034
199.469
199.829
102.413
107.211
111.931
116.535
121.003
125.325
129.498
133.526
137.412
141.163
144.783
148.278
151.654
154.915
158.065
161.107
164.045
166.879
169.612
172.244
174.775
177.205
179.532
181.754
183.869
185.873
187.764
189.537
191.187
192.708
194.095
195.341
196.441
197.387
198.176
198.807
199.283
199.62
199.832
199.958
102.567
107.657
112.634
117.452
122.093
126.555
130.841
134.96
138.919
142.73
146.399
149.934
153.343
156.63
159.802
162.861
165.812
168.656
171.395
174.031
176.562
178.989
181.31
183.523
185.626
187.615
189.486
191.233
192.852
194.335
195.675
196.862
197.889
198.743
199.418
199.904
200.201
200.321
200.272
200.114
102.766
108.22
113.494
118.544
123.363
127.963
132.356
136.559
140.585
144.449
148.161
151.732
155.169
158.48
161.671
164.745
167.707
170.56
173.305
175.943
178.475
180.9
183.217
185.423
187.516
189.492
191.346
193.073
194.666
196.116
197.415
198.552
199.513
200.284
200.849
201.193
201.301
201.179
200.816
200.309
103.039
108.963
114.573
119.86
124.851
129.576
134.064
138.339
142.422
146.33
150.079
153.679
157.14
160.47
163.676
166.763
169.735
172.595
175.345
177.987
180.52
182.944
185.258
187.46
189.546
191.512
193.354
195.065
196.637
198.062
199.33
200.426
201.335
202.037
202.51
202.725
202.649
202.265
201.521
200.57
103.499
110.003
115.948
121.456
126.596
131.424
135.986
140.317
144.443
148.385
152.161
155.783
159.262
162.607
165.825
168.921
171.901
174.768
177.522
180.167
182.702
185.127
187.44
189.639
191.721
193.682
195.515
197.216
198.776
200.184
201.43
202.499
203.371
204.026
204.432
204.553
204.327
203.702
202.534
201.009
104.346
111.588
117.808
123.464
128.696
133.583
138.184
142.544
146.692
150.652
154.442
158.075
161.564
164.917
168.142
171.245
174.229
177.099
179.856
182.503
185.039
187.464
189.776
191.974
194.054
196.012
197.841
199.537
201.09
202.489
203.723
204.777
205.629
206.257
206.625
206.694
206.386
205.624
204.163
202.059
)
;

boundaryField
{
    carasuperior
    {
        type            fixedGradient;
        gradient        uniform 100;
    }
    lateralizquierda
    {
        type            fixedValue;
        value           uniform 100;
    }
    lateralderecha
    {
        type            fixedValue;
        value           uniform 200;
    }
    carainferior
    {
        type            zeroGradient;
    }
    frontAndBack
    {
        type            empty;
    }
}


// ************************************************************************* //
