/*--------------------------------*- C++ -*----------------------------------*\
| =========                 |                                                 |
| \\      /  F ield         | OpenFOAM: The Open Source CFD Toolbox           |
|  \\    /   O peration     | Version:  2.4.0                                 |
|   \\  /    A nd           | Web:      www.OpenFOAM.org                      |
|    \\/     M anipulation  |                                                 |
\*---------------------------------------------------------------------------*/
FoamFile
{
    version     2.0;
    format      ascii;
    class       volScalarField;
    location    "0.56";
    object      T;
}
// * * * * * * * * * * * * * * * * * * * * * * * * * * * * * * * * * * * * * //

dimensions      [0 0 0 1 0 0 0];

internalField   nonuniform List<scalar> 
1600
(
101.381
104.143
106.903
109.66
112.411
115.157
117.894
120.623
123.341
126.047
128.74
131.418
134.08
136.726
139.353
141.962
144.551
147.119
149.666
152.191
154.695
157.176
159.636
162.073
164.49
166.885
169.261
171.617
173.956
176.278
178.584
180.876
183.156
185.424
187.683
189.934
192.178
194.416
196.651
198.884
101.382
104.146
106.908
109.666
112.42
115.167
117.906
120.636
123.356
126.064
128.758
131.437
134.101
136.748
139.377
141.986
144.576
147.145
149.692
152.218
154.721
157.203
159.662
162.099
164.514
166.909
169.284
171.639
173.976
176.297
178.601
180.892
183.17
185.437
187.694
189.943
192.185
194.421
196.654
198.885
101.384
104.151
106.917
109.679
112.436
115.186
117.929
120.662
123.385
126.096
128.793
131.476
134.142
136.791
139.422
142.034
144.625
147.195
149.743
152.27
154.774
157.255
159.713
162.15
164.564
166.957
169.33
171.683
174.018
176.335
178.637
180.924
183.199
185.462
187.715
189.96
192.198
194.431
196.66
198.887
101.387
104.159
106.93
109.697
112.459
115.215
117.963
120.701
123.429
126.144
128.846
131.532
134.203
136.855
139.489
142.103
144.697
147.269
149.819
152.346
154.851
157.332
159.79
162.225
164.638
167.029
169.399
171.748
174.079
176.393
178.69
180.972
183.241
185.499
187.747
189.986
192.218
194.446
196.669
198.89
101.39
104.17
106.947
109.722
112.491
115.253
118.008
120.753
123.486
126.208
128.915
131.607
134.282
136.939
139.577
142.195
144.792
147.367
149.918
152.447
154.952
157.433
159.891
162.324
164.735
167.123
169.489
171.835
174.161
176.469
178.76
181.036
183.299
185.549
187.789
190.021
192.246
194.465
196.68
198.894
101.395
104.183
106.969
109.752
112.53
115.301
118.063
120.816
123.558
126.286
129
131.699
134.38
137.043
139.686
142.308
144.909
147.487
150.041
152.571
155.077
157.559
160.015
162.447
164.856
167.24
169.602
171.943
174.263
176.564
178.848
181.116
183.37
185.612
187.843
190.065
192.28
194.49
196.695
198.899
101.4
104.198
106.995
109.788
112.576
115.357
118.13
120.892
123.642
126.38
129.102
131.808
134.497
137.166
139.815
142.443
145.048
147.629
150.186
152.719
155.226
157.707
160.163
162.594
164.999
167.38
169.737
172.072
174.385
176.678
178.954
181.212
183.456
185.687
187.907
190.118
192.322
194.519
196.713
198.905
101.406
104.217
107.025
109.831
112.63
115.423
118.206
120.979
123.74
126.488
129.22
131.935
134.631
137.308
139.964
142.598
145.208
147.794
150.354
152.889
155.397
157.879
160.334
162.762
165.165
167.541
169.893
172.221
174.527
176.811
179.077
181.324
183.557
185.775
187.983
190.18
192.37
194.554
196.734
198.912
101.413
104.237
107.06
109.879
112.692
115.497
118.294
121.079
123.852
126.611
129.353
132.078
134.784
137.469
140.133
142.773
145.389
147.979
150.543
153.081
155.591
158.073
160.527
162.953
165.352
167.724
170.07
172.391
174.688
176.963
179.217
181.452
183.671
185.876
188.069
190.251
192.426
194.594
196.758
198.92
101.421
104.261
107.099
109.933
112.761
115.581
118.392
121.191
123.977
126.748
129.502
132.238
134.954
137.649
140.321
142.968
145.59
148.186
150.754
153.294
155.806
158.288
160.742
163.166
165.561
167.928
170.267
172.58
174.868
177.132
179.374
181.596
183.801
185.99
188.166
190.331
192.488
194.639
196.785
198.929
101.429
104.287
107.142
109.993
112.838
115.674
118.501
121.315
124.116
126.9
129.668
132.416
135.143
137.847
140.528
143.183
145.812
148.413
150.986
153.529
156.042
158.525
160.977
163.399
165.79
168.152
170.484
172.789
175.067
177.319
179.548
181.756
183.944
186.116
188.274
190.421
192.558
194.689
196.815
198.939
101.439
104.315
107.19
110.06
112.923
115.777
118.621
121.452
124.268
127.068
129.849
132.61
135.349
138.065
140.755
143.418
146.054
148.661
151.238
153.784
156.299
158.782
161.233
163.652
166.039
168.395
170.72
173.016
175.283
177.524
179.739
181.931
184.102
186.256
188.394
190.52
192.636
194.745
196.849
198.95
101.45
104.347
107.243
110.133
113.016
115.89
118.753
121.602
124.436
127.252
130.048
132.823
135.574
138.301
141.001
143.674
146.317
148.929
151.51
154.06
156.576
159.059
161.508
163.925
166.307
168.657
170.975
173.262
175.518
177.745
179.946
182.122
184.275
186.408
188.525
190.628
192.721
194.806
196.886
198.962
101.461
104.382
107.3
110.213
113.119
116.014
118.897
121.766
124.618
127.452
130.264
133.054
135.819
138.558
141.268
143.95
146.6
149.219
151.805
154.356
156.874
159.357
161.805
164.217
166.596
168.939
171.249
173.525
175.77
177.984
180.169
182.327
184.461
186.574
188.668
190.747
192.814
194.873
196.926
198.975
101.474
104.42
107.364
110.301
113.231
116.149
119.055
121.945
124.817
127.669
130.499
133.305
136.084
138.835
141.557
144.248
146.906
149.531
152.121
154.676
157.195
159.677
162.122
164.532
166.904
169.241
171.541
173.807
176.04
178.239
180.408
182.549
184.663
186.753
188.823
190.875
192.915
194.945
196.97
198.99
101.488
104.462
107.433
110.397
113.353
116.297
119.227
122.14
125.033
127.906
130.754
133.576
136.371
139.136
141.87
144.57
147.237
149.867
152.462
155.019
157.539
160.021
162.464
164.869
167.235
169.564
171.855
174.11
176.329
178.513
180.665
182.786
184.879
186.945
188.989
191.015
193.025
195.024
197.018
199.006
101.503
104.507
107.508
110.502
113.486
116.458
119.414
122.352
125.269
128.163
131.031
133.872
136.682
139.462
142.207
144.918
147.593
150.231
152.83
155.39
157.911
160.391
162.831
165.231
167.591
169.911
172.192
174.434
176.639
178.807
180.94
183.04
185.11
187.152
189.169
191.165
193.143
195.11
197.069
199.023
101.52
104.557
107.591
110.617
113.632
116.634
119.618
122.583
125.525
128.442
131.332
134.192
137.02
139.815
142.573
145.295
147.979
150.623
153.228
155.791
158.312
160.791
163.228
165.623
167.976
170.286
172.555
174.784
176.972
179.122
181.236
183.314
185.359
187.374
189.362
191.327
193.272
195.202
197.125
199.041
101.538
104.612
107.682
110.743
113.792
116.826
119.841
122.835
125.805
128.747
131.66
134.541
137.388
140.198
142.971
145.705
148.398
151.05
153.659
156.225
158.747
161.225
163.658
166.047
168.392
170.692
172.948
175.162
177.333
179.463
181.555
183.608
185.627
187.613
189.57
191.501
193.41
195.303
197.186
199.062
101.558
104.672
107.781
110.881
113.967
117.037
120.086
123.112
126.111
129.081
132.018
134.921
137.788
140.616
143.404
146.15
148.853
151.513
154.128
156.697
159.22
161.696
164.126
166.508
168.844
171.132
173.375
175.572
177.724
179.833
181.9
183.927
185.917
187.872
189.795
191.69
193.56
195.412
197.252
199.083
101.58
104.738
107.891
111.032
114.16
117.268
120.354
123.415
126.446
129.445
132.41
135.337
138.225
141.072
143.876
146.635
149.35
152.017
154.638
157.211
159.734
162.209
164.634
167.01
169.336
171.612
173.84
176.019
178.151
180.236
182.277
184.275
186.232
188.152
190.038
191.894
193.723
195.53
197.324
199.107
101.605
104.811
108.011
111.2
114.372
117.523
120.649
123.748
126.814
129.845
132.839
135.792
138.703
141.57
144.391
147.165
149.891
152.568
155.195
157.771
160.296
162.769
165.189
167.557
169.873
172.136
174.347
176.507
178.616
180.676
182.687
184.653
186.576
188.458
190.304
192.117
193.9
195.659
197.403
199.133
101.632
104.892
108.145
111.384
114.606
117.804
120.975
124.114
127.218
130.284
133.309
136.291
139.227
142.115
144.955
147.745
150.483
153.17
155.803
158.383
160.909
163.379
165.795
168.155
170.459
172.708
174.901
177.04
179.124
181.156
183.137
185.068
186.952
188.793
190.594
192.359
194.093
195.8
197.489
199.162
101.662
104.982
108.293
111.589
114.864
118.114
121.333
124.518
127.664
130.767
133.827
136.838
139.801
142.713
145.572
148.379
151.13
153.827
156.468
159.052
161.578
164.046
166.456
168.808
171.1
173.333
175.507
177.623
179.681
181.683
183.63
185.523
187.366
189.161
190.913
192.626
194.305
195.954
197.584
199.193
101.695
105.081
108.457
111.816
115.151
118.458
121.73
124.964
128.155
131.3
134.396
137.44
140.432
143.368
146.249
149.073
151.839
154.546
157.194
159.782
162.309
164.775
167.179
169.521
171.8
174.017
176.171
178.262
180.292
182.261
184.171
186.024
187.821
189.566
191.264
192.92
194.538
196.124
197.688
199.228
101.732
105.192
108.64
112.068
115.47
118.839
122.17
125.457
128.698
131.887
135.022
138.102
141.124
144.087
146.99
149.833
152.613
155.332
157.988
160.58
163.108
165.571
167.969
170.301
172.566
174.765
176.897
178.963
180.962
182.896
184.767
186.574
188.322
190.013
191.652
193.244
194.795
196.312
197.803
199.266
101.773
105.316
108.844
112.35
115.825
119.263
122.658
126.004
129.297
132.534
135.713
138.83
141.884
144.876
147.802
150.664
153.46
156.191
158.854
161.451
163.979
166.44
168.831
171.152
173.403
175.583
177.693
179.731
181.698
183.594
185.422
187.182
188.876
190.508
192.082
193.605
195.081
196.52
197.931
199.308
101.82
105.454
109.072
112.664
116.221
119.735
123.2
126.61
129.961
133.25
136.473
139.63
142.72
145.74
148.692
151.574
154.386
157.128
159.8
162.401
164.93
167.387
169.771
172.081
174.317
176.478
178.563
180.572
182.505
184.362
186.143
187.852
189.488
191.056
192.559
194.005
195.4
196.752
198.073
199.356
101.872
105.61
109.329
113.017
116.664
120.262
123.804
127.283
130.696
134.04
137.312
140.511
143.636
146.687
149.664
152.567
155.396
158.151
160.831
163.436
165.965
168.419
170.796
173.095
175.315
177.455
179.515
181.493
183.39
185.205
186.939
188.592
190.166
191.664
193.091
194.452
195.756
197.012
198.232
199.409
101.931
105.786
109.618
113.414
117.162
120.852
124.477
128.031
131.51
134.912
138.235
141.478
144.641
147.724
150.727
153.652
156.497
159.264
161.952
164.562
167.092
169.542
171.911
174.198
176.402
178.521
180.555
182.502
184.362
186.133
187.815
189.41
190.917
192.341
193.683
194.952
196.155
197.304
198.411
199.469
101.999
105.986
109.946
113.862
117.721
121.513
125.228
128.863
132.412
135.876
139.252
142.54
145.742
148.857
151.887
154.833
157.695
160.475
163.171
165.785
168.315
170.761
173.122
175.397
177.585
179.683
181.691
183.606
185.427
187.153
188.782
190.315
191.752
193.095
194.347
195.514
196.605
197.634
198.612
199.536
102.076
106.215
110.32
114.372
118.354
122.256
126.069
129.789
133.413
136.94
140.37
143.705
146.945
150.093
153.15
156.118
158.997
161.788
164.492
167.11
169.64
172.083
174.436
176.699
178.87
180.947
182.929
184.812
186.594
188.274
189.849
191.318
192.681
193.938
195.091
196.148
197.115
198.009
198.842
199.614
102.165
106.479
110.75
114.954
119.073
123.094
127.012
130.821
134.521
138.114
141.599
144.98
148.26
151.44
154.523
157.512
160.407
163.21
165.922
168.543
171.074
173.512
175.858
178.109
180.264
182.321
184.276
186.128
187.872
189.505
191.026
192.43
193.715
194.882
195.931
196.867
197.697
198.439
199.104
199.704
102.269
106.787
111.249
115.624
119.893
124.043
128.07
131.972
135.751
139.408
142.948
146.375
149.693
152.904
156.012
159.021
161.931
164.746
167.465
170.09
172.62
175.055
177.394
179.634
181.774
183.811
185.741
187.562
189.269
190.858
192.324
193.662
194.87
195.944
196.882
197.688
198.367
198.936
199.41
199.81
102.394
107.154
111.837
116.404
120.835
125.122
129.262
133.257
137.112
140.834
144.427
147.897
151.25
154.491
157.623
160.65
163.575
166.4
169.126
171.754
174.285
176.716
179.048
181.278
183.404
185.423
187.331
189.123
190.795
192.341
193.755
195.031
196.162
197.141
197.965
198.633
199.146
199.521
199.773
199.938
102.548
107.6
112.54
117.321
121.926
126.352
130.605
134.691
138.62
142.401
146.043
149.553
152.939
156.207
159.36
162.404
165.343
168.177
170.909
173.541
176.071
178.5
180.826
183.047
185.161
187.164
189.051
190.819
192.459
193.967
195.334
196.551
197.609
198.497
199.206
199.729
200.063
200.222
200.213
200.094
102.747
108.163
113.4
118.413
123.196
127.761
132.12
136.29
140.286
144.121
147.806
151.352
154.766
158.057
161.229
164.288
167.238
170.081
172.819
175.453
177.984
180.411
182.733
184.947
187.051
189.041
190.911
192.658
194.272
195.747
197.073
198.239
199.232
200.036
200.637
201.017
201.163
201.079
200.756
200.289
103.02
108.906
114.479
119.729
124.685
129.375
133.829
138.071
142.123
146.003
149.724
153.299
156.737
160.047
163.235
166.306
169.266
172.116
174.859
177.496
180.028
182.455
184.773
186.983
189.08
191.06
192.918
194.648
196.243
197.693
198.987
200.112
201.053
201.789
202.296
202.548
202.51
202.165
201.461
200.55
103.48
109.946
115.854
121.326
126.43
131.223
135.752
140.05
144.145
148.058
151.806
155.403
158.859
162.184
165.384
168.465
171.432
174.289
177.036
179.677
182.21
184.637
186.955
189.162
191.254
193.229
195.079
196.799
198.381
199.814
201.087
202.184
203.088
203.777
204.218
204.375
204.188
203.601
202.473
200.989
104.327
111.531
117.715
123.334
128.53
133.382
137.95
142.277
146.394
150.325
154.088
157.696
161.162
164.495
167.701
170.788
173.76
176.62
179.37
182.012
184.547
186.974
189.291
191.497
193.587
195.559
197.405
199.12
200.694
202.118
203.38
204.462
205.346
206.007
206.41
206.515
206.246
205.523
204.102
202.039
)
;

boundaryField
{
    carasuperior
    {
        type            fixedGradient;
        gradient        uniform 100;
    }
    lateralizquierda
    {
        type            fixedValue;
        value           uniform 100;
    }
    lateralderecha
    {
        type            fixedValue;
        value           uniform 200;
    }
    carainferior
    {
        type            zeroGradient;
    }
    frontAndBack
    {
        type            empty;
    }
}


// ************************************************************************* //
