/*--------------------------------*- C++ -*----------------------------------*\
| =========                 |                                                 |
| \\      /  F ield         | OpenFOAM: The Open Source CFD Toolbox           |
|  \\    /   O peration     | Version:  2.4.0                                 |
|   \\  /    A nd           | Web:      www.OpenFOAM.org                      |
|    \\/     M anipulation  |                                                 |
\*---------------------------------------------------------------------------*/
FoamFile
{
    version     2.0;
    format      ascii;
    class       volScalarField;
    location    "0.1";
    object      p;
}
// * * * * * * * * * * * * * * * * * * * * * * * * * * * * * * * * * * * * * //

dimensions      [0 2 -2 0 0 0 0];

internalField   nonuniform List<scalar> 
4800
(
6.05906e-09
-0.000530913
-0.000298555
0.000737236
0.00256725
0.00518614
0.00857944
0.0127226
0.0175741
0.0230668
0.000532536
1.44155e-06
0.000331954
0.00143437
0.00328612
0.00590067
0.00927139
0.0133755
0.0181724
0.0235981
0.000291823
-0.000336982
-5.87512e-06
0.00111262
0.00297386
0.00559585
0.00897695
0.0130995
0.017928
0.0234023
-0.000771019
-0.00146667
-0.00115163
-3.37352e-05
0.00183198
0.00446801
0.0078811
0.0120643
0.0169933
0.0226168
-0.00265189
-0.00337013
-0.00306602
-0.00195527
-9.16623e-05
0.00255664
0.0060115
0.0102856
0.0153762
0.0212575
-0.00534648
-0.00606192
-0.00576828
-0.00467622
-0.0028314
-0.000187824
0.00329979
0.0076763
0.0129796
0.0192507
-0.00883883
-0.00953408
-0.00925589
-0.00820324
-0.00641032
-0.00381398
-0.000337442
0.00411133
0.00963695
0.0164479
-0.013101
-0.0137605
-0.0135081
-0.0125271
-0.0108403
-0.00836886
-0.0050006
-0.000583826
0.00507807
0.012572
-0.018086
-0.018695
-0.0184836
-0.0176171
-0.0161119
-0.0138837
-0.01079
-0.00661509
-0.00106252
0.00726476
-0.0237197
-0.0242659
-0.024113
-0.0234103
-0.0221826
-0.0203729
-0.0178644
-0.0144621
-0.00998458
-0.00189298
-4.32607e-08
-0.000551066
-0.000316614
0.000719789
0.00254919
0.00516798
0.00856155
0.0127055
0.0175584
0.0230536
0.000552573
1.36119e-06
0.00034318
0.0014481
0.00329917
0.00591326
0.00928322
0.0133863
0.0181821
0.0236072
0.000309911
-0.000348214
-5.76548e-06
0.00111381
0.00297353
0.00559504
0.00897571
0.0130978
0.0179261
0.0234012
-0.00075347
-0.00148037
-0.00115255
-3.35786e-05
0.00183036
0.00446574
0.00787822
0.0120608
0.0169889
0.0226133
-0.00263371
-0.00338316
-0.0030654
-0.0019533
-9.14703e-05
0.00255606
0.00601003
0.0102828
0.015371
0.0212519
-0.0053282
-0.00607448
-0.00576718
-0.00467359
-0.00283037
-0.000187535
0.00329916
0.0076744
0.0129725
0.0192394
-0.00882085
-0.00954588
-0.00925435
-0.00819999
-0.00640832
-0.00381253
-0.000336681
0.0041118
0.00962731
0.0164219
-0.0130838
-0.0137713
-0.0135062
-0.0125232
-0.0108371
-0.00836609
-0.00499877
-0.000581065
0.00505654
0.0124855
-0.0180704
-0.0187047
-0.0184815
-0.0176126
-0.0161067
-0.0138768
-0.0107798
-0.00658832
-0.00105924
0.00708514
-0.0237066
-0.0242751
-0.0241119
-0.0234069
-0.0221773
-0.0203625
-0.0178399
-0.0143739
-0.00980564
-0.0019061
-4.21897e-08
-0.000551061
-0.000316614
0.000719788
0.00254919
0.00516798
0.00856154
0.0127055
0.0175584
0.0230536
0.000552569
1.36096e-06
0.000343176
0.0014481
0.00329916
0.00591325
0.00928322
0.0133863
0.0181821
0.0236072
0.00030991
-0.000348213
-5.76761e-06
0.0011138
0.00297353
0.00559504
0.00897571
0.0130978
0.0179261
0.0234012
-0.000753473
-0.00148037
-0.00115256
-3.35797e-05
0.00183036
0.00446575
0.00787823
0.0120608
0.0169889
0.0226133
-0.00263371
-0.00338316
-0.0030654
-0.00195331
-9.14709e-05
0.00255606
0.00601003
0.0102828
0.015371
0.0212519
-0.00532821
-0.00607448
-0.00576718
-0.00467359
-0.00283038
-0.000187539
0.00329916
0.0076744
0.0129725
0.0192394
-0.00882085
-0.00954588
-0.00925435
-0.00819999
-0.00640832
-0.00381253
-0.000336682
0.0041118
0.00962731
0.0164219
-0.0130838
-0.0137713
-0.0135062
-0.0125232
-0.0108371
-0.00836609
-0.00499878
-0.000581069
0.00505654
0.0124855
-0.0180704
-0.0187047
-0.0184815
-0.0176126
-0.0161067
-0.0138768
-0.0107798
-0.00658832
-0.00105924
0.00708514
-0.0237066
-0.0242751
-0.0241119
-0.0234069
-0.0221773
-0.0203625
-0.0178399
-0.0143739
-0.00980564
-0.00190611
1.22621e-08
-0.000530899
-0.000298548
0.000737239
0.00256725
0.00518613
0.00857942
0.0127226
0.0175741
0.0230668
0.000532523
1.44035e-06
0.000331952
0.00143437
0.00328611
0.00590066
0.00927138
0.0133755
0.0181724
0.0235981
0.000291813
-0.000336986
-5.87905e-06
0.00111261
0.00297386
0.00559585
0.00897695
0.0130995
0.017928
0.0234023
-0.000771029
-0.00146668
-0.00115164
-3.37382e-05
0.00183199
0.00446801
0.0078811
0.0120643
0.0169933
0.0226168
-0.0026519
-0.00337014
-0.00306602
-0.00195528
-9.16663e-05
0.00255664
0.0060115
0.0102856
0.0153762
0.0212575
-0.00534649
-0.00606193
-0.00576829
-0.00467623
-0.00283141
-0.000187832
0.00329979
0.0076763
0.0129796
0.0192507
-0.00883884
-0.00953408
-0.0092559
-0.00820326
-0.00641033
-0.00381398
-0.000337443
0.00411133
0.00963694
0.0164479
-0.013101
-0.0137605
-0.0135081
-0.0125271
-0.0108403
-0.00836886
-0.00500061
-0.000583834
0.00507806
0.012572
-0.018086
-0.018695
-0.0184836
-0.0176171
-0.0161119
-0.0138837
-0.01079
-0.0066151
-0.00106252
0.00726475
-0.0237197
-0.0242659
-0.024113
-0.0234103
-0.0221826
-0.0203729
-0.0178644
-0.0144621
-0.00998458
-0.00189299
0.029104
0.0355685
0.0423487
0.049352
0.0565075
0.0637636
0.0710847
0.0784469
0.0858347
0.0932379
0.10065
0.108064
0.115474
0.122872
0.130244
0.137567
0.144809
0.151918
0.158822
0.165426
0.0295609
0.0359474
0.0426521
0.0495876
0.0566852
0.0638936
0.0711758
0.0785064
0.0858677
0.0932473
0.100636
0.108026
0.115409
0.122774
0.130105
0.137379
0.14456
0.1516
0.158428
0.164954
0.0294262
0.0358669
0.042612
0.0495744
0.0566875
0.0639028
0.0711861
0.0785138
0.0858697
0.0932423
0.100623
0.108005
0.11538
0.122738
0.130064
0.137339
0.14453
0.151592
0.158459
0.165043
0.0288277
0.0354391
0.0423203
0.049384
0.0565678
0.0638297
0.071142
0.0784864
0.0858508
0.0932271
0.100609
0.107992
0.115371
0.122738
0.130084
0.137394
0.144645
0.151798
0.158796
0.165553
0.0278106
0.0347215
0.0418322
0.0490635
0.0563634
0.063702
0.071063
0.0784371
0.0858189
0.0932052
0.100594
0.107983
0.115373
0.122759
0.13014
0.13751
0.144858
0.152161
0.159375
0.166432
0.0263865
0.0337619
0.0412006
0.0486598
0.0561112
0.0635467
0.070968
0.0783785
0.0857817
0.0931804
0.100578
0.107975
0.115377
0.122787
0.13021
0.137652
0.145122
0.152621
0.160136
0.167648
0.024589
0.0326526
0.0405157
0.0482468
0.055866
0.0634021
0.0708825
0.0783269
0.0857486
0.0931573
0.10056
0.107963
0.115374
0.122802
0.130261
0.137771
0.145366
0.153083
0.160965
0.169136
0.0225167
0.031553
0.0399092
0.0479222
0.0556942
0.0633107
0.0708332
0.0782985
0.0857293
0.0931404
0.100542
0.107944
0.115354
0.122787
0.130261
0.137813
0.145502
0.153417
0.161681
0.170736
0.0209202
0.0310699
0.0397286
0.0478818
0.0557061
0.0633344
0.0708548
0.0783131
0.0857347
0.0931354
0.100525
0.107913
0.115307
0.12272
0.13017
0.137696
0.145374
0.153316
0.161676
0.171559
0.0219236
0.0326442
0.0406695
0.0484507
0.0560597
0.0635549
0.0709919
0.0783954
0.0857781
0.0931475
0.100508
0.107864
0.115216
0.122569
0.129925
0.137295
0.144709
0.152172
0.159618
0.169455
0.0290941
0.0355616
0.042344
0.049349
0.0565055
0.0637623
0.0710839
0.0784464
0.0858344
0.0932378
0.10065
0.108064
0.115475
0.122873
0.130245
0.137569
0.144812
0.151922
0.158829
0.165435
0.0295701
0.0359559
0.0426594
0.0495936
0.0566899
0.0638971
0.0711783
0.0785081
0.0858686
0.0932476
0.100636
0.108025
0.115408
0.122772
0.130102
0.137374
0.144554
0.151592
0.158419
0.164945
0.0294277
0.0358695
0.0426148
0.0495769
0.0566896
0.0639044
0.0711872
0.0785146
0.0858701
0.0932425
0.100623
0.108005
0.115379
0.122737
0.130063
0.137337
0.144528
0.151589
0.158456
0.165041
0.0288294
0.0354423
0.0423233
0.0493865
0.0565698
0.0638312
0.071143
0.078487
0.0858512
0.0932272
0.100609
0.107992
0.11537
0.122737
0.130083
0.137392
0.144642
0.151795
0.158793
0.165551
0.027816
0.0347276
0.0418367
0.0490669
0.0563658
0.0637036
0.071064
0.0784377
0.0858193
0.0932053
0.100594
0.107983
0.115372
0.122758
0.130139
0.137508
0.144854
0.152156
0.159369
0.166425
0.0264
0.0337726
0.0412065
0.0486638
0.0561137
0.0635481
0.0709688
0.078379
0.0857819
0.0931805
0.100577
0.107975
0.115377
0.122786
0.130209
0.13765
0.145119
0.152616
0.160125
0.167632
0.0246254
0.0326739
0.0405244
0.048252
0.0558688
0.0634033
0.0708831
0.0783271
0.0857487
0.0931573
0.10056
0.107963
0.115374
0.122802
0.13026
0.137769
0.145361
0.153075
0.160943
0.169096
0.0225851
0.0315778
0.0399133
0.0479249
0.0556951
0.0633105
0.0708328
0.0782982
0.0857291
0.0931403
0.100542
0.107944
0.115354
0.122787
0.130262
0.137812
0.1455
0.153415
0.161658
0.170666
0.0210279
0.0310524
0.0397002
0.0478706
0.0556996
0.0633299
0.070852
0.0783114
0.0857338
0.093135
0.100525
0.107914
0.115308
0.122722
0.130174
0.137702
0.145385
0.153348
0.161699
0.171453
0.0223446
0.0326897
0.0406687
0.0484621
0.0560672
0.0635585
0.0709939
0.0783966
0.0857787
0.0931477
0.100508
0.107863
0.115215
0.122567
0.129922
0.137287
0.144697
0.152176
0.159579
0.169007
0.0290941
0.0355616
0.042344
0.049349
0.0565055
0.0637623
0.0710839
0.0784464
0.0858344
0.0932378
0.10065
0.108064
0.115475
0.122873
0.130245
0.137569
0.144812
0.151922
0.158829
0.165435
0.0295701
0.0359559
0.0426594
0.0495936
0.0566899
0.0638971
0.0711783
0.0785081
0.0858686
0.0932476
0.100636
0.108025
0.115408
0.122772
0.130102
0.137374
0.144554
0.151592
0.158419
0.164945
0.0294277
0.0358695
0.0426148
0.0495769
0.0566896
0.0639044
0.0711872
0.0785146
0.0858701
0.0932425
0.100623
0.108005
0.115379
0.122737
0.130063
0.137337
0.144528
0.151589
0.158456
0.165041
0.0288294
0.0354423
0.0423233
0.0493865
0.0565698
0.0638312
0.071143
0.078487
0.0858512
0.0932272
0.100609
0.107992
0.11537
0.122737
0.130083
0.137392
0.144642
0.151795
0.158793
0.165551
0.027816
0.0347276
0.0418367
0.0490669
0.0563658
0.0637036
0.071064
0.0784377
0.0858193
0.0932053
0.100594
0.107983
0.115372
0.122758
0.130139
0.137508
0.144854
0.152156
0.159369
0.166425
0.0264
0.0337726
0.0412065
0.0486638
0.0561137
0.0635481
0.0709688
0.078379
0.0857819
0.0931805
0.100577
0.107975
0.115377
0.122786
0.130209
0.13765
0.145119
0.152616
0.160125
0.167633
0.0246254
0.0326739
0.0405244
0.048252
0.0558688
0.0634033
0.0708831
0.0783271
0.0857487
0.0931573
0.10056
0.107963
0.115374
0.122802
0.13026
0.137769
0.145361
0.153075
0.160943
0.169096
0.0225851
0.0315777
0.0399133
0.0479249
0.0556951
0.0633105
0.0708328
0.0782982
0.0857291
0.0931403
0.100542
0.107944
0.115354
0.122787
0.130262
0.137812
0.1455
0.153415
0.161658
0.170666
0.0210279
0.0310524
0.0397002
0.0478706
0.0556996
0.0633299
0.070852
0.0783114
0.0857338
0.093135
0.100525
0.107914
0.115308
0.122722
0.130174
0.137702
0.145385
0.153348
0.161699
0.171453
0.0223446
0.0326897
0.0406687
0.0484621
0.0560672
0.0635585
0.0709939
0.0783966
0.0857787
0.0931477
0.100508
0.107863
0.115215
0.122567
0.129922
0.137287
0.144697
0.152176
0.159579
0.169007
0.029104
0.0355685
0.0423487
0.049352
0.0565075
0.0637636
0.0710846
0.0784469
0.0858347
0.0932379
0.10065
0.108064
0.115474
0.122872
0.130244
0.137567
0.144809
0.151918
0.158822
0.165426
0.0295609
0.0359474
0.0426521
0.0495876
0.0566852
0.0638936
0.0711758
0.0785064
0.0858677
0.0932473
0.100636
0.108026
0.115409
0.122774
0.130105
0.137379
0.14456
0.1516
0.158428
0.164954
0.0294262
0.0358669
0.042612
0.0495744
0.0566875
0.0639028
0.071186
0.0785138
0.0858697
0.0932423
0.100623
0.108005
0.11538
0.122738
0.130064
0.137339
0.14453
0.151592
0.158459
0.165043
0.0288277
0.0354391
0.0423203
0.049384
0.0565678
0.0638297
0.071142
0.0784864
0.0858508
0.0932271
0.100609
0.107992
0.115371
0.122738
0.130084
0.137394
0.144645
0.151798
0.158796
0.165553
0.0278106
0.0347215
0.0418322
0.0490635
0.0563634
0.063702
0.071063
0.0784371
0.0858189
0.0932052
0.100594
0.107983
0.115373
0.122759
0.13014
0.13751
0.144858
0.152161
0.159375
0.166432
0.0263865
0.0337619
0.0412006
0.0486598
0.0561112
0.0635467
0.070968
0.0783785
0.0857817
0.0931804
0.100578
0.107975
0.115377
0.122787
0.13021
0.137652
0.145122
0.152621
0.160136
0.167648
0.024589
0.0326526
0.0405157
0.0482468
0.055866
0.0634021
0.0708825
0.0783269
0.0857486
0.0931573
0.10056
0.107963
0.115374
0.122802
0.130261
0.137771
0.145366
0.153083
0.160965
0.169136
0.0225167
0.0315529
0.0399092
0.0479222
0.0556942
0.0633107
0.0708332
0.0782985
0.0857293
0.0931404
0.100542
0.107944
0.115354
0.122787
0.130261
0.137813
0.145502
0.153417
0.161681
0.170736
0.0209202
0.0310699
0.0397286
0.0478818
0.0557061
0.0633344
0.0708548
0.0783131
0.0857347
0.0931354
0.100525
0.107913
0.115307
0.12272
0.13017
0.137696
0.145374
0.153316
0.161676
0.171559
0.0219236
0.0326442
0.0406695
0.0484508
0.0560597
0.0635549
0.0709919
0.0783954
0.0857781
0.0931475
0.100508
0.107864
0.115216
0.122569
0.129925
0.137295
0.144709
0.152172
0.159618
0.169455
0.171609
0.177248
0.182236
0.1865
0.189993
0.192689
0.19457
0.195633
0.195873
0.195341
0.171066
0.176641
0.181578
0.185806
0.189279
0.191971
0.193874
0.195004
0.195342
0.19481
0.171223
0.176855
0.181832
0.186085
0.189573
0.192276
0.19419
0.195335
0.195673
0.195042
0.171931
0.177726
0.182816
0.18714
0.190667
0.193387
0.195308
0.196454
0.196775
0.196078
0.173165
0.179235
0.184507
0.188936
0.192513
0.195252
0.197174
0.198315
0.198626
0.197907
0.174981
0.181469
0.186982
0.191535
0.195159
0.197901
0.19981
0.200937
0.20124
0.200525
0.177496
0.184568
0.190354
0.195014
0.198648
0.201357
0.203223
0.204317
0.204609
0.203916
0.180905
0.188748
0.194775
0.199466
0.203026
0.205631
0.207406
0.208438
0.208711
0.208057
0.185389
0.194306
0.200441
0.204994
0.208331
0.210722
0.212334
0.213264
0.213505
0.212904
0.193487
0.202639
0.20794
0.211808
0.214604
0.216603
0.217955
0.218735
0.218926
0.218392
0.171622
0.177263
0.182253
0.186518
0.190012
0.192707
0.194587
0.195651
0.195893
0.195341
0.171057
0.176631
0.181567
0.185794
0.189266
0.191958
0.193861
0.194993
0.195342
0.19479
0.171224
0.176857
0.181834
0.186087
0.189574
0.192276
0.194189
0.195335
0.195684
0.195024
0.171934
0.17773
0.18282
0.187143
0.190669
0.193389
0.195308
0.196455
0.196789
0.19606
0.17317
0.179241
0.18451
0.188938
0.192514
0.195252
0.197172
0.198315
0.198639
0.197889
0.174992
0.181476
0.186985
0.191536
0.195159
0.1979
0.199808
0.200936
0.201253
0.200507
0.177521
0.184578
0.190356
0.195015
0.198647
0.201355
0.203221
0.204316
0.204621
0.203899
0.180993
0.188775
0.194778
0.199466
0.203024
0.205629
0.207402
0.208436
0.208722
0.20804
0.185568
0.194309
0.20042
0.204985
0.208324
0.210717
0.212329
0.213262
0.213515
0.212889
0.193474
0.202459
0.207853
0.211782
0.214592
0.216597
0.217952
0.218734
0.218935
0.218378
0.171622
0.177263
0.182253
0.186518
0.190012
0.192707
0.194587
0.195651
0.195893
0.195341
0.171057
0.176631
0.181567
0.185794
0.189266
0.191958
0.193861
0.194993
0.195342
0.19479
0.171224
0.176857
0.181834
0.186087
0.189574
0.192276
0.194189
0.195335
0.195684
0.195024
0.171934
0.17773
0.18282
0.187143
0.190669
0.193389
0.195308
0.196455
0.196789
0.19606
0.17317
0.179241
0.18451
0.188938
0.192514
0.195252
0.197172
0.198315
0.198639
0.197889
0.174992
0.181476
0.186985
0.191536
0.195159
0.1979
0.199808
0.200936
0.201253
0.200507
0.177521
0.184578
0.190356
0.195015
0.198647
0.201355
0.203221
0.204316
0.204621
0.203899
0.180993
0.188775
0.194778
0.199466
0.203024
0.205629
0.207402
0.208436
0.208722
0.20804
0.185568
0.194309
0.20042
0.204985
0.208324
0.210717
0.212329
0.213262
0.213515
0.212889
0.193474
0.202459
0.207853
0.211782
0.214592
0.216597
0.217952
0.218734
0.218935
0.218378
0.171609
0.177248
0.182236
0.1865
0.189993
0.192689
0.19457
0.195633
0.195873
0.195341
0.171066
0.176641
0.181578
0.185806
0.189279
0.191971
0.193874
0.195004
0.195342
0.19481
0.171223
0.176855
0.181832
0.186085
0.189573
0.192276
0.19419
0.195335
0.195673
0.195042
0.171931
0.177726
0.182816
0.18714
0.190667
0.193387
0.195308
0.196454
0.196775
0.196078
0.173165
0.179235
0.184507
0.188936
0.192513
0.195252
0.197174
0.198315
0.198626
0.197907
0.174981
0.181469
0.186982
0.191535
0.195159
0.197901
0.19981
0.200937
0.20124
0.200525
0.177496
0.184568
0.190354
0.195014
0.198648
0.201357
0.203223
0.204317
0.204609
0.203916
0.180905
0.188748
0.194775
0.199466
0.203026
0.205631
0.207406
0.208438
0.208711
0.208057
0.185389
0.194306
0.200441
0.204994
0.208331
0.210722
0.212334
0.213264
0.213505
0.212904
0.193487
0.202639
0.20794
0.211808
0.214604
0.216603
0.217955
0.218735
0.218926
0.218392
0.21731
0.216301
0.217889
0.219953
0.221741
0.223155
0.224163
0.224754
0.224882
0.224421
0.22804
0.226459
0.226932
0.228021
0.229118
0.230065
0.230771
0.231188
0.23126
0.230875
0.23608
0.235129
0.235297
0.235889
0.236558
0.237174
0.237647
0.237925
0.237953
0.23764
0.24388
0.243297
0.243321
0.243627
0.24402
0.244403
0.244704
0.244876
0.244874
0.244624
0.251514
0.25114
0.251107
0.251254
0.251474
0.2517
0.25188
0.251976
0.251953
0.251755
0.259043
0.258792
0.258739
0.2588
0.258912
0.259035
0.259132
0.259175
0.259138
0.258978
0.266521
0.266341
0.26628
0.26629
0.266336
0.266393
0.266433
0.26644
0.266392
0.266259
0.273977
0.273832
0.273766
0.273745
0.27375
0.273763
0.273766
0.273747
0.27369
0.273571
0.281423
0.28129
0.281216
0.281175
0.281154
0.28114
0.28112
0.281083
0.281017
0.280899
0.288868
0.288727
0.288641
0.288587
0.288551
0.288523
0.28849
0.288441
0.288363
0.288233
0.296315
0.296145
0.296043
0.29598
0.29594
0.295912
0.295876
0.29582
0.295728
0.29557
0.303763
0.303539
0.303415
0.303349
0.303319
0.303306
0.303281
0.303225
0.303117
0.302914
0.311203
0.310893
0.31074
0.310683
0.310683
0.310708
0.310716
0.310673
0.310545
0.310274
0.318621
0.318174
0.317986
0.317957
0.318023
0.318126
0.318198
0.318188
0.318042
0.317673
0.32599
0.325328
0.325098
0.325134
0.325323
0.325566
0.325759
0.325816
0.325654
0.325148
0.333271
0.332258
0.331982
0.332152
0.33256
0.333046
0.333444
0.333624
0.333459
0.332765
0.340375
0.338777
0.338474
0.338907
0.339698
0.34059
0.341328
0.34172
0.341574
0.340625
0.346985
0.344495
0.344287
0.345242
0.346689
0.348239
0.349523
0.350263
0.350178
0.348889
0.352989
0.34902
0.349067
0.350966
0.353487
0.356067
0.358198
0.35949
0.359538
0.357798
0.361049
0.35191
0.35204
0.355667
0.359984
0.36417
0.367592
0.369741
0.370042
0.367707
0.217731
0.216408
0.217958
0.219989
0.221754
0.223161
0.224165
0.224756
0.224892
0.224411
0.228086
0.226441
0.226957
0.228042
0.229128
0.230071
0.230774
0.231191
0.231269
0.230868
0.236079
0.2351
0.235301
0.235898
0.236564
0.237179
0.23765
0.237928
0.237961
0.237635
0.243892
0.243285
0.243324
0.243632
0.244024
0.244407
0.244706
0.244879
0.24488
0.244621
0.251522
0.251133
0.251107
0.251257
0.251476
0.251703
0.251882
0.251978
0.251958
0.251753
0.259046
0.258787
0.258739
0.258801
0.258913
0.259037
0.259133
0.259177
0.259142
0.258977
0.266524
0.266338
0.26628
0.266291
0.266337
0.266394
0.266434
0.266441
0.266395
0.266258
0.273979
0.27383
0.273765
0.273745
0.27375
0.273763
0.273767
0.273748
0.273693
0.27357
0.281425
0.281288
0.281216
0.281175
0.281154
0.281141
0.281121
0.281084
0.28102
0.280898
0.28887
0.288724
0.288641
0.288586
0.288551
0.288524
0.288491
0.288442
0.288366
0.288232
0.296317
0.296142
0.296042
0.295979
0.29594
0.295912
0.295877
0.295821
0.295731
0.29557
0.303764
0.303535
0.303413
0.303349
0.303319
0.303306
0.303282
0.303227
0.303121
0.302913
0.311206
0.310887
0.310738
0.310682
0.310683
0.31071
0.310717
0.310675
0.310551
0.310273
0.318626
0.318166
0.317984
0.317956
0.318023
0.318127
0.318201
0.318192
0.31805
0.31767
0.325998
0.325315
0.325094
0.325134
0.325323
0.325569
0.325762
0.325821
0.325667
0.325144
0.333285
0.332237
0.331978
0.332152
0.332561
0.33305
0.333449
0.333631
0.333476
0.332759
0.34041
0.338749
0.338471
0.33891
0.339701
0.340595
0.341335
0.341729
0.341598
0.340616
0.347047
0.344439
0.344279
0.345246
0.346693
0.348246
0.349531
0.350275
0.350211
0.348876
0.353016
0.34888
0.349057
0.350983
0.353497
0.356077
0.358208
0.359506
0.359584
0.357777
0.36162
0.351927
0.35215
0.35574
0.360011
0.364184
0.367602
0.36976
0.370104
0.367677
0.217731
0.216408
0.217958
0.219989
0.221754
0.223161
0.224165
0.224756
0.224892
0.224411
0.228086
0.226441
0.226957
0.228042
0.229128
0.230071
0.230774
0.231191
0.231269
0.230868
0.236079
0.2351
0.235301
0.235898
0.236564
0.237179
0.23765
0.237928
0.237961
0.237635
0.243892
0.243285
0.243324
0.243632
0.244024
0.244407
0.244706
0.244879
0.24488
0.244621
0.251522
0.251133
0.251107
0.251257
0.251476
0.251703
0.251882
0.251978
0.251958
0.251753
0.259046
0.258787
0.258739
0.258801
0.258913
0.259037
0.259133
0.259177
0.259142
0.258977
0.266524
0.266338
0.26628
0.266291
0.266337
0.266394
0.266434
0.266441
0.266395
0.266258
0.273979
0.27383
0.273765
0.273745
0.27375
0.273763
0.273767
0.273748
0.273693
0.27357
0.281425
0.281288
0.281216
0.281175
0.281154
0.281141
0.281121
0.281084
0.28102
0.280898
0.28887
0.288724
0.288641
0.288586
0.288551
0.288524
0.288491
0.288442
0.288366
0.288232
0.296317
0.296142
0.296042
0.295979
0.29594
0.295912
0.295877
0.295821
0.295731
0.29557
0.303764
0.303535
0.303413
0.303349
0.303319
0.303306
0.303282
0.303227
0.303121
0.302913
0.311206
0.310887
0.310738
0.310682
0.310683
0.31071
0.310717
0.310675
0.310551
0.310273
0.318626
0.318166
0.317984
0.317956
0.318023
0.318127
0.318201
0.318192
0.31805
0.31767
0.325998
0.325315
0.325094
0.325134
0.325323
0.325569
0.325762
0.325821
0.325667
0.325144
0.333285
0.332237
0.331978
0.332152
0.332561
0.33305
0.333449
0.333631
0.333476
0.332759
0.34041
0.338749
0.338471
0.33891
0.339701
0.340595
0.341335
0.341729
0.341598
0.340616
0.347047
0.344439
0.344279
0.345246
0.346693
0.348246
0.349531
0.350275
0.350211
0.348876
0.353016
0.34888
0.349057
0.350983
0.353497
0.356077
0.358208
0.359506
0.359584
0.357777
0.36162
0.351927
0.35215
0.35574
0.360011
0.364184
0.367602
0.36976
0.370104
0.367677
0.21731
0.216301
0.217889
0.219953
0.221741
0.223155
0.224163
0.224754
0.224882
0.224421
0.22804
0.226459
0.226932
0.228021
0.229118
0.230065
0.230771
0.231188
0.23126
0.230875
0.23608
0.235129
0.235297
0.235889
0.236558
0.237174
0.237647
0.237925
0.237953
0.23764
0.24388
0.243297
0.243321
0.243627
0.24402
0.244403
0.244704
0.244876
0.244874
0.244624
0.251514
0.25114
0.251107
0.251254
0.251474
0.2517
0.25188
0.251976
0.251953
0.251755
0.259043
0.258792
0.258739
0.2588
0.258912
0.259035
0.259132
0.259175
0.259138
0.258978
0.266521
0.266341
0.26628
0.26629
0.266336
0.266393
0.266433
0.26644
0.266392
0.266259
0.273977
0.273832
0.273766
0.273745
0.27375
0.273763
0.273766
0.273747
0.27369
0.273571
0.281423
0.28129
0.281216
0.281175
0.281154
0.28114
0.28112
0.281083
0.281017
0.280899
0.288868
0.288727
0.288641
0.288587
0.288551
0.288523
0.28849
0.288441
0.288363
0.288233
0.296315
0.296145
0.296043
0.29598
0.29594
0.295912
0.295876
0.29582
0.295728
0.29557
0.303763
0.303539
0.303415
0.303349
0.303319
0.303306
0.303281
0.303225
0.303117
0.302914
0.311203
0.310893
0.31074
0.310683
0.310683
0.310708
0.310716
0.310673
0.310545
0.310274
0.318621
0.318174
0.317986
0.317957
0.318023
0.318126
0.318198
0.318188
0.318042
0.317673
0.32599
0.325328
0.325098
0.325134
0.325323
0.325566
0.325759
0.325816
0.325654
0.325148
0.333271
0.332258
0.331982
0.332152
0.33256
0.333046
0.333444
0.333624
0.333459
0.332765
0.340375
0.338777
0.338474
0.338907
0.339698
0.34059
0.341328
0.34172
0.341574
0.340625
0.346985
0.344495
0.344287
0.345242
0.346689
0.348239
0.349523
0.350262
0.350178
0.348889
0.352989
0.34902
0.349067
0.350966
0.353487
0.356067
0.358198
0.35949
0.359538
0.357798
0.361049
0.35191
0.35204
0.355667
0.359984
0.36417
0.367592
0.369741
0.370042
0.367707
0.33244
0.341637
0.350372
0.358563
0.366068
0.372727
0.378057
0.381503
0.382253
0.379137
0.320634
0.336642
0.349899
0.361857
0.372711
0.382322
0.390155
0.395467
0.396982
0.392845
0.315889
0.334254
0.350678
0.365958
0.380245
0.3933
0.404413
0.412469
0.415361
0.409966
0.313368
0.333361
0.352308
0.370667
0.388559
0.4057
0.421214
0.433483
0.43902
0.43243
0.312015
0.333248
0.354263
0.375474
0.397128
0.419107
0.440601
0.459545
0.470413
0.464037
0.311074
0.333212
0.355853
0.379561
0.404927
0.43238
0.461816
0.491355
0.513108
0.512415
0.310112
0.332797
0.356536
0.382146
0.410736
0.443766
0.482967
0.528343
0.570902
0.590805
0.309129
0.332055
0.356406
0.383265
0.414365
0.4526
0.502783
0.569275
0.64725
0.727828
0.308252
0.331172
0.355706
0.383216
0.416133
0.459115
0.521154
0.614661
0.753471
1.01333
0.307181
0.329638
0.353521
0.380206
0.412411
0.456126
0.52537
0.65027
0.907954
1.50125
0.332572
0.341387
0.350287
0.358537
0.366051
0.372719
0.378056
0.381522
0.382337
0.379093
0.320811
0.336602
0.349852
0.361826
0.372685
0.382302
0.390142
0.395484
0.397099
0.392785
0.315981
0.334249
0.350653
0.36593
0.380213
0.393268
0.404382
0.412482
0.415529
0.409891
0.313405
0.333358
0.35229
0.370639
0.38852
0.405651
0.421153
0.433478
0.43925
0.432335
0.312036
0.333253
0.354256
0.375454
0.397091
0.419044
0.440499
0.459495
0.47069
0.463924
0.311093
0.333226
0.35586
0.379559
0.404907
0.43232
0.46168
0.491251
0.513415
0.512445
0.310126
0.332811
0.356548
0.382152
0.410725
0.443694
0.482778
0.528176
0.571149
0.591357
0.309141
0.332068
0.356422
0.38328
0.41436
0.452494
0.502493
0.568897
0.646375
0.727625
0.308285
0.331224
0.355792
0.383357
0.416345
0.459357
0.521395
0.614527
0.74971
1.01044
0.307186
0.329646
0.353539
0.380252
0.412523
0.456371
0.525999
0.651013
0.904543
1.51021
0.332572
0.341387
0.350287
0.358537
0.366051
0.372719
0.378056
0.381522
0.382337
0.379093
0.320811
0.336602
0.349852
0.361826
0.372685
0.382302
0.390142
0.395484
0.397099
0.392785
0.315981
0.334249
0.350653
0.36593
0.380213
0.393268
0.404382
0.412482
0.415529
0.409891
0.313405
0.333358
0.35229
0.370639
0.38852
0.405651
0.421153
0.433478
0.43925
0.432335
0.312036
0.333253
0.354256
0.375454
0.397091
0.419044
0.440499
0.459495
0.47069
0.463924
0.311093
0.333226
0.35586
0.379559
0.404907
0.43232
0.46168
0.491251
0.513415
0.512445
0.310126
0.332811
0.356548
0.382152
0.410725
0.443694
0.482778
0.528176
0.571149
0.591357
0.309141
0.332068
0.356422
0.38328
0.41436
0.452494
0.502493
0.568897
0.646375
0.727625
0.308285
0.331224
0.355792
0.383357
0.416345
0.459357
0.521395
0.614527
0.74971
1.01044
0.307186
0.329646
0.353539
0.380252
0.412523
0.456371
0.525999
0.651013
0.904543
1.51021
0.33244
0.341637
0.350372
0.358563
0.366068
0.372727
0.378057
0.381503
0.382253
0.379137
0.320634
0.336642
0.349899
0.361857
0.372711
0.382322
0.390155
0.395467
0.396982
0.392845
0.315889
0.334254
0.350678
0.365958
0.380245
0.3933
0.404413
0.412469
0.415361
0.409966
0.313368
0.333361
0.352308
0.370667
0.388559
0.4057
0.421214
0.433483
0.43902
0.43243
0.312015
0.333248
0.354263
0.375474
0.397128
0.419107
0.440601
0.459545
0.470413
0.464037
0.311074
0.333212
0.355853
0.379561
0.404927
0.43238
0.461816
0.491355
0.513108
0.512415
0.310112
0.332797
0.356536
0.382146
0.410736
0.443766
0.482967
0.528343
0.570902
0.590805
0.309129
0.332055
0.356406
0.383265
0.414365
0.4526
0.502783
0.569275
0.647251
0.727828
0.308252
0.331172
0.355706
0.383216
0.416133
0.459115
0.521154
0.614661
0.753471
1.01333
0.307181
0.329638
0.353521
0.380206
0.412411
0.456126
0.52537
0.65027
0.907954
1.50125
-0.130513
-0.106168
-0.0842846
-0.0627848
-0.0411806
-0.0194435
0.00241346
0.0243709
0.0464105
0.0685197
0.0906926
0.112929
0.135237
0.157629
0.18013
0.202786
0.22567
0.24892
0.273361
0.302009
-0.125506
-0.104651
-0.0836684
-0.0624589
-0.0409755
-0.019304
0.00250987
0.0244355
0.0464497
0.0685371
0.0906894
0.112905
0.135188
0.157552
0.180015
0.202617
0.22541
0.24844
0.271978
0.296768
-0.12425
-0.104276
-0.0836166
-0.0624871
-0.0410348
-0.0193693
0.00244777
0.0243765
0.0463899
0.0684708
0.0906095
0.112803
0.135052
0.157364
0.179755
0.202241
0.224845
0.247587
0.270491
0.293622
-0.124973
-0.104894
-0.0841174
-0.0628827
-0.0413472
-0.0196139
0.00225466
0.0242186
0.046252
0.0683385
0.0904687
0.112639
0.134849
0.157097
0.179396
0.201752
0.22417
0.246642
0.269141
0.291581
-0.127045
-0.106336
-0.0851374
-0.0636153
-0.0418806
-0.0200072
0.00195826
0.0239861
0.0460574
0.0681599
0.0902863
0.112432
0.134596
0.15678
0.178984
0.20121
0.223457
0.245716
0.267967
0.290148
-0.129913
-0.108308
-0.0865061
-0.0645743
-0.0425605
-0.0204965
0.00159773
0.0237097
0.0458314
0.0679576
0.0900846
0.11221
0.13433
0.156446
0.178554
0.200654
0.222746
0.244829
0.26691
0.288995
-0.132945
-0.110389
-0.0879394
-0.0655683
-0.0432567
-0.0209914
0.00123733
0.0234365
0.0456105
0.0677619
0.0898909
0.111997
0.134076
0.156127
0.178144
0.200125
0.22207
0.24399
0.265914
0.287911
-0.135332
-0.112011
-0.089047
-0.0663299
-0.043786
-0.0213653
0.000966027
0.0232306
0.0454429
0.0676111
0.089739
0.111826
0.13387
0.155864
0.177803
0.19968
0.221498
0.24327
0.265045
0.286927
-0.136017
-0.112456
-0.0893406
-0.0665271
-0.0439219
-0.0214628
0.000891696
0.0231684
0.0453841
0.0675481
0.0896641
0.111731
0.133744
0.155695
0.177575
0.199375
0.221095
0.242751
0.264394
0.286146
-0.134091
-0.11113
-0.0884266
-0.0658962
-0.0434862
-0.0211621
0.0010982
0.0233083
0.0454756
0.0676029
0.0896888
0.111728
0.133712
0.155629
0.177465
0.199208
0.220848
0.24239
0.263873
0.285398
-0.130434
-0.106073
-0.0842758
-0.062786
-0.04118
-0.0194434
0.00241315
0.0243705
0.0464101
0.0685194
0.0906922
0.112929
0.135236
0.157628
0.180129
0.202783
0.225671
0.248917
0.273255
0.301813
-0.125434
-0.104573
-0.0836456
-0.062447
-0.0409659
-0.0192974
0.00251445
0.0244388
0.0464521
0.0685388
0.0906905
0.112905
0.135188
0.157551
0.180013
0.202613
0.225405
0.248425
0.27189
0.296646
-0.124232
-0.104243
-0.0836007
-0.0624768
-0.0410276
-0.0193646
0.00245076
0.0243785
0.0463913
0.0684717
0.0906101
0.112803
0.135052
0.157364
0.179753
0.202237
0.224838
0.247573
0.27045
0.293588
-0.124967
-0.104878
-0.0841058
-0.0628745
-0.0413415
-0.0196102
0.00225709
0.0242202
0.046253
0.0683392
0.0904691
0.112639
0.134848
0.157096
0.179394
0.201749
0.224164
0.246632
0.269121
0.29157
-0.127042
-0.106327
-0.0851303
-0.0636099
-0.0418766
-0.0200045
0.00196011
0.0239874
0.0460582
0.0681604
0.0902866
0.112432
0.134596
0.15678
0.178983
0.201208
0.223454
0.245712
0.26796
0.290149
-0.129912
-0.108305
-0.0865035
-0.0645721
-0.0425588
-0.0204953
0.00159853
0.0237102
0.0458317
0.0679577
0.0900846
0.112209
0.13433
0.156446
0.178554
0.200654
0.222746
0.24483
0.266912
0.289004
-0.132949
-0.110392
-0.0879415
-0.0655697
-0.0432576
-0.0209921
0.00123683
0.0234361
0.0456102
0.0677616
0.0898907
0.111996
0.134076
0.156127
0.178144
0.200125
0.222071
0.243992
0.265919
0.28792
-0.135355
-0.112028
-0.0890586
-0.0663379
-0.0437915
-0.0213692
0.000963307
0.0232287
0.0454415
0.0676101
0.0897381
0.111826
0.133869
0.155864
0.177803
0.199681
0.221499
0.243273
0.26505
0.286936
-0.136079
-0.112499
-0.0893694
-0.0665469
-0.0439355
-0.0214722
0.000885144
0.0231638
0.0453808
0.0675457
0.0896624
0.11173
0.133743
0.155694
0.177576
0.199377
0.221099
0.242758
0.264406
0.286166
-0.134073
-0.111118
-0.0884182
-0.0658905
-0.0434823
-0.0211593
0.00110011
0.0233096
0.0454766
0.0676037
0.0896894
0.111729
0.133713
0.15563
0.177466
0.199209
0.220849
0.242392
0.263876
0.285402
-0.130434
-0.106073
-0.0842758
-0.062786
-0.04118
-0.0194434
0.00241315
0.0243705
0.0464101
0.0685194
0.0906922
0.112929
0.135236
0.157628
0.180129
0.202783
0.225671
0.248917
0.273255
0.301813
-0.125434
-0.104573
-0.0836456
-0.062447
-0.0409659
-0.0192974
0.00251444
0.0244388
0.0464521
0.0685388
0.0906905
0.112905
0.135188
0.157551
0.180013
0.202613
0.225405
0.248425
0.27189
0.296646
-0.124232
-0.104243
-0.0836007
-0.0624768
-0.0410276
-0.0193646
0.00245075
0.0243785
0.0463913
0.0684717
0.0906101
0.112803
0.135052
0.157364
0.179753
0.202237
0.224838
0.247573
0.27045
0.293588
-0.124967
-0.104878
-0.0841058
-0.0628745
-0.0413415
-0.0196102
0.00225709
0.0242202
0.046253
0.0683392
0.0904691
0.112639
0.134848
0.157096
0.179394
0.201749
0.224164
0.246632
0.269121
0.29157
-0.127042
-0.106327
-0.0851303
-0.0636099
-0.0418766
-0.0200044
0.00196012
0.0239874
0.0460582
0.0681604
0.0902866
0.112432
0.134596
0.15678
0.178983
0.201208
0.223454
0.245712
0.26796
0.290149
-0.129912
-0.108305
-0.0865035
-0.0645721
-0.0425588
-0.0204953
0.00159853
0.0237102
0.0458317
0.0679577
0.0900846
0.112209
0.13433
0.156446
0.178554
0.200654
0.222746
0.24483
0.266912
0.289004
-0.132949
-0.110392
-0.0879415
-0.0655697
-0.0432576
-0.0209921
0.00123682
0.0234361
0.0456102
0.0677616
0.0898907
0.111996
0.134076
0.156127
0.178144
0.200125
0.222071
0.243992
0.265919
0.287921
-0.135355
-0.112028
-0.0890586
-0.0663379
-0.0437915
-0.0213692
0.000963302
0.0232287
0.0454415
0.0676101
0.0897381
0.111826
0.133869
0.155864
0.177803
0.199681
0.221499
0.243273
0.26505
0.286936
-0.136079
-0.112499
-0.0893694
-0.0665469
-0.0439355
-0.0214722
0.000885137
0.0231638
0.0453808
0.0675457
0.0896624
0.11173
0.133743
0.155694
0.177576
0.199377
0.221099
0.242758
0.264406
0.286166
-0.134073
-0.111118
-0.0884182
-0.0658905
-0.0434823
-0.0211593
0.00110011
0.0233096
0.0454766
0.0676037
0.0896894
0.111729
0.133713
0.15563
0.177466
0.199209
0.220849
0.242392
0.263876
0.285402
-0.130513
-0.106168
-0.0842846
-0.0627848
-0.0411806
-0.0194434
0.00241346
0.0243709
0.0464105
0.0685197
0.0906926
0.112929
0.135237
0.157629
0.18013
0.202786
0.22567
0.24892
0.273361
0.302009
-0.125506
-0.104651
-0.0836683
-0.0624589
-0.0409754
-0.019304
0.00250987
0.0244355
0.0464498
0.0685371
0.0906894
0.112905
0.135188
0.157552
0.180015
0.202617
0.22541
0.24844
0.271978
0.296768
-0.12425
-0.104276
-0.0836166
-0.0624871
-0.0410348
-0.0193693
0.00244776
0.0243765
0.0463899
0.0684708
0.0906095
0.112803
0.135052
0.157364
0.179755
0.202241
0.224845
0.247587
0.270491
0.293622
-0.124973
-0.104894
-0.0841174
-0.0628827
-0.0413472
-0.0196139
0.00225466
0.0242186
0.046252
0.0683385
0.0904687
0.112639
0.134849
0.157097
0.179396
0.201752
0.22417
0.246642
0.269141
0.291581
-0.127045
-0.106336
-0.0851374
-0.0636153
-0.0418806
-0.0200072
0.00195827
0.0239861
0.0460574
0.0681599
0.0902863
0.112432
0.134596
0.15678
0.178984
0.20121
0.223457
0.245716
0.267967
0.290148
-0.129913
-0.108308
-0.0865061
-0.0645743
-0.0425605
-0.0204965
0.00159774
0.0237097
0.0458314
0.0679576
0.0900846
0.11221
0.13433
0.156446
0.178554
0.200654
0.222746
0.244829
0.26691
0.288995
-0.132945
-0.110389
-0.0879393
-0.0655683
-0.0432567
-0.0209914
0.00123733
0.0234365
0.0456105
0.0677619
0.0898909
0.111997
0.134076
0.156127
0.178144
0.200125
0.22207
0.24399
0.265914
0.287911
-0.135332
-0.112011
-0.089047
-0.0663299
-0.043786
-0.0213653
0.00096602
0.0232306
0.0454429
0.0676112
0.089739
0.111826
0.13387
0.155864
0.177803
0.19968
0.221498
0.24327
0.265045
0.286927
-0.136017
-0.112457
-0.0893406
-0.0665271
-0.0439219
-0.0214628
0.000891684
0.0231684
0.0453841
0.0675481
0.0896641
0.111731
0.133744
0.155695
0.177575
0.199375
0.221095
0.242751
0.264394
0.286146
-0.134091
-0.11113
-0.0884266
-0.0658962
-0.0434862
-0.0211621
0.00109818
0.0233082
0.0454756
0.0676029
0.0896888
0.111728
0.133712
0.155629
0.177465
0.199208
0.220848
0.24239
0.263873
0.285398
-0.182745
-0.185353
-0.184982
-0.182626
-0.178877
-0.174083
-0.168585
-0.162641
-0.15702
-0.152059
-0.195255
-0.198647
-0.197859
-0.194361
-0.188989
-0.18214
-0.174142
-0.16517
-0.155349
-0.14381
-0.210582
-0.214947
-0.213474
-0.208428
-0.201062
-0.191908
-0.181372
-0.169683
-0.156888
-0.142403
-0.230091
-0.235539
-0.232818
-0.225538
-0.215588
-0.203697
-0.190394
-0.175981
-0.160537
-0.143767
-0.25614
-0.262303
-0.257129
-0.246436
-0.232962
-0.217654
-0.201161
-0.183847
-0.165825
-0.146973
-0.29336
-0.298102
-0.287881
-0.271787
-0.253352
-0.233633
-0.213333
-0.192808
-0.172134
-0.151215
-0.351299
-0.34724
-0.326624
-0.30186
-0.276308
-0.250839
-0.226006
-0.201959
-0.178582
-0.155647
-0.449895
-0.413609
-0.373079
-0.334776
-0.299265
-0.266738
-0.237002
-0.209542
-0.183776
-0.15917
-0.643031
-0.490361
-0.412556
-0.357393
-0.312057
-0.274071
-0.241385
-0.212248
-0.18547
-0.16024
-1.04181
-0.561742
-0.401734
-0.339781
-0.296703
-0.262134
-0.232836
-0.206337
-0.181406
-0.157443
-0.182706
-0.18542
-0.184995
-0.182625
-0.178874
-0.174072
-0.168569
-0.162569
-0.156804
-0.152206
-0.195201
-0.198736
-0.19787
-0.194351
-0.188977
-0.182122
-0.174118
-0.165123
-0.155281
-0.143941
-0.210512
-0.215068
-0.21348
-0.208407
-0.201041
-0.191884
-0.181348
-0.169654
-0.156869
-0.14247
-0.230004
-0.235702
-0.232808
-0.225495
-0.215552
-0.203663
-0.190363
-0.175953
-0.16052
-0.143789
-0.256036
-0.262502
-0.257081
-0.246357
-0.232904
-0.217606
-0.201123
-0.183819
-0.165811
-0.146978
-0.293276
-0.298271
-0.28773
-0.271643
-0.253258
-0.233564
-0.213286
-0.192779
-0.172121
-0.151215
-0.351443
-0.347163
-0.326232
-0.301594
-0.276156
-0.250747
-0.225956
-0.201937
-0.178576
-0.155651
-0.450137
-0.412867
-0.372643
-0.334643
-0.299242
-0.266759
-0.23704
-0.209583
-0.183812
-0.159201
-0.640921
-0.487931
-0.413224
-0.358346
-0.312667
-0.274483
-0.241673
-0.212443
-0.185601
-0.16033
-1.04979
-0.557649
-0.401768
-0.340209
-0.29655
-0.261942
-0.232729
-0.206272
-0.181361
-0.157414
-0.182706
-0.18542
-0.184995
-0.182625
-0.178874
-0.174072
-0.168569
-0.162569
-0.156804
-0.152206
-0.195201
-0.198736
-0.19787
-0.194351
-0.188977
-0.182122
-0.174118
-0.165123
-0.155281
-0.143941
-0.210512
-0.215068
-0.21348
-0.208407
-0.201041
-0.191884
-0.181348
-0.169654
-0.156869
-0.14247
-0.230004
-0.235702
-0.232808
-0.225495
-0.215552
-0.203663
-0.190363
-0.175953
-0.16052
-0.143789
-0.256036
-0.262502
-0.257081
-0.246357
-0.232904
-0.217606
-0.201123
-0.183819
-0.165811
-0.146978
-0.293276
-0.298271
-0.28773
-0.271643
-0.253258
-0.233564
-0.213286
-0.192779
-0.172121
-0.151215
-0.351443
-0.347163
-0.326232
-0.301594
-0.276156
-0.250747
-0.225956
-0.201937
-0.178576
-0.155651
-0.450137
-0.412867
-0.372643
-0.334643
-0.299242
-0.266759
-0.23704
-0.209583
-0.183812
-0.159201
-0.640921
-0.487931
-0.413224
-0.358346
-0.312667
-0.274483
-0.241673
-0.212443
-0.185601
-0.16033
-1.04979
-0.557649
-0.401768
-0.340209
-0.29655
-0.261942
-0.232729
-0.206272
-0.181361
-0.157414
-0.182745
-0.185353
-0.184982
-0.182626
-0.178877
-0.174083
-0.168585
-0.162641
-0.15702
-0.152059
-0.195255
-0.198647
-0.197859
-0.194361
-0.188989
-0.18214
-0.174142
-0.165171
-0.155349
-0.14381
-0.210582
-0.214947
-0.213474
-0.208428
-0.201062
-0.191908
-0.181372
-0.169683
-0.156888
-0.142403
-0.230091
-0.235539
-0.232818
-0.225538
-0.215588
-0.203697
-0.190394
-0.175981
-0.160537
-0.143767
-0.25614
-0.262303
-0.257129
-0.246436
-0.232962
-0.217654
-0.201161
-0.183847
-0.165825
-0.146973
-0.29336
-0.298102
-0.287881
-0.271787
-0.253352
-0.233633
-0.213333
-0.192808
-0.172134
-0.151214
-0.351299
-0.34724
-0.326624
-0.30186
-0.276308
-0.250839
-0.226006
-0.201959
-0.178582
-0.155647
-0.449895
-0.413609
-0.373079
-0.334776
-0.299265
-0.266738
-0.237002
-0.209542
-0.183776
-0.15917
-0.643031
-0.490361
-0.412556
-0.357393
-0.312057
-0.274071
-0.241385
-0.212248
-0.18547
-0.16024
-1.04181
-0.561742
-0.401734
-0.339781
-0.296703
-0.262134
-0.232836
-0.206337
-0.181406
-0.157443
-0.0298969
-0.0303724
-0.0302893
-0.0297857
-0.0289155
-0.0277078
-0.026228
-0.0246354
-0.0238185
-0.0259291
-0.0364912
-0.0368915
-0.0368678
-0.0365398
-0.0359708
-0.0352208
-0.034402
-0.0336954
-0.0337087
-0.0357724
-0.0433834
-0.0437101
-0.0437281
-0.0435339
-0.0431844
-0.0427372
-0.0422887
-0.0419666
-0.042077
-0.0432305
-0.0504761
-0.0507373
-0.0507811
-0.050682
-0.0504855
-0.0502379
-0.050011
-0.04989
-0.0500318
-0.0507094
-0.0576964
-0.0579032
-0.0579613
-0.0579259
-0.057831
-0.0577099
-0.0576122
-0.0575903
-0.0577254
-0.0581449
-0.0649926
-0.0651574
-0.0652225
-0.0652281
-0.0651981
-0.0651548
-0.0651302
-0.065155
-0.0652709
-0.0655427
-0.0723295
-0.0724651
-0.0725338
-0.0725654
-0.0725759
-0.0725798
-0.0725971
-0.0726451
-0.0727455
-0.0729349
-0.0796845
-0.0798032
-0.0798751
-0.0799233
-0.0799591
-0.0799914
-0.0800332
-0.0800941
-0.0801859
-0.0803324
-0.0870432
-0.0871573
-0.087234
-0.0872936
-0.0873448
-0.087394
-0.0874506
-0.0875203
-0.0876106
-0.0877404
-0.0943977
-0.0945198
-0.0946042
-0.0946719
-0.0947318
-0.09479
-0.0948553
-0.0949327
-0.0950288
-0.0951623
-0.101744
-0.101889
-0.101985
-0.102058
-0.10212
-0.10218
-0.102249
-0.102334
-0.102444
-0.1026
-0.109085
-0.109268
-0.109379
-0.109454
-0.10951
-0.109562
-0.109628
-0.109719
-0.109852
-0.110056
-0.116425
-0.116668
-0.116799
-0.116867
-0.116904
-0.116932
-0.116983
-0.117079
-0.117245
-0.117526
-0.123782
-0.124111
-0.124263
-0.124311
-0.124305
-0.124283
-0.124298
-0.124389
-0.124602
-0.125009
-0.131183
-0.131634
-0.131804
-0.131808
-0.131719
-0.131604
-0.131543
-0.13161
-0.13189
-0.1325
-0.138679
-0.139295
-0.139478
-0.139395
-0.13916
-0.138876
-0.138673
-0.138677
-0.139046
-0.139999
-0.146352
-0.147189
-0.147368
-0.147132
-0.14665
-0.146076
-0.145613
-0.145467
-0.145945
-0.147488
-0.154334
-0.155463
-0.155607
-0.155117
-0.154234
-0.15318
-0.15225
-0.151767
-0.152319
-0.154898
-0.162831
-0.164338
-0.164398
-0.163507
-0.162004
-0.160189
-0.158466
-0.157319
-0.157964
-0.162729
-0.172151
-0.174143
-0.174042
-0.17255
-0.170122
-0.167124
-0.164039
-0.161567
-0.162325
-0.172097
-0.0298872
-0.0303817
-0.030291
-0.0297879
-0.0289217
-0.0277229
-0.0262674
-0.0247054
-0.023925
-0.026377
-0.0364846
-0.0369001
-0.0368706
-0.0365434
-0.0359775
-0.035232
-0.0344236
-0.0337184
-0.0336849
-0.0358114
-0.0433789
-0.0437176
-0.0437309
-0.0435369
-0.0431889
-0.0427425
-0.042296
-0.041968
-0.0420454
-0.0432265
-0.0504733
-0.0507434
-0.0507836
-0.0506845
-0.0504887
-0.0502413
-0.0500152
-0.0498917
-0.0500206
-0.0507211
-0.0576946
-0.057908
-0.0579633
-0.0579278
-0.0578332
-0.0577121
-0.0576144
-0.057591
-0.0577194
-0.0581527
-0.0649914
-0.0651611
-0.0652241
-0.0652295
-0.0651995
-0.0651559
-0.0651311
-0.0651548
-0.0652666
-0.0655465
-0.0723287
-0.072468
-0.0725351
-0.0725664
-0.0725769
-0.0725804
-0.0725975
-0.0726448
-0.0727426
-0.0729371
-0.0796838
-0.0798056
-0.0798761
-0.0799241
-0.0799597
-0.0799917
-0.0800333
-0.0800938
-0.0801838
-0.080334
-0.0870427
-0.0871596
-0.0872349
-0.0872942
-0.0873453
-0.0873942
-0.0874505
-0.0875198
-0.0876087
-0.0877415
-0.0943972
-0.0945222
-0.0946052
-0.0946726
-0.0947323
-0.0947901
-0.0948551
-0.0949321
-0.0950268
-0.0951634
-0.101744
-0.101892
-0.101986
-0.102059
-0.102121
-0.10218
-0.102248
-0.102333
-0.102441
-0.102602
-0.109084
-0.109272
-0.109381
-0.109455
-0.109511
-0.109562
-0.109627
-0.109718
-0.109849
-0.110057
-0.116424
-0.116674
-0.116801
-0.116869
-0.116905
-0.116932
-0.116982
-0.117077
-0.11724
-0.117529
-0.12378
-0.124119
-0.124266
-0.124313
-0.124306
-0.124284
-0.124297
-0.124386
-0.124595
-0.125013
-0.13118
-0.131644
-0.131809
-0.131811
-0.131722
-0.131604
-0.131543
-0.131607
-0.131878
-0.132506
-0.138674
-0.13931
-0.139484
-0.139399
-0.139164
-0.138878
-0.138674
-0.138672
-0.139028
-0.14001
-0.146345
-0.14721
-0.147376
-0.147138
-0.146655
-0.14608
-0.145615
-0.145463
-0.145919
-0.147515
-0.154323
-0.155492
-0.155618
-0.155124
-0.154241
-0.153185
-0.152255
-0.151758
-0.152258
-0.154929
-0.162814
-0.164377
-0.164412
-0.163516
-0.162015
-0.1602
-0.158484
-0.157312
-0.157823
-0.162729
-0.172125
-0.174194
-0.174058
-0.172559
-0.170136
-0.16715
-0.164106
-0.16166
-0.162322
-0.172587
-0.0298872
-0.0303817
-0.030291
-0.0297879
-0.0289217
-0.0277229
-0.0262674
-0.0247054
-0.023925
-0.026377
-0.0364846
-0.0369001
-0.0368706
-0.0365434
-0.0359775
-0.035232
-0.0344236
-0.0337184
-0.0336849
-0.0358114
-0.0433789
-0.0437176
-0.0437309
-0.0435369
-0.0431889
-0.0427425
-0.042296
-0.041968
-0.0420454
-0.0432265
-0.0504733
-0.0507434
-0.0507836
-0.0506845
-0.0504887
-0.0502413
-0.0500153
-0.0498917
-0.0500206
-0.0507211
-0.0576946
-0.057908
-0.0579633
-0.0579278
-0.0578332
-0.0577121
-0.0576144
-0.057591
-0.0577194
-0.0581527
-0.0649914
-0.0651611
-0.0652241
-0.0652295
-0.0651995
-0.0651559
-0.0651311
-0.0651548
-0.0652666
-0.0655465
-0.0723287
-0.072468
-0.0725351
-0.0725664
-0.0725769
-0.0725804
-0.0725975
-0.0726448
-0.0727426
-0.0729371
-0.0796838
-0.0798056
-0.0798761
-0.0799241
-0.0799597
-0.0799917
-0.0800333
-0.0800938
-0.0801838
-0.080334
-0.0870427
-0.0871596
-0.0872349
-0.0872942
-0.0873453
-0.0873942
-0.0874505
-0.0875198
-0.0876087
-0.0877415
-0.0943972
-0.0945222
-0.0946052
-0.0946726
-0.0947323
-0.0947901
-0.0948551
-0.0949321
-0.0950268
-0.0951634
-0.101744
-0.101892
-0.101986
-0.102059
-0.102121
-0.10218
-0.102248
-0.102333
-0.102441
-0.102602
-0.109084
-0.109272
-0.109381
-0.109455
-0.109511
-0.109562
-0.109627
-0.109718
-0.109849
-0.110057
-0.116424
-0.116674
-0.116801
-0.116869
-0.116905
-0.116932
-0.116982
-0.117077
-0.11724
-0.117529
-0.12378
-0.124119
-0.124266
-0.124313
-0.124306
-0.124284
-0.124297
-0.124386
-0.124595
-0.125013
-0.13118
-0.131644
-0.131809
-0.131811
-0.131722
-0.131604
-0.131543
-0.131607
-0.131878
-0.132506
-0.138674
-0.13931
-0.139484
-0.139399
-0.139164
-0.138878
-0.138674
-0.138672
-0.139028
-0.14001
-0.146345
-0.14721
-0.147376
-0.147138
-0.146655
-0.14608
-0.145615
-0.145463
-0.145919
-0.147515
-0.154323
-0.155492
-0.155618
-0.155124
-0.154241
-0.153185
-0.152255
-0.151758
-0.152258
-0.154929
-0.162814
-0.164377
-0.164412
-0.163516
-0.162015
-0.1602
-0.158484
-0.157312
-0.157823
-0.162729
-0.172125
-0.174194
-0.174058
-0.172559
-0.170136
-0.16715
-0.164106
-0.16166
-0.162322
-0.172586
-0.0298969
-0.0303724
-0.0302893
-0.0297857
-0.0289155
-0.0277078
-0.026228
-0.0246354
-0.0238185
-0.0259291
-0.0364912
-0.0368915
-0.0368678
-0.0365399
-0.0359708
-0.0352208
-0.034402
-0.0336954
-0.0337087
-0.0357724
-0.0433834
-0.0437101
-0.0437281
-0.0435339
-0.0431844
-0.0427372
-0.0422887
-0.0419666
-0.042077
-0.0432306
-0.0504762
-0.0507373
-0.0507811
-0.050682
-0.0504855
-0.0502379
-0.050011
-0.04989
-0.0500318
-0.0507095
-0.0576965
-0.0579032
-0.0579613
-0.0579259
-0.057831
-0.05771
-0.0576122
-0.0575903
-0.0577254
-0.058145
-0.0649926
-0.0651574
-0.0652225
-0.0652281
-0.0651981
-0.0651548
-0.0651302
-0.065155
-0.0652709
-0.0655427
-0.0723295
-0.0724651
-0.0725338
-0.0725654
-0.0725759
-0.0725798
-0.0725971
-0.0726451
-0.0727455
-0.0729349
-0.0796845
-0.0798032
-0.0798751
-0.0799233
-0.0799591
-0.0799914
-0.0800332
-0.0800941
-0.0801859
-0.0803325
-0.0870432
-0.0871573
-0.087234
-0.0872936
-0.0873448
-0.087394
-0.0874506
-0.0875203
-0.0876106
-0.0877404
-0.0943977
-0.0945198
-0.0946042
-0.0946719
-0.0947318
-0.09479
-0.0948553
-0.0949327
-0.0950288
-0.0951623
-0.101744
-0.101889
-0.101985
-0.102058
-0.10212
-0.10218
-0.102249
-0.102334
-0.102444
-0.1026
-0.109085
-0.109268
-0.109379
-0.109454
-0.10951
-0.109562
-0.109628
-0.109719
-0.109852
-0.110056
-0.116425
-0.116668
-0.116799
-0.116867
-0.116904
-0.116932
-0.116983
-0.117079
-0.117245
-0.117526
-0.123782
-0.124111
-0.124263
-0.124311
-0.124305
-0.124283
-0.124298
-0.124389
-0.124602
-0.125009
-0.131183
-0.131634
-0.131804
-0.131808
-0.131719
-0.131604
-0.131543
-0.13161
-0.13189
-0.1325
-0.138679
-0.139295
-0.139478
-0.139395
-0.13916
-0.138876
-0.138673
-0.138677
-0.139046
-0.139999
-0.146352
-0.147189
-0.147368
-0.147132
-0.14665
-0.146076
-0.145613
-0.145467
-0.145945
-0.147488
-0.154334
-0.155463
-0.155607
-0.155117
-0.154234
-0.15318
-0.15225
-0.151767
-0.152319
-0.154898
-0.162831
-0.164338
-0.164398
-0.163507
-0.162004
-0.160189
-0.158466
-0.157319
-0.157964
-0.162729
-0.172151
-0.174143
-0.174042
-0.17255
-0.170122
-0.167124
-0.164039
-0.161567
-0.162325
-0.172097
)
;

boundaryField
{
    carasuperior
    {
        type            zeroGradient;
    }
    lateralizquierda
    {
        type            zeroGradient;
    }
    lateralderecha
    {
        type            zeroGradient;
    }
    carainferior
    {
        type            zeroGradient;
    }
    carainteriores
    {
        type            zeroGradient;
    }
    defaultFaces
    {
        type            empty;
    }
}


// ************************************************************************* //
