/*--------------------------------*- C++ -*----------------------------------*\
| =========                 |                                                 |
| \\      /  F ield         | OpenFOAM: The Open Source CFD Toolbox           |
|  \\    /   O peration     | Version:  2.4.0                                 |
|   \\  /    A nd           | Web:      www.OpenFOAM.org                      |
|    \\/     M anipulation  |                                                 |
\*---------------------------------------------------------------------------*/
FoamFile
{
    version     2.0;
    format      ascii;
    class       volScalarField;
    location    "0.72";
    object      T;
}
// * * * * * * * * * * * * * * * * * * * * * * * * * * * * * * * * * * * * * //

dimensions      [0 0 0 1 0 0 0];

internalField   nonuniform List<scalar> 
1600
(
101.407
104.221
107.033
109.84
112.641
115.434
118.218
120.991
123.751
126.496
129.226
131.937
134.63
137.302
139.953
142.581
145.186
147.766
150.32
152.849
155.353
157.829
160.28
162.706
165.106
167.481
169.833
172.162
174.471
176.759
179.029
181.282
183.52
185.744
187.957
190.16
192.355
194.544
196.728
198.91
101.408
104.224
107.037
109.846
112.649
115.444
118.23
121.004
123.766
126.513
129.244
131.957
134.651
137.325
139.977
142.606
145.211
147.792
150.347
152.876
155.379
157.856
160.306
162.731
165.13
167.505
169.856
172.184
174.491
176.778
179.046
181.297
183.534
185.756
187.968
190.169
192.362
194.549
196.731
198.911
101.41
104.229
107.046
109.859
112.665
115.464
118.253
121.031
123.795
126.546
129.279
131.995
134.692
137.368
140.022
142.653
145.26
147.842
150.398
152.928
155.431
157.908
160.358
162.782
165.18
167.553
169.902
172.228
174.532
176.816
179.081
181.329
183.562
185.781
187.989
190.186
192.376
194.558
196.737
198.913
101.413
104.237
107.059
109.877
112.689
115.493
118.287
121.07
123.839
126.594
129.332
132.052
134.753
137.432
140.089
142.723
145.332
147.916
150.474
153.005
155.508
157.985
160.435
162.857
165.254
167.624
169.971
172.293
174.594
176.873
179.134
181.377
183.605
185.819
188.021
190.212
192.396
194.573
196.746
198.916
101.416
104.248
107.077
109.902
112.72
115.531
118.332
121.121
123.897
126.658
129.401
132.127
134.832
137.516
140.178
142.815
145.427
148.014
150.573
153.105
155.61
158.087
160.535
162.957
165.351
167.719
170.061
172.38
174.675
176.95
179.204
181.441
183.662
185.869
188.063
190.247
192.423
194.593
196.757
198.92
101.421
104.261
107.099
109.932
112.759
115.579
118.388
121.185
123.968
126.736
129.487
132.219
134.931
137.62
140.287
142.929
145.545
148.134
150.696
153.23
155.735
158.212
160.66
163.079
165.471
167.836
170.174
172.487
174.777
177.045
179.292
181.521
183.733
185.931
188.116
190.291
192.458
194.617
196.772
198.924
101.426
104.276
107.125
109.969
112.806
115.635
118.454
121.261
124.053
126.83
129.589
132.329
135.047
137.744
140.416
143.063
145.683
148.277
150.841
153.377
155.884
158.361
160.808
163.226
165.614
167.975
170.309
172.616
174.899
177.159
179.397
181.617
183.819
186.006
188.181
190.344
192.499
194.647
196.79
198.93
101.432
104.295
107.155
110.011
112.86
115.701
118.531
121.348
124.152
126.938
129.707
132.455
135.182
137.886
140.565
143.218
145.844
148.441
151.009
153.547
156.055
158.532
160.979
163.394
165.78
168.137
170.464
172.765
175.04
177.291
179.52
181.729
183.919
186.094
188.256
190.406
192.547
194.681
196.811
198.937
101.439
104.315
107.19
110.059
112.922
115.776
118.618
121.448
124.263
127.061
129.84
132.599
135.335
138.047
140.734
143.393
146.025
148.627
151.199
153.739
156.249
158.726
161.172
163.585
165.968
168.319
170.641
172.935
175.201
177.442
179.66
181.856
184.034
186.195
188.342
190.477
192.603
194.721
196.835
198.945
101.447
104.339
107.229
110.113
112.991
115.86
118.717
121.56
124.388
127.199
129.99
132.759
135.506
138.227
140.922
143.589
146.226
148.834
151.409
153.953
156.464
158.942
161.386
163.797
166.176
168.523
170.838
173.124
175.381
177.611
179.817
182
184.163
186.308
188.439
190.557
192.665
194.766
196.862
198.954
101.455
104.365
107.272
110.174
113.068
115.953
118.826
121.685
124.527
127.351
130.155
132.937
135.694
138.426
141.13
143.804
146.448
149.061
151.641
154.187
156.7
159.178
161.621
164.03
166.405
168.747
171.055
173.332
175.579
177.798
179.991
182.159
184.306
186.435
188.547
190.646
192.735
194.816
196.892
198.964
101.465
104.394
107.32
110.24
113.153
116.056
118.946
121.822
124.68
127.519
130.337
133.132
135.901
138.643
141.356
144.039
146.691
149.309
151.893
154.443
156.957
159.435
161.877
164.283
166.654
168.99
171.291
173.56
175.796
178.003
180.181
182.334
184.464
186.574
188.667
190.745
192.813
194.872
196.925
198.975
101.476
104.425
107.373
110.314
113.247
116.169
119.078
121.972
124.847
127.703
130.536
133.344
136.126
138.88
141.603
144.295
146.953
149.578
152.166
154.719
157.234
159.712
162.153
164.556
166.923
169.252
171.546
173.805
176.03
178.224
180.388
182.525
184.636
186.726
188.798
190.854
192.898
194.933
196.962
198.988
101.487
104.46
107.43
110.394
113.349
116.293
119.223
122.136
125.03
127.903
130.752
133.575
136.371
139.137
141.871
144.571
147.237
149.867
152.46
155.016
157.532
160.01
162.449
164.849
167.211
169.534
171.819
174.068
176.282
178.463
180.611
182.73
184.823
186.892
188.94
190.972
192.99
194.999
197.002
199.001
101.5
104.498
107.494
110.482
113.461
116.428
119.38
122.315
125.229
128.121
130.987
133.826
136.636
139.414
142.16
144.87
147.543
150.18
152.777
155.335
157.853
160.331
162.767
165.164
167.519
169.835
172.112
174.351
176.552
178.718
180.851
182.952
185.024
187.071
189.095
191.1
193.091
195.072
197.046
199.015
101.514
104.54
107.563
110.578
113.583
116.576
119.552
122.509
125.445
128.357
131.242
134.098
136.923
139.715
142.472
145.192
147.874
150.516
153.118
155.679
158.198
160.675
163.109
165.501
167.851
170.159
172.426
174.653
176.841
178.992
181.107
183.189
185.24
187.263
189.262
191.239
193.201
195.151
197.094
199.031
101.529
104.586
107.638
110.683
113.717
116.736
119.739
122.721
125.681
128.614
131.519
134.393
137.235
140.041
142.81
145.54
148.23
150.879
153.486
156.05
158.57
161.045
163.477
165.864
168.207
170.507
172.763
174.978
177.152
179.286
181.382
183.444
185.472
187.47
189.441
191.39
193.32
195.237
197.146
199.048
101.546
104.636
107.721
110.798
113.863
116.912
119.943
122.953
125.937
128.894
131.82
134.714
137.572
140.394
143.176
145.917
148.617
151.272
153.884
156.451
158.971
161.446
163.874
166.256
168.592
170.882
173.127
175.328
177.486
179.602
181.678
183.717
185.721
187.692
189.635
191.552
193.448
195.329
197.202
199.067
101.564
104.69
107.811
110.923
114.022
117.104
120.167
123.205
126.217
129.199
132.148
135.063
137.94
140.777
143.573
146.327
149.035
151.699
154.315
156.885
159.407
161.88
164.305
166.681
169.009
171.288
173.521
175.707
177.847
179.944
181.998
184.012
185.989
187.932
189.843
191.726
193.587
195.43
197.263
199.087
101.584
104.75
107.911
111.061
114.197
117.315
120.411
123.481
126.523
129.532
132.506
135.443
138.34
141.195
144.006
146.772
149.491
152.162
154.784
157.357
159.88
162.351
164.772
167.142
169.461
171.73
173.948
176.118
178.239
180.314
182.344
184.332
186.28
188.19
190.068
191.915
193.737
195.539
197.329
199.109
101.606
104.817
108.02
111.213
114.39
117.546
120.679
123.784
126.857
129.896
132.897
135.858
138.777
141.65
144.478
147.257
149.987
152.667
155.295
157.871
160.395
162.865
165.282
167.644
169.954
172.21
174.414
176.565
178.666
180.718
182.721
184.68
186.595
188.471
190.312
192.12
193.9
195.657
197.401
199.133
101.631
104.89
108.141
111.38
114.601
117.801
120.974
124.117
127.225
130.296
133.326
136.313
139.255
142.149
144.993
147.787
150.529
153.218
155.852
158.432
160.957
163.425
165.837
168.192
170.491
172.734
174.921
177.054
179.132
181.158
183.133
185.059
186.94
188.778
190.578
192.343
194.077
195.787
197.48
199.159
101.658
104.97
108.274
111.565
114.835
118.082
121.299
124.483
127.629
130.735
133.797
136.812
139.778
142.694
145.557
148.366
151.121
153.819
156.461
159.044
161.57
164.036
166.443
168.791
171.078
173.307
175.476
177.588
179.642
181.64
183.583
185.475
187.317
189.114
190.868
192.586
194.271
195.928
197.566
199.187
101.688
105.06
108.422
111.769
115.094
118.392
121.658
124.886
128.074
131.218
134.314
137.359
140.352
143.291
146.174
149
151.768
154.477
157.125
159.713
162.24
164.704
167.105
169.444
171.72
173.933
176.084
178.172
180.2
182.168
184.077
185.931
187.731
189.482
191.188
192.853
194.483
196.082
197.661
199.219
101.721
105.159
108.586
111.996
115.381
118.735
122.054
125.332
128.565
131.75
134.882
137.961
140.983
143.946
146.851
149.694
152.476
155.196
157.852
160.444
162.971
165.433
167.829
170.159
172.422
174.618
176.748
178.812
180.812
182.747
184.62
186.432
188.187
189.888
191.54
193.147
194.716
196.253
197.765
199.253
101.758
105.27
108.769
112.248
115.699
119.116
122.494
125.825
129.108
132.336
135.509
138.622
141.675
144.665
147.592
150.454
153.251
155.982
158.646
161.242
163.77
166.229
168.619
170.939
173.188
175.367
177.476
179.514
181.483
183.383
185.216
186.984
188.69
190.336
191.929
193.473
194.975
196.441
197.881
199.292
101.799
105.393
108.973
112.529
116.054
119.54
122.981
126.372
129.707
132.984
136.199
139.35
142.435
145.453
148.404
151.286
154.098
156.841
159.513
162.113
164.642
167.099
169.482
171.791
174.026
176.187
178.272
180.283
182.219
184.082
185.873
187.592
189.244
190.832
192.359
193.834
195.261
196.649
198.009
199.334
101.846
105.532
109.201
112.844
116.45
120.012
123.523
126.978
130.371
133.699
136.959
140.15
143.27
146.318
149.293
152.195
155.024
157.778
160.459
163.064
165.593
168.047
170.423
172.721
174.941
177.082
179.144
181.125
183.027
184.851
186.595
188.264
189.858
191.381
192.838
194.235
195.58
196.882
198.151
199.382
101.898
105.688
109.458
113.196
116.893
120.539
124.127
127.65
131.105
134.488
137.797
141.03
144.186
147.265
150.266
153.189
156.034
158.801
161.49
164.099
166.629
169.079
171.448
173.735
175.94
178.06
180.097
182.048
183.914
185.695
187.392
189.005
190.537
191.99
193.37
194.683
195.937
197.142
198.311
199.435
101.957
105.864
109.747
113.593
117.39
121.128
124.799
128.398
131.919
135.36
138.72
141.997
145.191
148.301
151.328
154.273
157.135
159.915
162.611
165.225
167.756
170.202
172.564
174.839
177.027
179.127
181.138
183.058
184.887
186.624
188.27
189.824
191.289
192.668
193.964
195.184
196.337
197.435
198.489
199.495
102.024
106.064
110.075
114.041
117.95
121.789
125.55
129.229
132.821
136.324
139.736
143.059
146.291
149.434
152.488
155.454
158.333
161.125
163.83
166.449
168.979
171.422
173.776
176.039
178.211
180.29
182.275
184.163
185.953
187.645
189.238
190.731
192.125
193.423
194.628
195.746
196.788
197.765
198.691
199.563
102.101
106.292
110.449
114.551
118.582
122.532
126.391
130.155
133.821
137.387
140.854
144.223
147.494
150.67
153.751
156.739
159.634
162.439
165.152
167.774
170.305
172.744
175.09
177.342
179.498
181.556
183.514
185.37
187.122
188.768
190.306
191.735
193.055
194.267
195.374
196.381
197.298
198.141
198.921
199.64
102.191
106.556
110.878
115.132
119.3
123.37
127.333
131.187
134.929
138.561
142.083
145.498
148.809
152.016
155.124
158.132
161.044
163.861
166.582
169.208
171.739
174.174
176.513
178.753
180.893
182.93
184.863
186.687
188.401
190.001
191.484
192.848
194.091
195.213
196.215
197.101
197.881
198.571
199.184
199.73
102.295
106.864
111.377
115.803
120.12
124.319
128.391
132.338
136.158
139.855
143.432
146.893
150.241
153.48
156.612
159.641
162.569
165.396
168.125
170.755
173.286
175.718
178.049
180.278
182.403
184.421
186.329
188.123
189.799
191.354
192.783
194.082
195.247
196.276
197.167
197.923
198.552
199.069
199.49
199.836
102.42
107.231
111.965
116.582
121.063
125.397
129.583
133.622
137.519
141.28
144.91
148.414
151.798
155.066
158.223
161.27
164.212
167.05
169.786
172.419
174.951
177.379
179.704
181.923
184.034
186.034
187.919
189.685
191.326
192.839
194.216
195.452
196.54
197.475
198.251
198.869
199.331
199.655
199.854
199.965
102.574
107.677
112.668
117.498
122.153
126.627
130.925
135.055
139.026
142.847
146.526
150.07
153.487
156.782
159.96
163.025
165.98
168.827
171.569
174.206
176.737
179.163
181.483
183.693
185.792
187.776
189.641
191.381
192.992
194.466
195.796
196.974
197.989
198.831
199.493
199.967
200.25
200.356
200.293
200.121
102.773
108.24
113.528
118.59
123.423
128.035
132.44
136.654
140.692
144.566
148.288
151.868
155.313
158.631
161.828
164.908
167.875
170.731
173.478
176.118
178.65
181.075
183.39
185.593
187.682
189.653
191.501
193.221
194.806
196.248
197.537
198.663
199.613
200.372
200.925
201.256
201.35
201.214
200.837
200.316
103.045
108.983
114.606
119.906
124.911
129.648
134.148
138.434
142.528
146.447
150.205
153.814
157.283
160.621
163.833
166.926
169.902
172.766
175.518
178.161
180.695
183.118
185.431
187.63
189.712
191.673
193.509
195.213
196.778
198.194
199.452
200.537
201.435
202.126
202.586
202.788
202.698
202.301
201.543
200.577
103.505
110.023
115.981
121.502
126.655
131.496
136.07
140.412
144.549
148.502
152.287
155.918
159.405
162.757
165.982
169.084
172.068
174.938
177.695
180.342
182.877
185.301
187.612
189.809
191.887
193.843
195.671
197.365
198.916
200.316
201.552
202.61
203.472
204.115
204.508
204.616
204.377
203.737
202.555
201.017
104.353
111.608
117.841
123.511
128.755
133.654
138.268
142.639
146.798
150.769
154.568
158.21
161.707
165.068
168.299
171.407
174.396
177.269
180.029
182.677
185.214
187.638
189.949
192.144
194.22
196.173
197.997
199.685
201.23
202.621
203.846
204.889
205.73
206.346
206.702
206.757
206.435
205.66
204.185
202.066
)
;

boundaryField
{
    carasuperior
    {
        type            fixedGradient;
        gradient        uniform 100;
    }
    lateralizquierda
    {
        type            fixedValue;
        value           uniform 100;
    }
    lateralderecha
    {
        type            fixedValue;
        value           uniform 200;
    }
    carainferior
    {
        type            zeroGradient;
    }
    frontAndBack
    {
        type            empty;
    }
}


// ************************************************************************* //
