/*--------------------------------*- C++ -*----------------------------------*\
| =========                 |                                                 |
| \\      /  F ield         | OpenFOAM: The Open Source CFD Toolbox           |
|  \\    /   O peration     | Version:  2.4.0                                 |
|   \\  /    A nd           | Web:      www.OpenFOAM.org                      |
|    \\/     M anipulation  |                                                 |
\*---------------------------------------------------------------------------*/
FoamFile
{
    version     2.0;
    format      ascii;
    class       volScalarField;
    location    "0.47";
    object      T;
}
// * * * * * * * * * * * * * * * * * * * * * * * * * * * * * * * * * * * * * //

dimensions      [0 0 0 1 0 0 0];

internalField   nonuniform List<scalar> 
1600
(
101.335
104.004
106.672
109.338
112.001
114.661
117.316
119.965
122.608
125.243
127.871
130.489
133.097
135.695
138.281
140.855
143.416
145.963
148.496
151.015
153.519
156.009
158.483
160.943
163.389
165.82
168.238
170.643
173.036
175.418
177.79
180.152
182.506
184.853
187.194
189.529
191.86
194.188
196.514
198.838
101.336
104.007
106.677
109.344
112.009
114.671
117.327
119.978
122.623
125.26
127.889
130.509
133.118
135.717
138.304
140.879
143.441
145.989
148.522
151.041
153.546
156.035
158.509
160.969
163.413
165.844
168.261
170.665
173.056
175.437
177.807
180.168
182.52
184.865
187.204
189.538
191.867
194.193
196.517
198.839
101.337
104.012
106.685
109.357
112.025
114.69
117.35
120.004
122.652
125.292
127.924
130.547
133.159
135.76
138.349
140.926
143.489
146.039
148.573
151.093
153.598
156.087
158.561
161.02
163.463
165.892
168.307
170.709
173.098
175.476
177.843
180.2
182.549
184.89
187.225
189.555
191.881
194.203
196.523
198.841
101.34
104.02
106.699
109.375
112.049
114.719
117.384
120.043
122.695
125.34
127.976
130.603
133.219
135.824
138.416
140.996
143.561
146.113
148.649
151.17
153.675
156.164
158.638
161.095
163.537
165.964
168.376
170.775
173.16
175.533
177.896
180.248
182.592
184.928
187.258
189.582
191.901
194.218
196.531
198.844
101.344
104.03
106.716
109.4
112.08
114.757
117.428
120.094
122.753
125.404
128.045
130.677
133.298
135.908
138.504
141.087
143.656
146.21
148.748
151.271
153.776
156.266
158.738
161.195
163.635
166.059
168.467
170.862
173.242
175.61
177.966
180.312
182.649
184.978
187.3
189.617
191.929
194.237
196.543
198.848
101.348
104.043
106.738
109.43
112.119
114.804
117.484
120.157
122.824
125.482
128.131
130.769
133.396
136.011
138.613
141.2
143.773
146.33
148.871
151.395
153.902
156.391
158.863
161.318
163.755
166.176
168.581
170.97
173.344
175.706
178.055
180.393
182.721
185.041
187.354
189.661
191.963
194.262
196.558
198.853
101.353
104.059
106.764
109.466
112.165
114.86
117.55
120.233
122.908
125.575
128.232
130.878
133.512
136.134
138.741
141.334
143.911
146.472
149.016
151.542
154.05
156.54
159.011
161.464
163.899
166.316
168.716
171.099
173.467
175.82
178.161
180.489
182.808
185.117
187.419
189.714
192.005
194.292
196.576
198.859
101.359
104.077
106.794
109.508
112.219
114.925
117.626
120.32
123.006
125.683
128.349
131.004
133.647
136.276
138.89
141.489
144.071
146.636
149.183
151.712
154.221
156.712
159.182
161.633
164.065
166.478
168.872
171.249
173.609
175.954
178.284
180.602
182.908
185.205
187.494
189.777
192.054
194.327
196.597
198.866
101.366
104.098
106.828
109.556
112.28
115
117.713
120.419
123.117
125.805
128.482
131.147
133.799
136.436
139.058
141.664
144.252
146.822
149.373
151.904
154.415
156.905
159.375
161.824
164.253
166.661
169.049
171.419
173.77
176.105
178.425
180.73
183.024
185.307
187.581
189.848
192.109
194.367
196.621
198.874
101.374
104.121
106.867
109.61
112.349
115.084
117.811
120.531
123.242
125.942
128.631
131.307
133.969
136.615
139.246
141.859
144.453
147.028
149.583
152.117
154.63
157.121
159.59
162.037
164.462
166.865
169.247
171.609
173.951
176.275
178.582
180.875
183.153
185.421
187.678
189.928
192.172
194.412
196.648
198.883
101.383
104.147
106.91
109.67
112.426
115.177
117.92
120.655
123.38
126.094
128.796
131.484
134.157
136.813
139.453
142.073
144.674
147.255
149.814
152.351
154.866
157.357
159.825
162.27
164.691
167.089
169.464
171.818
174.15
176.463
178.757
181.035
183.297
185.548
187.787
190.018
192.243
194.462
196.679
198.893
101.392
104.176
106.958
109.737
112.511
115.279
118.04
120.792
123.533
126.262
128.977
131.678
134.363
137.03
139.679
142.308
144.916
147.503
150.066
152.606
155.122
157.614
160.081
162.523
164.94
167.332
169.7
172.045
174.367
176.668
178.948
181.21
183.456
185.687
187.907
190.117
192.32
194.518
196.712
198.904
101.403
104.207
107.01
109.81
112.605
115.392
118.172
120.942
123.7
126.445
129.176
131.89
134.588
137.267
139.925
142.563
145.179
147.771
150.339
152.882
155.399
157.891
160.356
162.796
165.208
167.595
169.955
172.291
174.602
176.889
179.155
181.401
183.629
185.84
188.039
190.226
192.406
194.579
196.749
198.916
101.414
104.242
107.068
109.89
112.707
115.516
118.316
121.105
123.882
126.645
129.392
132.121
134.832
137.523
140.192
142.839
145.462
148.06
150.632
153.178
155.697
158.189
160.652
163.088
165.496
167.876
170.229
172.554
174.854
177.128
179.379
181.607
183.815
186.006
188.182
190.345
192.499
194.646
196.789
198.93
101.427
104.28
107.131
109.978
112.819
115.651
118.474
121.284
124.081
126.862
129.626
132.372
135.097
137.801
140.481
143.137
145.768
148.372
150.949
153.497
156.017
158.508
160.97
163.402
165.804
168.177
170.521
172.836
175.123
177.384
179.618
181.828
184.017
186.185
188.336
190.473
192.6
194.719
196.833
198.944
101.441
104.322
107.201
110.074
112.941
115.799
118.645
121.479
124.297
127.099
129.881
132.644
135.384
138.101
140.793
143.459
146.098
148.708
151.289
153.841
156.362
158.852
161.311
163.739
166.135
168.5
170.834
173.138
175.412
177.657
179.874
182.066
184.232
186.377
188.503
190.613
192.709
194.798
196.881
198.96
101.456
104.367
107.276
110.179
113.074
115.96
118.832
121.691
124.533
127.356
130.158
132.939
135.695
138.427
141.131
143.807
146.454
149.071
151.657
154.211
156.733
159.222
161.678
164.101
166.49
168.847
171.171
173.462
175.721
177.95
180.149
182.32
184.464
186.584
188.683
190.763
192.828
194.883
196.933
198.977
101.473
104.417
107.359
110.294
113.22
116.136
119.037
121.922
124.789
127.636
130.46
133.259
136.033
138.779
141.497
144.184
146.84
149.463
152.054
154.611
157.133
159.621
162.074
164.492
166.874
169.221
171.533
173.811
176.054
178.265
180.444
182.592
184.712
186.806
188.875
190.924
192.956
194.976
196.989
198.996
101.491
104.472
107.45
110.42
113.38
116.328
119.26
122.175
125.069
127.941
130.788
133.608
136.401
139.163
141.894
144.593
147.258
149.889
152.485
155.045
157.568
160.054
162.503
164.915
167.289
169.626
171.925
174.188
176.414
178.605
180.762
182.886
184.979
187.044
189.083
191.099
193.095
195.076
197.049
199.016
101.511
104.532
107.549
110.558
113.556
116.539
119.505
122.452
125.375
128.274
131.146
133.989
136.801
139.581
142.327
145.038
147.714
150.352
152.953
155.516
158.04
160.525
162.97
165.375
167.74
170.065
172.351
174.597
176.804
178.974
181.107
183.204
185.269
187.302
189.307
191.287
193.244
195.185
197.115
199.038
101.534
104.599
107.659
110.71
113.748
116.771
119.774
122.755
125.711
128.639
131.538
134.405
137.238
140.037
142.799
145.524
148.21
150.857
153.463
156.029
158.554
161.037
163.477
165.875
168.231
170.544
172.814
175.042
177.229
179.375
181.482
183.55
185.583
187.582
189.55
191.491
193.407
195.303
197.187
199.061
101.558
104.672
107.78
110.877
113.96
117.026
120.069
123.088
126.079
129.039
131.967
134.86
137.717
140.535
143.314
146.053
148.751
151.407
154.02
156.589
159.115
161.595
164.031
166.421
168.766
171.066
173.319
175.528
177.693
179.813
181.891
183.928
185.925
187.886
189.814
191.712
193.583
195.431
197.266
199.087
101.585
104.753
107.913
111.062
114.195
117.307
120.395
123.455
126.484
129.479
132.438
135.359
138.241
141.081
143.878
146.633
149.343
152.008
154.628
157.201
159.727
162.205
164.636
167.018
169.351
171.636
173.872
176.06
178.2
180.292
182.339
184.341
186.3
188.22
190.103
191.954
193.775
195.572
197.351
199.116
101.615
104.842
108.061
111.267
114.454
117.618
120.754
123.859
126.929
129.963
132.956
135.907
138.815
141.679
144.496
147.267
149.99
152.665
155.292
157.868
160.395
162.871
165.296
167.669
169.99
172.26
174.476
176.641
178.755
180.817
182.83
184.794
186.712
188.587
190.421
192.22
193.986
195.726
197.446
199.147
101.648
104.942
108.226
111.494
114.741
117.962
121.151
124.306
127.421
130.495
133.525
136.51
139.446
142.334
145.173
147.961
150.698
153.384
156.017
158.598
161.126
163.599
166.018
168.381
170.689
172.942
175.138
177.279
179.364
181.394
183.369
185.293
187.165
188.99
190.771
192.512
194.219
195.895
197.55
199.181
101.685
105.053
108.409
111.747
115.06
118.343
121.591
124.8
127.964
131.083
134.152
137.172
140.139
143.053
145.914
148.721
151.473
154.17
156.811
159.395
161.923
164.394
166.806
169.16
171.454
173.688
175.863
177.977
180.032
182.026
183.963
185.842
187.665
189.436
191.158
192.836
194.475
196.082
197.665
199.22
101.727
105.177
108.613
112.028
115.415
118.768
122.08
125.347
128.565
131.731
134.843
137.9
140.9
143.842
146.727
149.553
152.32
155.028
157.677
160.266
162.794
165.261
167.667
170.01
172.289
174.505
176.656
178.743
180.765
182.722
184.616
186.447
188.217
189.928
191.586
193.195
194.76
196.289
197.792
199.262
101.773
105.315
108.842
112.343
115.812
119.24
122.622
125.953
129.229
132.447
135.605
138.701
141.735
144.707
147.616
150.462
153.245
155.965
158.622
161.215
163.744
166.208
168.606
170.937
173.201
175.397
177.525
179.582
181.57
183.487
185.335
187.115
188.827
190.474
192.062
193.594
195.078
196.521
197.934
199.309
101.826
105.471
109.098
112.696
116.255
119.768
123.226
126.627
129.964
133.237
136.443
139.582
142.652
145.655
148.589
151.456
154.256
156.988
159.652
162.249
164.778
167.238
169.629
171.949
174.197
176.373
178.474
180.501
182.453
184.329
186.128
187.852
189.503
191.081
192.591
194.039
195.432
196.78
198.092
199.362
101.885
105.647
109.388
113.093
116.753
120.358
123.9
127.375
130.779
134.11
137.367
140.55
143.658
146.692
149.653
152.541
155.357
158.101
160.774
163.375
165.904
168.36
170.743
173.051
175.282
177.437
179.513
181.508
183.422
185.254
187.003
188.668
190.252
191.755
193.182
194.538
195.831
197.071
198.27
199.422
101.952
105.847
109.716
113.542
117.313
121.019
124.652
128.207
131.682
135.075
138.385
141.612
144.759
147.825
150.813
153.722
156.555
159.311
161.992
164.597
167.126
169.578
171.953
174.248
176.464
178.597
180.646
182.609
184.485
186.271
187.967
189.572
191.085
192.507
193.843
195.098
196.279
197.4
198.471
199.489
102.029
106.076
110.09
114.052
117.946
121.763
125.493
129.134
132.683
136.139
139.504
142.778
145.963
149.062
152.076
155.007
157.856
160.625
163.313
165.922
168.451
170.899
173.265
175.549
177.748
179.859
181.882
183.813
185.65
187.39
189.031
190.572
192.011
193.348
194.586
195.73
196.788
197.774
198.7
199.566
102.119
106.34
110.52
114.634
118.665
122.601
126.436
130.167
133.792
137.314
140.733
144.054
147.278
150.409
153.449
156.401
159.266
162.046
164.742
167.355
169.883
172.327
174.686
176.958
179.14
181.231
183.228
185.127
186.925
188.619
190.205
191.681
193.043
194.29
195.424
196.447
197.368
198.202
198.962
199.656
102.223
106.649
111.02
115.305
119.486
123.551
127.496
131.319
135.022
138.609
142.083
145.45
148.712
151.874
154.939
157.911
160.791
163.582
166.285
168.901
171.429
173.87
176.221
178.481
180.648
182.719
184.691
186.559
188.32
189.969
191.501
192.911
194.195
195.35
196.373
197.267
198.036
198.698
199.267
199.762
102.348
107.016
111.607
116.085
120.429
124.63
128.688
132.604
136.385
140.035
143.562
146.972
150.27
153.461
156.55
159.54
162.435
165.236
167.946
170.565
173.093
175.53
177.874
180.124
182.277
184.329
186.278
188.118
189.844
191.45
192.93
194.277
195.484
196.545
197.454
198.209
198.814
199.283
199.629
199.89
102.502
107.462
112.311
117.002
121.52
125.861
130.032
134.039
137.893
141.604
145.18
148.629
151.96
155.178
158.288
161.295
164.203
167.013
169.729
172.351
174.879
177.313
179.651
181.892
184.032
186.069
187.997
189.812
191.506
193.074
194.507
195.795
196.929
197.898
198.692
199.304
199.729
199.982
200.068
200.046
102.701
108.025
113.172
118.095
122.791
127.27
131.548
135.639
139.56
143.324
146.944
150.429
153.788
157.029
160.158
163.18
166.098
168.917
171.639
174.263
176.792
179.223
181.557
183.791
185.921
187.944
189.855
191.649
193.317
194.852
196.244
197.481
198.549
199.435
200.121
200.59
200.827
200.838
200.61
200.24
102.974
108.769
114.251
119.412
124.28
128.886
133.258
137.421
141.399
145.208
148.863
152.377
155.759
159.02
162.164
165.198
168.127
170.953
173.679
176.306
178.836
181.266
183.597
185.826
187.949
189.962
191.861
193.638
195.286
196.795
198.155
199.352
200.368
201.185
201.778
202.119
202.173
201.922
201.315
200.501
103.434
109.809
115.627
121.009
126.026
130.735
135.182
139.401
143.422
147.264
150.946
154.482
157.883
161.157
164.314
167.357
170.294
173.126
175.856
178.487
181.018
183.448
185.778
188.004
190.122
192.13
194.02
195.787
197.422
198.915
200.253
201.422
202.402
203.171
203.697
203.944
203.849
203.357
202.326
200.94
104.282
111.395
117.488
123.019
128.128
132.895
137.381
141.629
145.672
149.532
153.229
156.776
160.186
163.469
166.632
169.681
172.622
175.457
178.19
180.822
183.354
185.785
188.114
190.338
192.455
194.459
196.345
198.107
199.735
201.218
202.545
203.698
204.658
205.4
205.889
206.083
205.906
205.278
203.954
201.989
)
;

boundaryField
{
    carasuperior
    {
        type            fixedGradient;
        gradient        uniform 100;
    }
    lateralizquierda
    {
        type            fixedValue;
        value           uniform 100;
    }
    lateralderecha
    {
        type            fixedValue;
        value           uniform 200;
    }
    carainferior
    {
        type            zeroGradient;
    }
    frontAndBack
    {
        type            empty;
    }
}


// ************************************************************************* //
