/*--------------------------------*- C++ -*----------------------------------*\
| =========                 |                                                 |
| \\      /  F ield         | OpenFOAM: The Open Source CFD Toolbox           |
|  \\    /   O peration     | Version:  2.4.0                                 |
|   \\  /    A nd           | Web:      www.OpenFOAM.org                      |
|    \\/     M anipulation  |                                                 |
\*---------------------------------------------------------------------------*/
FoamFile
{
    version     2.0;
    format      ascii;
    class       volScalarField;
    location    "0.5";
    object      p;
}
// * * * * * * * * * * * * * * * * * * * * * * * * * * * * * * * * * * * * * //

dimensions      [0 2 -2 0 0 0 0];

internalField   nonuniform List<scalar> 
4800
(
4.75761e-09
-0.00109203
-0.0018456
-0.00203844
-0.00147581
-7.77188e-05
0.00216504
0.00523245
0.00907141
0.0135905
0.00109548
-5.48427e-06
-0.000480802
-0.000368127
0.000396557
0.00188084
0.00410336
0.00705452
0.010699
0.0149706
0.00184891
0.000451131
-2.12943e-05
0.000180776
0.00101637
0.00253132
0.00474004
0.00763898
0.0112077
0.0154003
0.00197493
0.00024685
-0.000311202
-0.000110092
0.000731699
0.00224178
0.00443161
0.00730749
0.0108698
0.0150999
0.00120103
-0.000757041
-0.00139613
-0.00122696
-0.000414928
0.0010597
0.00321481
0.00607738
0.00968331
0.0140677
-0.00061236
-0.00268162
-0.00337904
-0.00326146
-0.00251459
-0.00111609
0.000970558
0.00380889
0.00749524
0.0121828
-0.00350316
-0.00556738
-0.00629587
-0.00624793
-0.00560954
-0.00434874
-0.00239909
0.0003569
0.00410808
0.00927029
-0.00743786
-0.00938991
-0.0101243
-0.0101681
-0.00969473
-0.00866271
-0.00697051
-0.00443541
-0.000754686
0.00503971
-0.0123174
-0.0140657
-0.0147862
-0.0149471
-0.0147047
-0.0140176
-0.0127545
-0.0106644
-0.00735011
-0.000734821
-0.0179781
-0.0194561
-0.0201482
-0.0204487
-0.0205037
-0.0203048
-0.0197483
-0.0185998
-0.0167003
-0.0106372
-3.04381e-07
-0.00110995
-0.00186888
-0.0020672
-0.00150767
-0.000111853
0.00213265
0.00520186
0.00904397
0.0135679
0.00111178
-7.20196e-06
-0.000465486
-0.000346945
0.000419929
0.00190547
0.00412787
0.0070773
0.0107191
0.0149882
0.00187186
0.000433125
-2.15087e-05
0.0001819
0.00101546
0.00253025
0.00473883
0.00763737
0.0112058
0.0153993
0.00200493
0.000223141
-0.000311467
-0.000108827
0.00072982
0.00223932
0.0044287
0.00730383
0.0108649
0.0150959
0.00123506
-0.000783206
-0.00139368
-0.00122167
-0.00041275
0.00106129
0.0032157
0.0060768
0.00967875
0.0140617
-0.000576991
-0.00270949
-0.00337607
-0.00325501
-0.00251108
-0.001113
0.00097317
0.00381027
0.00748851
0.0121687
-0.00346838
-0.00559517
-0.00629273
-0.0062409
-0.0056049
-0.00434413
-0.00239415
0.000363057
0.00409944
0.0092369
-0.00740564
-0.00941606
-0.0101213
-0.0101609
-0.00968924
-0.00865718
-0.00696462
-0.00442449
-0.000776997
0.0049213
-0.0122897
-0.0140893
-0.0147838
-0.0149405
-0.0146982
-0.0140093
-0.0127422
-0.0106258
-0.00734259
-0.000997907
-0.0179569
-0.0194768
-0.0201478
-0.0204446
-0.0204982
-0.0202943
-0.0197238
-0.0184883
-0.0164556
-0.0106852
-3.13968e-07
-0.00110996
-0.00186888
-0.00206721
-0.00150768
-0.000111856
0.00213265
0.00520186
0.00904397
0.0135679
0.00111176
-7.21242e-06
-0.000465494
-0.000346951
0.000419923
0.00190547
0.00412787
0.00707729
0.0107191
0.0149882
0.00187184
0.000433112
-2.15194e-05
0.00018189
0.00101545
0.00253024
0.00473882
0.00763736
0.0112058
0.0153993
0.00200491
0.000223125
-0.00031148
-0.000108838
0.00072981
0.00223931
0.00442869
0.00730382
0.0108649
0.0150959
0.00123504
-0.000783224
-0.0013937
-0.00122168
-0.000412762
0.00106128
0.00321569
0.00607679
0.00967874
0.0140617
-0.000577012
-0.00270951
-0.00337609
-0.00325502
-0.00251109
-0.00111301
0.000973159
0.00381026
0.0074885
0.0121687
-0.00346841
-0.00559519
-0.00629275
-0.00624091
-0.00560491
-0.00434414
-0.00239416
0.000363048
0.00409943
0.00923689
-0.00740566
-0.00941608
-0.0101213
-0.0101609
-0.00968925
-0.00865719
-0.00696463
-0.0044245
-0.000777004
0.00492129
-0.0122897
-0.0140893
-0.0147838
-0.0149405
-0.0146982
-0.0140093
-0.0127422
-0.0106258
-0.0073426
-0.000997912
-0.0179569
-0.0194768
-0.0201478
-0.0204446
-0.0204982
-0.0202943
-0.0197239
-0.0184883
-0.0164556
-0.0106852
-1.6708e-08
-0.00109205
-0.00184562
-0.00203845
-0.00147582
-7.77272e-05
0.00216503
0.00523244
0.00907141
0.0135905
0.00109545
-5.51127e-06
-0.000480825
-0.000368148
0.00039654
0.00188082
0.00410335
0.00705451
0.010699
0.0149706
0.00184888
0.000451098
-2.13224e-05
0.00018075
0.00101635
0.0025313
0.00474002
0.00763896
0.0112077
0.0154003
0.00197489
0.000246813
-0.000311235
-0.000110121
0.000731673
0.00224176
0.00443159
0.00730747
0.0108698
0.0150999
0.00120098
-0.000757083
-0.00139617
-0.00122699
-0.000414958
0.00105967
0.00321478
0.00607736
0.00968329
0.0140677
-0.000612409
-0.00268166
-0.00337908
-0.0032615
-0.00251463
-0.00111612
0.000970532
0.00380887
0.00749522
0.0121828
-0.00350321
-0.00556743
-0.00629591
-0.00624797
-0.00560958
-0.00434877
-0.00239912
0.000356876
0.00410806
0.00927028
-0.00743791
-0.00938995
-0.0101243
-0.0101681
-0.00969477
-0.00866275
-0.00697053
-0.00443543
-0.000754705
0.0050397
-0.0123174
-0.0140658
-0.0147862
-0.0149471
-0.0147048
-0.0140176
-0.0127545
-0.0106644
-0.00735013
-0.000734836
-0.0179782
-0.0194562
-0.0201483
-0.0204487
-0.0205037
-0.0203048
-0.0197483
-0.0185998
-0.0167003
-0.0106372
0.018656
0.0241104
0.0298123
0.0356558
0.041571
0.0475174
0.0534752
0.0594378
0.065407
0.07139
0.0773984
0.0834481
0.089559
0.0957539
0.102056
0.108485
0.115039
0.12169
0.128359
0.134909
0.0197669
0.0249586
0.0304293
0.0360864
0.0418618
0.0477098
0.0536022
0.0595238
0.0654685
0.071437
0.077435
0.0834724
0.0895617
0.0957171
0.101951
0.108267
0.114659
0.12109
0.127487
0.133733
0.0201264
0.0252487
0.0306535
0.0362531
0.0419817
0.0477932
0.0536579
0.0595585
0.0654859
0.0714381
0.0774175
0.0834304
0.0894856
0.0955933
0.101763
0.107997
0.114291
0.120616
0.126914
0.133084
0.0199117
0.0251137
0.0305774
0.0362166
0.0419682
0.0477905
0.0536573
0.0595534
0.0654708
0.0714067
0.0773622
0.0833414
0.0893507
0.0953987
0.101495
0.107647
0.11386
0.120126
0.126411
0.132645
0.019153
0.0245971
0.0302429
0.0360113
0.0418473
0.04772
0.0536134
0.059519
0.0654328
0.0713536
0.0772821
0.0832206
0.0891736
0.095148
0.101154
0.107208
0.113332
0.119545
0.12586
0.132266
0.017847
0.0237507
0.0297133
0.0356946
0.0416639
0.0476146
0.0535493
0.0594719
0.0653853
0.0712913
0.0771906
0.0830837
0.0889719
0.0948595
0.100757
0.106686
0.112688
0.118824
0.125173
0.131863
0.0160615
0.0227235
0.0291331
0.035382
0.0415009
0.0475296
0.0535015
0.0594369
0.0653469
0.0712361
0.0771048
0.0829503
0.0887691
0.0945595
0.100327
0.106094
0.111921
0.117912
0.124246
0.131337
0.0140059
0.021793
0.0287219
0.0352281
0.0414567
0.0475243
0.0535051
0.0594359
0.0653334
0.0712027
0.0770413
0.0828417
0.0885928
0.0942828
0.099905
0.105475
0.11106
0.116803
0.122981
0.130533
0.0130309
0.0220116
0.0290399
0.0355084
0.0416612
0.0476576
0.0535875
0.059484
0.0653571
0.0712053
0.0770199
0.082786
0.0884818
0.0940794
0.0995477
0.104877
0.110088
0.11528
0.120657
0.128104
0.0166247
0.0257647
0.0311777
0.0366606
0.0422788
0.0479886
0.0537698
0.0595917
0.0654287
0.0712604
0.0770664
0.0828214
0.0884898
0.0940183
0.0993236
0.104275
0.108756
0.112541
0.115284
0.120648
0.0186395
0.0240992
0.0298052
0.0356515
0.0415686
0.047516
0.0534744
0.0594373
0.0654066
0.0713895
0.0773978
0.0834473
0.089558
0.0957528
0.102055
0.108484
0.11504
0.121693
0.128367
0.134922
0.0197827
0.0249719
0.0304397
0.0360941
0.0418674
0.0477137
0.0536049
0.0595257
0.06547
0.0714382
0.0774361
0.0834733
0.0895622
0.0957169
0.101949
0.108264
0.114652
0.121079
0.127473
0.133715
0.0201288
0.0252524
0.0306572
0.0362565
0.0419844
0.0477953
0.0536595
0.0595596
0.0654867
0.0714386
0.0774178
0.0834305
0.0894855
0.0955928
0.101762
0.107996
0.114288
0.120612
0.126909
0.13308
0.0199147
0.0251183
0.0305817
0.0362203
0.0419711
0.0477926
0.0536588
0.0595544
0.0654714
0.0714071
0.0773624
0.0833415
0.0893506
0.0953983
0.101494
0.107646
0.113858
0.120122
0.126406
0.132641
0.0191611
0.0246058
0.0302494
0.0360163
0.0418507
0.0477222
0.0536148
0.0595198
0.0654333
0.0713539
0.0772823
0.0832208
0.0891737
0.0951479
0.101154
0.107207
0.113329
0.119541
0.125851
0.132256
0.0178658
0.0237654
0.0297215
0.0357
0.0416671
0.0476162
0.0535501
0.0594723
0.0653855
0.0712913
0.0771906
0.0830837
0.088972
0.0948597
0.100757
0.106685
0.112687
0.11882
0.12516
0.131838
0.0161135
0.0227547
0.029146
0.0353888
0.0415038
0.0475305
0.0535016
0.0594368
0.0653467
0.0712359
0.0771047
0.0829503
0.0887693
0.0945599
0.100327
0.106094
0.111919
0.117906
0.124215
0.131272
0.0140964
0.0218258
0.028727
0.0352306
0.0414567
0.0475233
0.0535041
0.0594352
0.0653329
0.0712023
0.077041
0.0828415
0.0885928
0.0942832
0.0999057
0.105475
0.111059
0.116805
0.122952
0.130425
0.0131488
0.0219644
0.0289893
0.0354888
0.0416517
0.0476522
0.0535845
0.0594822
0.0653557
0.0712039
0.0770184
0.0827842
0.0884801
0.0940786
0.099549
0.104881
0.110103
0.115339
0.120726
0.127972
0.0172513
0.0258499
0.0311786
0.0366753
0.0422881
0.0479924
0.0537717
0.0595928
0.0654295
0.071261
0.077067
0.0828221
0.0884903
0.0940185
0.0993225
0.10427
0.108746
0.112556
0.115229
0.11993
0.0186394
0.0240992
0.0298052
0.0356515
0.0415686
0.047516
0.0534744
0.0594373
0.0654066
0.0713895
0.0773978
0.0834473
0.089558
0.0957528
0.102055
0.108484
0.11504
0.121693
0.128367
0.134922
0.0197827
0.0249719
0.0304397
0.0360941
0.0418674
0.0477137
0.0536049
0.0595257
0.06547
0.0714382
0.0774361
0.0834733
0.0895622
0.0957169
0.101949
0.108264
0.114652
0.121079
0.127473
0.133715
0.0201288
0.0252524
0.0306572
0.0362565
0.0419844
0.0477953
0.0536595
0.0595596
0.0654867
0.0714386
0.0774178
0.0834305
0.0894855
0.0955928
0.101762
0.107996
0.114288
0.120612
0.126909
0.13308
0.0199147
0.0251183
0.0305817
0.0362203
0.0419711
0.0477926
0.0536588
0.0595544
0.0654714
0.0714071
0.0773624
0.0833415
0.0893506
0.0953983
0.101494
0.107646
0.113858
0.120122
0.126406
0.132641
0.0191611
0.0246057
0.0302494
0.0360163
0.0418507
0.0477222
0.0536148
0.0595198
0.0654333
0.0713539
0.0772823
0.0832208
0.0891737
0.0951479
0.101154
0.107207
0.113329
0.119541
0.125851
0.132256
0.0178658
0.0237654
0.0297215
0.0357
0.0416671
0.0476162
0.0535501
0.0594723
0.0653855
0.0712913
0.0771906
0.0830837
0.088972
0.0948597
0.100757
0.106685
0.112687
0.11882
0.12516
0.131838
0.0161135
0.0227547
0.029146
0.0353888
0.0415038
0.0475305
0.0535016
0.0594368
0.0653467
0.0712359
0.0771047
0.0829503
0.0887693
0.0945599
0.100327
0.106094
0.111919
0.117906
0.124215
0.131272
0.0140964
0.0218258
0.028727
0.0352306
0.0414567
0.0475233
0.0535041
0.0594352
0.0653329
0.0712023
0.077041
0.0828415
0.0885928
0.0942832
0.0999057
0.105475
0.111059
0.116805
0.122952
0.130425
0.0131488
0.0219644
0.0289893
0.0354888
0.0416517
0.0476522
0.0535845
0.0594822
0.0653557
0.0712039
0.0770184
0.0827842
0.0884801
0.0940786
0.099549
0.104881
0.110103
0.115339
0.120726
0.127972
0.0172513
0.0258499
0.0311786
0.0366753
0.0422881
0.0479924
0.0537717
0.0595928
0.0654295
0.071261
0.077067
0.0828221
0.0884903
0.0940185
0.0993226
0.10427
0.108746
0.112556
0.115229
0.11993
0.018656
0.0241104
0.0298123
0.0356558
0.041571
0.0475174
0.0534752
0.0594378
0.065407
0.07139
0.0773984
0.0834481
0.089559
0.0957539
0.102056
0.108485
0.115039
0.12169
0.128359
0.134909
0.0197669
0.0249586
0.0304293
0.0360864
0.0418618
0.0477098
0.0536022
0.0595238
0.0654685
0.071437
0.077435
0.0834724
0.0895617
0.0957171
0.101951
0.108267
0.114659
0.12109
0.127487
0.133733
0.0201264
0.0252487
0.0306535
0.0362531
0.0419817
0.0477931
0.0536579
0.0595585
0.0654859
0.0714381
0.0774175
0.0834304
0.0894856
0.0955933
0.101763
0.107997
0.114291
0.120616
0.126914
0.133084
0.0199117
0.0251137
0.0305774
0.0362166
0.0419682
0.0477905
0.0536573
0.0595534
0.0654708
0.0714067
0.0773622
0.0833414
0.0893507
0.0953987
0.101495
0.107647
0.11386
0.120126
0.126411
0.132645
0.019153
0.024597
0.0302429
0.0360113
0.0418473
0.04772
0.0536134
0.059519
0.0654328
0.0713536
0.0772821
0.0832206
0.0891736
0.095148
0.101154
0.107208
0.113332
0.119545
0.12586
0.132266
0.017847
0.0237507
0.0297133
0.0356946
0.0416639
0.0476146
0.0535493
0.0594719
0.0653853
0.0712913
0.0771906
0.0830837
0.0889719
0.0948595
0.100757
0.106686
0.112688
0.118824
0.125173
0.131863
0.0160615
0.0227235
0.0291331
0.035382
0.0415009
0.0475296
0.0535015
0.0594369
0.0653469
0.0712361
0.0771048
0.0829503
0.0887691
0.0945595
0.100327
0.106094
0.111922
0.117912
0.124246
0.131337
0.0140059
0.021793
0.0287219
0.0352281
0.0414567
0.0475243
0.0535051
0.0594359
0.0653334
0.0712027
0.0770413
0.0828417
0.0885928
0.0942828
0.0999051
0.105475
0.11106
0.116803
0.122981
0.130533
0.0130309
0.0220116
0.0290399
0.0355084
0.0416612
0.0476576
0.0535875
0.059484
0.0653571
0.0712053
0.0770199
0.082786
0.0884819
0.0940795
0.0995477
0.104877
0.110088
0.11528
0.120657
0.128104
0.0166247
0.0257647
0.0311777
0.0366606
0.0422788
0.0479886
0.0537698
0.0595917
0.0654287
0.0712604
0.0770664
0.0828214
0.0884898
0.0940183
0.0993236
0.104275
0.108756
0.112541
0.115284
0.120648
0.141133
0.146794
0.151674
0.155609
0.1585
0.160313
0.161088
0.160962
0.160209
0.159113
0.139654
0.145045
0.149721
0.153544
0.15643
0.158355
0.159359
0.159564
0.159108
0.158021
0.138961
0.144324
0.148986
0.152815
0.155733
0.157716
0.158801
0.159092
0.158632
0.157268
0.13866
0.144163
0.148942
0.152863
0.15585
0.157885
0.159003
0.159294
0.158745
0.157075
0.138605
0.144404
0.149415
0.153501
0.156597
0.158697
0.159845
0.16013
0.159511
0.157639
0.138803
0.145091
0.150447
0.154762
0.157995
0.160172
0.161355
0.161645
0.160995
0.159037
0.139358
0.146353
0.152138
0.156711
0.160082
0.162327
0.163545
0.163854
0.163219
0.161282
0.140506
0.148442
0.154673
0.159467
0.16292
0.16519
0.166421
0.166754
0.166171
0.164351
0.142403
0.151755
0.158353
0.163218
0.166607
0.168796
0.169984
0.170323
0.169816
0.168192
0.148461
0.158369
0.164147
0.16838
0.171294
0.173181
0.174214
0.174516
0.174089
0.172713
0.141155
0.146822
0.151706
0.155644
0.158535
0.160347
0.161118
0.160985
0.160225
0.159113
0.139633
0.145022
0.149695
0.153516
0.156402
0.158329
0.159336
0.159546
0.159106
0.158003
0.138962
0.144326
0.14899
0.152819
0.155736
0.157719
0.158801
0.159091
0.158648
0.157245
0.138664
0.144169
0.148949
0.15287
0.155857
0.157891
0.159004
0.159295
0.158767
0.157047
0.13861
0.144411
0.149421
0.153506
0.1566
0.158699
0.159843
0.160129
0.159534
0.157607
0.138813
0.145099
0.150452
0.154766
0.157999
0.160174
0.161352
0.161644
0.16102
0.159004
0.139383
0.146366
0.152145
0.156716
0.160085
0.162328
0.163542
0.163853
0.163243
0.161249
0.140617
0.148481
0.154684
0.159473
0.162922
0.16519
0.166418
0.166752
0.166194
0.16432
0.142648
0.151763
0.158331
0.16321
0.1666
0.168792
0.169979
0.170321
0.169836
0.168164
0.148414
0.158105
0.164029
0.168347
0.171281
0.173175
0.17421
0.174515
0.174106
0.17269
0.141155
0.146822
0.151706
0.155644
0.158535
0.160347
0.161118
0.160985
0.160225
0.159113
0.139633
0.145022
0.149695
0.153516
0.156402
0.158329
0.159336
0.159546
0.159106
0.158003
0.138962
0.144326
0.14899
0.152819
0.155736
0.157719
0.158801
0.159091
0.158648
0.157245
0.138664
0.144169
0.148949
0.15287
0.155857
0.157891
0.159004
0.159295
0.158767
0.157047
0.13861
0.144411
0.149421
0.153506
0.1566
0.158699
0.159843
0.160129
0.159534
0.157607
0.138813
0.145099
0.150452
0.154766
0.157999
0.160174
0.161352
0.161644
0.16102
0.159004
0.139383
0.146366
0.152145
0.156716
0.160085
0.162328
0.163542
0.163853
0.163243
0.161249
0.140617
0.148481
0.154684
0.159473
0.162922
0.16519
0.166418
0.166752
0.166194
0.16432
0.142648
0.151763
0.158331
0.16321
0.1666
0.168792
0.169979
0.170321
0.169836
0.168164
0.148414
0.158105
0.164029
0.168347
0.171281
0.173175
0.17421
0.174515
0.174106
0.17269
0.141133
0.146794
0.151674
0.155609
0.1585
0.160313
0.161088
0.160962
0.160209
0.159113
0.139654
0.145045
0.149721
0.153544
0.15643
0.158355
0.159359
0.159564
0.159108
0.158021
0.138961
0.144324
0.148986
0.152815
0.155733
0.157716
0.158801
0.159092
0.158632
0.157268
0.13866
0.144163
0.148942
0.152863
0.15585
0.157885
0.159003
0.159294
0.158745
0.157075
0.138605
0.144404
0.149415
0.153501
0.156597
0.158697
0.159845
0.16013
0.159511
0.157639
0.138803
0.145091
0.150447
0.154762
0.157995
0.160172
0.161355
0.161645
0.160995
0.159037
0.139358
0.146353
0.152138
0.156711
0.160082
0.162327
0.163545
0.163854
0.163219
0.161282
0.140506
0.148442
0.154673
0.159467
0.16292
0.16519
0.166421
0.166754
0.166171
0.164351
0.142403
0.151755
0.158353
0.163218
0.166607
0.168796
0.169984
0.170323
0.169816
0.168192
0.148461
0.158369
0.164147
0.16838
0.171294
0.173181
0.174214
0.174516
0.174089
0.172713
0.175718
0.172132
0.173113
0.175171
0.176959
0.178266
0.179025
0.179242
0.178885
0.177781
0.184857
0.181114
0.180901
0.181835
0.182863
0.18371
0.184226
0.184362
0.184076
0.183237
0.19027
0.188147
0.187835
0.188248
0.188827
0.189354
0.189686
0.189762
0.189543
0.188939
0.195757
0.194624
0.194351
0.194504
0.194811
0.19512
0.195319
0.195353
0.195191
0.19478
0.201385
0.200795
0.200597
0.200635
0.200785
0.200952
0.201059
0.201064
0.200949
0.200685
0.207117
0.206823
0.206694
0.206684
0.206743
0.206817
0.206861
0.206846
0.206766
0.20661
0.212941
0.212808
0.212725
0.21269
0.212689
0.212699
0.212694
0.212662
0.212604
0.212525
0.218838
0.218798
0.218736
0.218679
0.21863
0.218585
0.218537
0.218484
0.218436
0.218412
0.224808
0.224818
0.22476
0.224672
0.224572
0.22447
0.224372
0.22429
0.224239
0.22425
0.230861
0.230898
0.230823
0.230686
0.230519
0.230346
0.230185
0.230056
0.229987
0.230018
0.237028
0.237069
0.236949
0.236736
0.236477
0.236207
0.235958
0.235762
0.235654
0.235686
0.243359
0.243369
0.243166
0.242837
0.242448
0.242046
0.241677
0.241382
0.241206
0.24121
0.249931
0.249846
0.2495
0.249002
0.248433
0.247855
0.247325
0.246892
0.246607
0.246536
0.256858
0.256551
0.255971
0.255234
0.254428
0.253625
0.252889
0.252273
0.251819
0.251596
0.264312
0.263521
0.262578
0.261516
0.260414
0.259345
0.25836
0.257509
0.256829
0.256311
0.272513
0.270762
0.269255
0.267785
0.266351
0.265003
0.263753
0.262625
0.261615
0.260634
0.281643
0.278129
0.275789
0.273871
0.272143
0.270578
0.269106
0.26769
0.266244
0.264525
0.291566
0.285042
0.281666
0.279428
0.277601
0.276028
0.274494
0.272849
0.270863
0.268037
0.302368
0.290801
0.286061
0.283835
0.28236
0.281239
0.280014
0.278345
0.275761
0.271366
0.317
0.293546
0.286656
0.285504
0.285543
0.285867
0.285725
0.284522
0.281422
0.274937
0.176345
0.172251
0.173203
0.175224
0.176978
0.178274
0.179028
0.179244
0.178901
0.177764
0.184943
0.181068
0.180935
0.181867
0.182878
0.183718
0.184231
0.184366
0.184089
0.183226
0.190271
0.188097
0.18784
0.188261
0.188836
0.189361
0.189691
0.189766
0.189553
0.188932
0.195772
0.194605
0.194353
0.194511
0.194816
0.195125
0.195323
0.195356
0.195198
0.194775
0.201394
0.200786
0.200597
0.200638
0.200788
0.200955
0.201061
0.201067
0.200954
0.200683
0.207121
0.206819
0.206694
0.206685
0.206744
0.20682
0.206863
0.206848
0.206769
0.206609
0.212943
0.212806
0.212725
0.21269
0.21269
0.2127
0.212695
0.212664
0.212606
0.212525
0.218838
0.218798
0.218736
0.218679
0.218631
0.218586
0.218538
0.218485
0.218437
0.218412
0.224807
0.224819
0.22476
0.224672
0.224572
0.22447
0.224373
0.22429
0.224238
0.224251
0.23086
0.2309
0.230823
0.230685
0.230519
0.230346
0.230185
0.230056
0.229986
0.23002
0.237026
0.237071
0.236949
0.236735
0.236477
0.236207
0.235959
0.235762
0.235652
0.235688
0.243357
0.243371
0.243165
0.242836
0.242448
0.242046
0.241678
0.241382
0.241205
0.241212
0.24993
0.249847
0.249498
0.249001
0.248433
0.247855
0.247326
0.246893
0.246607
0.246539
0.256858
0.256549
0.255968
0.255232
0.254426
0.253625
0.25289
0.252275
0.251821
0.251598
0.264313
0.263511
0.262572
0.261513
0.260413
0.259346
0.258362
0.257512
0.256835
0.256313
0.272523
0.270738
0.269248
0.267782
0.26635
0.265004
0.263757
0.262631
0.261629
0.260633
0.281693
0.278085
0.275784
0.273871
0.272141
0.27058
0.269111
0.2677
0.266271
0.264518
0.291666
0.284921
0.281647
0.279426
0.277596
0.276031
0.2745
0.272863
0.27091
0.268019
0.302487
0.29051
0.286046
0.283863
0.282369
0.281249
0.280023
0.278365
0.275836
0.271332
0.318186
0.293588
0.286901
0.285663
0.285598
0.285893
0.285739
0.284549
0.281537
0.274878
0.176345
0.172251
0.173203
0.175224
0.176978
0.178274
0.179028
0.179244
0.178901
0.177764
0.184943
0.181068
0.180935
0.181867
0.182878
0.183718
0.184231
0.184366
0.184089
0.183226
0.190271
0.188097
0.18784
0.188261
0.188836
0.189361
0.189691
0.189766
0.189553
0.188932
0.195772
0.194605
0.194353
0.194511
0.194816
0.195125
0.195323
0.195356
0.195198
0.194775
0.201394
0.200786
0.200597
0.200638
0.200788
0.200955
0.201061
0.201067
0.200954
0.200683
0.207121
0.206819
0.206694
0.206685
0.206744
0.20682
0.206863
0.206848
0.206769
0.206609
0.212943
0.212806
0.212725
0.21269
0.21269
0.2127
0.212695
0.212664
0.212606
0.212525
0.218838
0.218798
0.218736
0.218679
0.218631
0.218586
0.218538
0.218485
0.218437
0.218412
0.224807
0.224819
0.22476
0.224672
0.224572
0.22447
0.224373
0.22429
0.224238
0.224251
0.23086
0.2309
0.230823
0.230685
0.230519
0.230346
0.230185
0.230056
0.229986
0.23002
0.237026
0.237071
0.236949
0.236735
0.236477
0.236207
0.235959
0.235762
0.235652
0.235688
0.243357
0.243371
0.243165
0.242836
0.242448
0.242046
0.241678
0.241382
0.241205
0.241212
0.24993
0.249847
0.249498
0.249001
0.248433
0.247855
0.247326
0.246893
0.246607
0.246539
0.256858
0.256549
0.255968
0.255232
0.254426
0.253625
0.25289
0.252275
0.251821
0.251598
0.264313
0.263511
0.262572
0.261513
0.260413
0.259346
0.258362
0.257512
0.256835
0.256313
0.272523
0.270738
0.269248
0.267781
0.26635
0.265004
0.263757
0.262631
0.261629
0.260633
0.281693
0.278085
0.275784
0.273871
0.272141
0.27058
0.269111
0.2677
0.266271
0.264518
0.291666
0.284921
0.281647
0.279426
0.277596
0.276031
0.2745
0.272863
0.27091
0.268019
0.302487
0.29051
0.286046
0.283863
0.282369
0.281249
0.280023
0.278365
0.275836
0.271332
0.318186
0.293588
0.286901
0.285663
0.285598
0.285893
0.285739
0.284549
0.281537
0.274878
0.175718
0.172132
0.173113
0.175171
0.176959
0.178266
0.179025
0.179242
0.178885
0.177781
0.184857
0.181114
0.180901
0.181835
0.182863
0.18371
0.184226
0.184362
0.184076
0.183237
0.19027
0.188147
0.187835
0.188248
0.188827
0.189354
0.189686
0.189762
0.189543
0.188939
0.195757
0.194624
0.194351
0.194504
0.194811
0.19512
0.195319
0.195353
0.195191
0.19478
0.201385
0.200795
0.200597
0.200635
0.200785
0.200952
0.201059
0.201064
0.200949
0.200685
0.207117
0.206823
0.206694
0.206684
0.206743
0.206817
0.206861
0.206846
0.206766
0.20661
0.212941
0.212808
0.212725
0.21269
0.212689
0.212699
0.212694
0.212662
0.212604
0.212525
0.218838
0.218798
0.218736
0.218679
0.21863
0.218585
0.218537
0.218484
0.218436
0.218412
0.224808
0.224818
0.22476
0.224672
0.224572
0.22447
0.224372
0.22429
0.224239
0.22425
0.230861
0.230898
0.230823
0.230686
0.230519
0.230346
0.230185
0.230056
0.229987
0.230018
0.237028
0.237069
0.236949
0.236736
0.236477
0.236207
0.235958
0.235762
0.235654
0.235686
0.243359
0.243369
0.243166
0.242837
0.242448
0.242046
0.241677
0.241382
0.241206
0.24121
0.249931
0.249846
0.2495
0.249002
0.248433
0.247855
0.247325
0.246892
0.246607
0.246536
0.256858
0.256551
0.255971
0.255234
0.254428
0.253625
0.252889
0.252273
0.251819
0.251596
0.264312
0.263521
0.262577
0.261516
0.260414
0.259345
0.25836
0.257509
0.256829
0.256311
0.272513
0.270762
0.269255
0.267785
0.266351
0.265003
0.263753
0.262625
0.261615
0.260634
0.281643
0.278129
0.275789
0.273871
0.272143
0.270578
0.269106
0.26769
0.266244
0.264525
0.291566
0.285042
0.281666
0.279428
0.277601
0.276028
0.274494
0.272849
0.270863
0.268037
0.302368
0.290801
0.286061
0.283835
0.28236
0.281239
0.280014
0.278344
0.275761
0.271366
0.317
0.293545
0.286656
0.285504
0.285543
0.285867
0.285725
0.284522
0.281422
0.274937
0.262107
0.270321
0.276556
0.281626
0.285856
0.289405
0.291664
0.291854
0.288599
0.279528
0.236847
0.253155
0.265158
0.275097
0.283987
0.291927
0.29804
0.301004
0.298415
0.286462
0.222491
0.239076
0.253254
0.266683
0.280126
0.293373
0.305022
0.31278
0.31246
0.297908
0.211009
0.226388
0.241278
0.257128
0.274772
0.293999
0.313022
0.328332
0.333065
0.317537
0.201814
0.215767
0.230614
0.248051
0.269397
0.294963
0.323165
0.34951
0.363794
0.351697
0.195294
0.208255
0.223039
0.241768
0.266501
0.298606
0.33766
0.379233
0.41002
0.410775
0.191777
0.20463
0.220011
0.240464
0.268864
0.308006
0.359703
0.421412
0.47873
0.509903
0.191008
0.204644
0.221458
0.24441
0.277256
0.324527
0.391206
0.478593
0.576545
0.677522
0.191835
0.206358
0.224429
0.249351
0.28577
0.340314
0.422447
0.541547
0.707745
0.986562
0.192858
0.207058
0.22433
0.247797
0.282253
0.335612
0.422837
0.572517
0.856114
1.47178
0.262383
0.269867
0.27643
0.281605
0.285844
0.289404
0.291664
0.291883
0.288767
0.279435
0.23722
0.25309
0.265108
0.27507
0.283966
0.291918
0.298029
0.301036
0.298654
0.286328
0.222727
0.239105
0.253246
0.266665
0.280102
0.293354
0.304995
0.312814
0.312789
0.297729
0.2111
0.226395
0.241261
0.257096
0.274731
0.293954
0.31296
0.328355
0.333487
0.317309
0.201848
0.215759
0.23058
0.247995
0.269321
0.294869
0.323042
0.349501
0.364269
0.35144
0.195305
0.208234
0.222985
0.241677
0.266369
0.298424
0.337423
0.379131
0.410447
0.410705
0.191788
0.204613
0.219953
0.240349
0.268667
0.307679
0.359236
0.421062
0.478793
0.510357
0.191044
0.204674
0.221475
0.244398
0.277177
0.324278
0.390746
0.478124
0.575336
0.677172
0.191898
0.206459
0.224596
0.249614
0.286158
0.340812
0.423102
0.542057
0.704507
0.984188
0.192913
0.207115
0.224378
0.247837
0.282303
0.335721
0.423229
0.573005
0.852484
1.48102
0.262383
0.269867
0.27643
0.281605
0.285844
0.289404
0.291664
0.291883
0.288767
0.279435
0.23722
0.25309
0.265108
0.27507
0.283966
0.291918
0.298029
0.301036
0.298654
0.286328
0.222727
0.239105
0.253246
0.266665
0.280102
0.293354
0.304995
0.312814
0.312789
0.297729
0.2111
0.226395
0.241261
0.257096
0.274731
0.293954
0.31296
0.328355
0.333487
0.317309
0.201848
0.215759
0.23058
0.247995
0.269321
0.294869
0.323042
0.349501
0.364269
0.35144
0.195305
0.208234
0.222985
0.241677
0.266369
0.298424
0.337423
0.379131
0.410447
0.410706
0.191788
0.204613
0.219953
0.240349
0.268667
0.307679
0.359236
0.421062
0.478793
0.510357
0.191044
0.204674
0.221475
0.244398
0.277177
0.324278
0.390746
0.478124
0.575336
0.677173
0.191898
0.206459
0.224596
0.249614
0.286158
0.340812
0.423102
0.542057
0.704507
0.984188
0.192913
0.207115
0.224378
0.247837
0.282303
0.335721
0.423229
0.573006
0.852484
1.48102
0.262107
0.270321
0.276556
0.281626
0.285856
0.289405
0.291664
0.291854
0.288599
0.279528
0.236847
0.253155
0.265158
0.275097
0.283987
0.291927
0.29804
0.301004
0.298415
0.286462
0.222491
0.239076
0.253254
0.266683
0.280126
0.293373
0.305022
0.31278
0.31246
0.297908
0.211009
0.226388
0.241278
0.257128
0.274772
0.293999
0.313022
0.328332
0.333065
0.317537
0.201814
0.215767
0.230614
0.248051
0.269397
0.294963
0.323165
0.34951
0.363794
0.351697
0.195294
0.208255
0.223039
0.241768
0.266501
0.298606
0.33766
0.379233
0.410021
0.410775
0.191778
0.20463
0.220011
0.240464
0.268864
0.308006
0.359703
0.421412
0.47873
0.509903
0.191008
0.204644
0.221458
0.24441
0.277256
0.324527
0.391206
0.478593
0.576545
0.677522
0.191835
0.206358
0.224429
0.249351
0.28577
0.340314
0.422447
0.541547
0.707745
0.986562
0.192858
0.207058
0.22433
0.247797
0.282253
0.335612
0.422837
0.572517
0.856114
1.47178
-0.139126
-0.118499
-0.101063
-0.0847831
-0.0683656
-0.0516882
-0.0347878
-0.0177184
-0.000540093
0.0166896
0.0339174
0.0510949
0.068182
0.085159
0.102057
0.119028
0.136446
0.155129
0.177901
0.21356
-0.127961
-0.113914
-0.0991797
-0.0837146
-0.0676508
-0.0511818
-0.0344196
-0.017446
-0.000330349
0.0168695
0.0341061
0.0513434
0.0685627
0.0857758
0.103053
0.120574
0.138676
0.157884
0.179557
0.206879
-0.126164
-0.11324
-0.0989064
-0.0836041
-0.0676273
-0.05119
-0.0344281
-0.0174382
-0.000293837
0.0169485
0.034245
0.0515646
0.0688912
0.0862331
0.10364
0.121231
0.139216
0.157889
0.177826
0.199947
-0.127773
-0.114472
-0.0998666
-0.0843572
-0.0682133
-0.0516303
-0.0347414
-0.0176398
-0.000393055
0.0169493
0.0343496
0.0517789
0.0692166
0.0866512
0.104086
0.121547
0.139085
0.156765
0.174726
0.19311
-0.131183
-0.116975
-0.101713
-0.0857152
-0.0692049
-0.0523426
-0.0352372
-0.0179628
-0.000571154
0.0169004
0.0344223
0.0519674
0.0695065
0.0870024
0.104405
0.121648
0.138638
0.155257
0.171402
0.187003
-0.134877
-0.119677
-0.10367
-0.0871192
-0.0702028
-0.0530416
-0.0357131
-0.0182676
-0.000738697
0.0168489
0.0344725
0.0521048
0.0697058
0.0872127
0.104529
0.121515
0.137983
0.15371
0.168502
0.182301
-0.137105
-0.121249
-0.104769
-0.0878794
-0.0707223
-0.0533891
-0.0359356
-0.0183963
-0.000793671
0.0168539
0.0345253
0.0521896
0.0697955
0.0872605
0.104458
0.121208
0.137282
0.152432
0.166475
0.179443
-0.136678
-0.120825
-0.1044
-0.0875774
-0.0704819
-0.0531988
-0.0357829
-0.0182701
-0.000685837
0.0169473
0.0346028
0.0522416
0.0698027
0.087191
0.104267
0.120844
0.136697
0.151608
0.165459
0.178392
-0.133382
-0.118374
-0.10262
-0.0863037
-0.0695774
-0.0525572
-0.0353262
-0.0179431
-0.000450957
0.0171142
0.0347148
0.0523029
0.0698099
0.0871363
0.104143
0.120651
0.136458
0.151384
0.16537
0.178627
-0.127078
-0.114002
-0.0996279
-0.0842699
-0.0681975
-0.0516184
-0.0346838
-0.0175002
-0.000142628
0.0173321
0.0348745
0.0524305
0.0699301
0.0872764
0.104336
0.120939
0.136887
0.152002
0.166199
0.179629
-0.139266
-0.118333
-0.101038
-0.0847963
-0.0683726
-0.0516927
-0.0347913
-0.0177209
-0.000541764
0.0166885
0.0339167
0.0510941
0.0681805
0.0851554
0.102048
0.119011
0.13643
0.155091
0.177605
0.212996
-0.127913
-0.113793
-0.0991328
-0.0836894
-0.0676312
-0.0511677
-0.0344095
-0.0174387
-0.000325125
0.0168734
0.0341094
0.0513472
0.0685684
0.0857854
0.103068
0.120599
0.138722
0.157938
0.179449
0.206625
-0.126211
-0.113222
-0.0988878
-0.0835884
-0.0676149
-0.0511813
-0.034422
-0.017434
-0.000290846
0.0169506
0.0342465
0.0515656
0.068892
0.0862336
0.103639
0.121227
0.139211
0.157873
0.17774
0.199866
-0.127792
-0.11446
-0.0998523
-0.0843456
-0.0682043
-0.0516238
-0.0347368
-0.0176367
-0.000390919
0.0169507
0.0343505
0.0517795
0.0692167
0.0866507
0.104084
0.121542
0.139077
0.156747
0.17468
0.193083
-0.131194
-0.116972
-0.101709
-0.0857111
-0.0692014
-0.05234
-0.0352354
-0.0179616
-0.000570359
0.0169009
0.0344227
0.0519678
0.0695068
0.0870026
0.104405
0.121647
0.138635
0.15525
0.171386
0.186999
-0.134903
-0.119692
-0.103681
-0.0871263
-0.0702077
-0.053045
-0.0357156
-0.0182694
-0.000740006
0.016848
0.0344719
0.0521045
0.0697056
0.0872126
0.104529
0.121515
0.137983
0.153709
0.1685
0.182305
-0.137141
-0.121275
-0.104788
-0.0878932
-0.070732
-0.053396
-0.0359405
-0.0183998
-0.000796185
0.016852
0.034524
0.0521886
0.0697949
0.0872603
0.104458
0.12121
0.137285
0.152438
0.166485
0.179456
-0.136715
-0.120849
-0.104417
-0.0875883
-0.0704892
-0.0532036
-0.0357861
-0.0182724
-0.000687721
0.0169456
0.034601
0.0522397
0.0698007
0.0871892
0.104267
0.120846
0.136703
0.15162
0.16548
0.178422
-0.133461
-0.118422
-0.102649
-0.0863209
-0.0695876
-0.0525633
-0.0353301
-0.0179458
-0.000453279
0.0171117
0.0347117
0.0522987
0.0698044
0.0871295
0.104136
0.120644
0.136454
0.151388
0.165388
0.178664
-0.127035
-0.113973
-0.0996075
-0.0842558
-0.0681877
-0.0516117
-0.0346792
-0.0174972
-0.000140822
0.017333
0.0348748
0.0524306
0.0699308
0.0872788
0.104342
0.12095
0.136908
0.152033
0.166242
0.179681
-0.139266
-0.118333
-0.101038
-0.0847963
-0.0683726
-0.0516927
-0.0347913
-0.0177209
-0.000541759
0.0166885
0.0339167
0.0510941
0.0681805
0.0851554
0.102048
0.119011
0.13643
0.155091
0.177605
0.212996
-0.127913
-0.113793
-0.0991328
-0.0836894
-0.0676312
-0.0511677
-0.0344095
-0.0174387
-0.00032512
0.0168734
0.0341094
0.0513472
0.0685684
0.0857854
0.103069
0.120599
0.138722
0.157938
0.179449
0.206625
-0.126211
-0.113222
-0.0988878
-0.0835884
-0.0676149
-0.0511813
-0.034422
-0.017434
-0.000290844
0.0169506
0.0342465
0.0515656
0.068892
0.0862336
0.103639
0.121227
0.139211
0.157873
0.17774
0.199866
-0.127792
-0.11446
-0.0998523
-0.0843456
-0.0682043
-0.0516238
-0.0347368
-0.0176367
-0.000390917
0.0169508
0.0343505
0.0517795
0.0692167
0.0866507
0.104084
0.121542
0.139077
0.156747
0.17468
0.193084
-0.131194
-0.116972
-0.101709
-0.0857111
-0.0692013
-0.05234
-0.0352354
-0.0179616
-0.000570356
0.0169009
0.0344227
0.0519678
0.0695068
0.0870026
0.104405
0.121647
0.138635
0.15525
0.171386
0.186999
-0.134903
-0.119692
-0.103681
-0.0871263
-0.0702077
-0.053045
-0.0357156
-0.0182694
-0.000740004
0.016848
0.0344719
0.0521045
0.0697056
0.0872127
0.104529
0.121515
0.137983
0.153709
0.1685
0.182305
-0.137141
-0.121275
-0.104788
-0.0878932
-0.070732
-0.053396
-0.0359405
-0.0183998
-0.000796182
0.016852
0.034524
0.0521886
0.0697949
0.0872603
0.104458
0.12121
0.137285
0.152438
0.166485
0.179456
-0.136715
-0.120849
-0.104417
-0.0875883
-0.0704892
-0.0532036
-0.0357861
-0.0182724
-0.00068772
0.0169456
0.034601
0.0522397
0.0698007
0.0871892
0.104267
0.120846
0.136703
0.15162
0.16548
0.178422
-0.133461
-0.118422
-0.102649
-0.0863209
-0.0695876
-0.0525633
-0.0353301
-0.0179458
-0.000453277
0.0171117
0.0347117
0.0522987
0.0698044
0.0871295
0.104136
0.120644
0.136454
0.151388
0.165388
0.178664
-0.127035
-0.113973
-0.0996075
-0.0842558
-0.0681877
-0.0516117
-0.0346792
-0.0174972
-0.000140821
0.017333
0.0348748
0.0524306
0.0699308
0.0872788
0.104342
0.12095
0.136908
0.152033
0.166242
0.179681
-0.139126
-0.118499
-0.101063
-0.084783
-0.0683656
-0.0516882
-0.0347878
-0.0177184
-0.000540082
0.0166896
0.0339174
0.0510949
0.068182
0.085159
0.102057
0.119028
0.136446
0.155129
0.177901
0.21356
-0.127961
-0.113914
-0.0991797
-0.0837146
-0.0676508
-0.0511818
-0.0344196
-0.017446
-0.000330338
0.0168695
0.0341061
0.0513434
0.0685627
0.0857758
0.103053
0.120575
0.138676
0.157884
0.179557
0.206879
-0.126164
-0.11324
-0.0989064
-0.0836041
-0.0676273
-0.05119
-0.0344281
-0.0174382
-0.000293829
0.0169485
0.034245
0.0515646
0.0688912
0.0862331
0.10364
0.121231
0.139216
0.157889
0.177826
0.199947
-0.127773
-0.114472
-0.0998666
-0.0843572
-0.0682133
-0.0516303
-0.0347414
-0.0176398
-0.000393049
0.0169493
0.0343496
0.0517789
0.0692166
0.0866512
0.104086
0.121547
0.139085
0.156765
0.174726
0.19311
-0.131183
-0.116975
-0.101713
-0.0857152
-0.0692049
-0.0523426
-0.0352372
-0.0179628
-0.00057115
0.0169004
0.0344223
0.0519674
0.0695065
0.0870024
0.104405
0.121648
0.138638
0.155258
0.171402
0.187003
-0.134877
-0.119677
-0.10367
-0.0871192
-0.0702028
-0.0530416
-0.0357131
-0.0182676
-0.000738694
0.0168489
0.0344725
0.0521049
0.0697058
0.0872127
0.104529
0.121516
0.137983
0.15371
0.168502
0.182301
-0.137105
-0.121249
-0.104769
-0.0878794
-0.0707223
-0.0533891
-0.0359357
-0.0183963
-0.00079367
0.0168539
0.0345253
0.0521896
0.0697956
0.0872605
0.104458
0.121208
0.137282
0.152432
0.166475
0.179443
-0.136678
-0.120825
-0.1044
-0.0875774
-0.0704819
-0.0531988
-0.0357829
-0.0182701
-0.000685836
0.0169473
0.0346028
0.0522417
0.0698027
0.087191
0.104267
0.120844
0.136697
0.151608
0.16546
0.178392
-0.133381
-0.118374
-0.10262
-0.0863037
-0.0695774
-0.0525572
-0.0353263
-0.0179431
-0.000450957
0.0171142
0.0347148
0.0523029
0.0698099
0.0871363
0.104143
0.120651
0.136458
0.151384
0.165371
0.178627
-0.127078
-0.114002
-0.0996279
-0.0842699
-0.0681975
-0.0516184
-0.0346838
-0.0175002
-0.000142627
0.0173321
0.0348745
0.0524305
0.0699301
0.0872764
0.104336
0.120939
0.136887
0.152002
0.166199
0.179629
-0.14337
-0.147148
-0.148286
-0.147863
-0.146507
-0.144636
-0.142728
-0.141285
-0.142029
-0.147323
-0.15049
-0.155634
-0.156848
-0.15588
-0.153666
-0.150628
-0.147141
-0.14347
-0.140185
-0.137226
-0.159911
-0.166548
-0.167601
-0.165836
-0.162639
-0.158476
-0.153652
-0.148312
-0.142588
-0.13606
-0.173224
-0.181215
-0.181526
-0.178433
-0.173939
-0.168533
-0.162405
-0.155549
-0.147863
-0.138953
-0.192931
-0.201403
-0.199605
-0.194078
-0.187559
-0.180465
-0.172782
-0.164301
-0.15476
-0.143846
-0.223455
-0.229429
-0.222471
-0.212407
-0.202523
-0.192907
-0.183184
-0.172869
-0.161538
-0.14891
-0.273316
-0.268182
-0.249854
-0.231712
-0.216428
-0.203197
-0.190961
-0.178767
-0.165924
-0.152061
-0.360715
-0.319536
-0.279556
-0.248571
-0.225494
-0.207818
-0.193134
-0.179591
-0.166008
-0.151769
-0.539749
-0.377269
-0.298017
-0.251571
-0.221195
-0.200925
-0.186031
-0.173213
-0.160654
-0.147481
-0.924223
-0.431982
-0.267703
-0.213363
-0.186523
-0.172176
-0.163617
-0.156356
-0.148261
-0.138553
-0.143327
-0.147223
-0.148299
-0.147862
-0.146506
-0.144632
-0.142735
-0.141245
-0.141785
-0.147512
-0.150424
-0.155738
-0.156853
-0.155863
-0.153646
-0.150601
-0.147108
-0.143394
-0.140005
-0.137224
-0.159821
-0.166686
-0.167594
-0.165797
-0.162603
-0.158439
-0.153617
-0.148268
-0.142536
-0.136121
-0.173113
-0.181393
-0.181494
-0.178363
-0.173884
-0.168485
-0.162366
-0.155513
-0.147836
-0.138979
-0.192812
-0.201612
-0.199528
-0.193972
-0.18749
-0.180415
-0.17275
-0.164281
-0.15475
-0.14386
-0.223391
-0.229603
-0.222302
-0.212263
-0.202452
-0.192873
-0.183178
-0.17288
-0.16156
-0.148941
-0.273545
-0.268115
-0.24947
-0.231486
-0.216336
-0.20317
-0.190973
-0.1788
-0.165966
-0.152105
-0.361048
-0.3188
-0.279147
-0.24849
-0.225518
-0.207883
-0.193211
-0.179662
-0.166069
-0.151818
-0.537635
-0.374818
-0.298787
-0.252703
-0.221973
-0.201489
-0.186445
-0.1735
-0.160845
-0.147606
-0.932134
-0.427664
-0.26746
-0.21357
-0.186191
-0.171845
-0.16341
-0.156218
-0.148165
-0.138488
-0.143327
-0.147223
-0.148299
-0.147862
-0.146506
-0.144632
-0.142735
-0.141245
-0.141785
-0.147512
-0.150424
-0.155738
-0.156853
-0.155863
-0.153646
-0.150601
-0.147108
-0.143394
-0.140005
-0.137224
-0.159821
-0.166686
-0.167594
-0.165797
-0.162603
-0.158439
-0.153617
-0.148268
-0.142536
-0.136121
-0.173113
-0.181393
-0.181494
-0.178363
-0.173884
-0.168485
-0.162366
-0.155513
-0.147836
-0.138979
-0.192812
-0.201612
-0.199528
-0.193972
-0.18749
-0.180415
-0.17275
-0.164281
-0.15475
-0.14386
-0.223391
-0.229603
-0.222302
-0.212263
-0.202452
-0.192873
-0.183178
-0.17288
-0.16156
-0.148941
-0.273545
-0.268115
-0.24947
-0.231486
-0.216336
-0.20317
-0.190973
-0.1788
-0.165966
-0.152105
-0.361048
-0.3188
-0.279147
-0.24849
-0.225518
-0.207883
-0.193211
-0.179662
-0.166069
-0.151818
-0.537635
-0.374818
-0.298787
-0.252703
-0.221973
-0.201489
-0.186445
-0.1735
-0.160845
-0.147606
-0.932134
-0.427664
-0.26746
-0.21357
-0.186191
-0.171845
-0.16341
-0.156218
-0.148165
-0.138488
-0.14337
-0.147148
-0.148285
-0.147862
-0.146507
-0.144636
-0.142728
-0.141285
-0.142029
-0.147323
-0.15049
-0.155634
-0.156848
-0.15588
-0.153666
-0.150628
-0.147141
-0.14347
-0.140185
-0.137226
-0.159911
-0.166548
-0.167601
-0.165836
-0.162639
-0.158476
-0.153652
-0.148312
-0.142588
-0.13606
-0.173223
-0.181215
-0.181526
-0.178433
-0.173939
-0.168533
-0.162405
-0.155549
-0.147863
-0.138953
-0.192931
-0.201403
-0.199605
-0.194078
-0.187559
-0.180465
-0.172782
-0.164301
-0.15476
-0.143846
-0.223455
-0.229429
-0.222471
-0.212407
-0.202523
-0.192907
-0.183184
-0.172869
-0.161538
-0.14891
-0.273316
-0.268182
-0.249854
-0.231712
-0.216428
-0.203197
-0.190961
-0.178767
-0.165924
-0.152061
-0.360715
-0.319536
-0.279556
-0.248571
-0.225494
-0.207818
-0.193134
-0.179591
-0.166008
-0.151769
-0.539749
-0.377269
-0.298017
-0.251571
-0.221195
-0.200925
-0.186031
-0.173213
-0.160654
-0.147481
-0.924223
-0.431982
-0.267703
-0.213363
-0.186523
-0.172176
-0.163617
-0.156356
-0.148261
-0.138553
-0.0242026
-0.0253768
-0.0260251
-0.0264632
-0.0268418
-0.0272445
-0.0277692
-0.0285724
-0.0309989
-0.03845
-0.0307515
-0.0316214
-0.0321941
-0.032696
-0.0332472
-0.0339336
-0.0348612
-0.0361253
-0.0384473
-0.0438178
-0.037421
-0.038018
-0.0384909
-0.0389807
-0.0395618
-0.0402832
-0.0411956
-0.0423046
-0.043826
-0.0465624
-0.0440707
-0.0444468
-0.0448137
-0.0452447
-0.0457745
-0.0464192
-0.0471875
-0.0480492
-0.0490208
-0.0503484
-0.0506224
-0.050835
-0.051104
-0.0514556
-0.0518968
-0.0524224
-0.0530168
-0.0536374
-0.0542357
-0.0548305
-0.0570469
-0.057146
-0.0573338
-0.0576048
-0.0579497
-0.0583527
-0.0587875
-0.0592126
-0.0595695
-0.0597869
-0.0633415
-0.0633711
-0.0634957
-0.0636958
-0.0639543
-0.0642516
-0.0645598
-0.0648423
-0.0650464
-0.0650995
-0.069523
-0.0695127
-0.0695924
-0.0697368
-0.0699262
-0.0701415
-0.0703573
-0.0705438
-0.0706582
-0.0706409
-0.0756111
-0.0755809
-0.0756315
-0.0757362
-0.0758756
-0.0760327
-0.076186
-0.0763119
-0.0763763
-0.0763314
-0.0816233
-0.0815866
-0.0816215
-0.0817017
-0.0818091
-0.0819292
-0.0820449
-0.0821369
-0.0821766
-0.0821238
-0.0875716
-0.0875385
-0.0875698
-0.0876393
-0.0877305
-0.0878319
-0.0879305
-0.08801
-0.0880435
-0.0879918
-0.0934605
-0.0934418
-0.0934815
-0.0935532
-0.0936416
-0.0937396
-0.0938388
-0.0939254
-0.0939699
-0.0939264
-0.0992865
-0.0992979
-0.0993602
-0.0994458
-0.0995425
-0.0996493
-0.0997654
-0.0998804
-0.0999579
-0.099935
-0.105037
-0.105106
-0.105209
-0.105319
-0.105431
-0.105555
-0.105704
-0.105874
-0.10602
-0.106047
-0.11069
-0.110867
-0.111032
-0.111176
-0.111304
-0.111446
-0.111641
-0.111902
-0.11218
-0.112329
-0.116228
-0.116582
-0.116841
-0.117023
-0.117155
-0.117303
-0.117552
-0.117952
-0.118468
-0.118926
-0.12163
-0.122272
-0.122663
-0.122873
-0.122974
-0.123088
-0.12338
-0.12397
-0.124873
-0.1261
-0.126904
-0.127993
-0.128555
-0.12876
-0.128758
-0.128751
-0.129022
-0.129802
-0.131309
-0.134378
-0.132122
-0.133864
-0.134626
-0.134759
-0.13453
-0.134246
-0.134349
-0.135271
-0.138019
-0.145494
-0.137479
-0.140113
-0.141082
-0.141025
-0.14037
-0.13953
-0.139084
-0.139771
-0.144365
-0.160717
-0.0241889
-0.025395
-0.0260286
-0.0264672
-0.0268519
-0.0272688
-0.0278347
-0.0286805
-0.0311312
-0.0391689
-0.0307439
-0.0316358
-0.0321985
-0.0327009
-0.0332556
-0.0339474
-0.0348916
-0.0361542
-0.0383795
-0.0438725
-0.0374176
-0.0380281
-0.0384945
-0.038984
-0.0395659
-0.0402868
-0.0412018
-0.0423027
-0.043768
-0.0465476
-0.0440699
-0.0444531
-0.0448163
-0.0452469
-0.0457768
-0.0464208
-0.0471901
-0.0480503
-0.0490059
-0.0503586
-0.050623
-0.0508384
-0.0511057
-0.051457
-0.051898
-0.052423
-0.0530174
-0.0536377
-0.0542316
-0.0548358
-0.057048
-0.0571474
-0.0573348
-0.0576056
-0.0579502
-0.0583527
-0.0587872
-0.0592119
-0.0595683
-0.059788
-0.0633427
-0.0633711
-0.0634962
-0.0636962
-0.0639545
-0.0642515
-0.0645594
-0.0648419
-0.0650475
-0.0650993
-0.0695242
-0.069512
-0.0695925
-0.069737
-0.0699262
-0.0701414
-0.070357
-0.0705438
-0.0706602
-0.0706402
-0.0756122
-0.0755799
-0.0756315
-0.0757363
-0.0758756
-0.0760326
-0.0761859
-0.0763121
-0.0763784
-0.0763306
-0.0816243
-0.0815855
-0.0816215
-0.0817018
-0.081809
-0.0819292
-0.0820448
-0.0821371
-0.0821786
-0.0821229
-0.0875725
-0.0875376
-0.0875699
-0.0876395
-0.0877305
-0.0878318
-0.0879302
-0.0880101
-0.0880453
-0.087991
-0.0934614
-0.0934412
-0.0934819
-0.0935535
-0.0936416
-0.0937393
-0.0938382
-0.0939252
-0.0939716
-0.0939256
-0.0992874
-0.0992981
-0.0993611
-0.0994465
-0.0995426
-0.0996488
-0.0997644
-0.0998796
-0.0999593
-0.0999342
-0.105038
-0.105107
-0.105211
-0.105321
-0.105432
-0.105554
-0.105702
-0.105872
-0.10602
-0.106046
-0.110691
-0.110871
-0.111035
-0.111178
-0.111305
-0.111445
-0.111639
-0.111898
-0.112177
-0.112329
-0.116228
-0.116589
-0.116846
-0.117026
-0.117157
-0.117302
-0.117548
-0.117946
-0.11846
-0.11893
-0.121628
-0.122285
-0.122671
-0.122879
-0.122978
-0.123089
-0.123377
-0.123963
-0.124858
-0.126111
-0.126899
-0.128016
-0.128565
-0.128768
-0.128765
-0.128753
-0.129021
-0.12979
-0.131243
-0.134343
-0.13211
-0.1339
-0.13464
-0.13477
-0.13454
-0.134254
-0.134364
-0.135265
-0.137844
-0.145367
-0.137454
-0.140167
-0.141099
-0.141036
-0.140386
-0.139557
-0.139159
-0.139885
-0.144366
-0.161294
-0.0241889
-0.025395
-0.0260286
-0.0264673
-0.0268519
-0.0272688
-0.0278347
-0.0286805
-0.0311312
-0.0391689
-0.0307439
-0.0316358
-0.0321985
-0.032701
-0.0332556
-0.0339474
-0.0348916
-0.0361542
-0.0383795
-0.0438725
-0.0374176
-0.0380281
-0.0384945
-0.038984
-0.0395659
-0.0402868
-0.0412018
-0.0423027
-0.043768
-0.0465476
-0.0440699
-0.0444531
-0.0448164
-0.0452469
-0.0457768
-0.0464208
-0.0471901
-0.0480503
-0.0490059
-0.0503586
-0.050623
-0.0508384
-0.0511057
-0.051457
-0.051898
-0.0524231
-0.0530175
-0.0536377
-0.0542316
-0.0548358
-0.057048
-0.0571474
-0.0573349
-0.0576056
-0.0579502
-0.0583528
-0.0587873
-0.0592119
-0.0595684
-0.059788
-0.0633427
-0.0633711
-0.0634962
-0.0636962
-0.0639545
-0.0642515
-0.0645594
-0.0648419
-0.0650475
-0.0650993
-0.0695242
-0.069512
-0.0695925
-0.069737
-0.0699262
-0.0701414
-0.070357
-0.0705438
-0.0706602
-0.0706402
-0.0756122
-0.0755799
-0.0756315
-0.0757363
-0.0758756
-0.0760326
-0.0761859
-0.0763121
-0.0763784
-0.0763306
-0.0816243
-0.0815855
-0.0816215
-0.0817018
-0.081809
-0.0819292
-0.0820448
-0.0821371
-0.0821786
-0.0821229
-0.0875725
-0.0875376
-0.0875699
-0.0876395
-0.0877305
-0.0878318
-0.0879302
-0.0880101
-0.0880453
-0.087991
-0.0934614
-0.0934412
-0.0934819
-0.0935535
-0.0936416
-0.0937393
-0.0938382
-0.0939252
-0.0939716
-0.0939256
-0.0992874
-0.0992981
-0.0993611
-0.0994465
-0.0995426
-0.0996488
-0.0997644
-0.0998796
-0.0999593
-0.0999342
-0.105038
-0.105107
-0.105211
-0.105321
-0.105432
-0.105554
-0.105702
-0.105872
-0.10602
-0.106046
-0.110691
-0.110871
-0.111035
-0.111178
-0.111305
-0.111445
-0.111639
-0.111898
-0.112177
-0.112329
-0.116228
-0.116589
-0.116846
-0.117026
-0.117157
-0.117302
-0.117548
-0.117946
-0.11846
-0.11893
-0.121628
-0.122285
-0.122671
-0.122879
-0.122978
-0.123089
-0.123377
-0.123963
-0.124858
-0.126111
-0.126899
-0.128016
-0.128565
-0.128768
-0.128765
-0.128753
-0.129021
-0.12979
-0.131243
-0.134343
-0.13211
-0.1339
-0.13464
-0.13477
-0.13454
-0.134254
-0.134364
-0.135265
-0.137844
-0.145367
-0.137454
-0.140167
-0.141099
-0.141036
-0.140386
-0.139557
-0.139159
-0.139885
-0.144366
-0.161294
-0.0242027
-0.0253768
-0.0260252
-0.0264633
-0.0268418
-0.0272445
-0.0277692
-0.0285725
-0.030999
-0.03845
-0.0307515
-0.0316214
-0.0321941
-0.032696
-0.0332472
-0.0339337
-0.0348612
-0.0361254
-0.0384473
-0.0438179
-0.037421
-0.038018
-0.0384909
-0.0389807
-0.0395618
-0.0402832
-0.0411957
-0.0423046
-0.043826
-0.0465624
-0.0440707
-0.0444468
-0.0448137
-0.0452447
-0.0457745
-0.0464192
-0.0471876
-0.0480492
-0.0490208
-0.0503485
-0.0506224
-0.050835
-0.051104
-0.0514556
-0.0518968
-0.0524224
-0.0530168
-0.0536375
-0.0542357
-0.0548305
-0.0570469
-0.057146
-0.0573338
-0.0576048
-0.0579497
-0.0583527
-0.0587875
-0.0592126
-0.0595695
-0.0597869
-0.0633415
-0.0633711
-0.0634957
-0.0636958
-0.0639543
-0.0642516
-0.0645598
-0.0648423
-0.0650464
-0.0650995
-0.069523
-0.0695127
-0.0695924
-0.0697368
-0.0699262
-0.0701415
-0.0703573
-0.0705438
-0.0706582
-0.0706409
-0.0756111
-0.0755809
-0.0756315
-0.0757362
-0.0758756
-0.0760327
-0.076186
-0.0763119
-0.0763763
-0.0763314
-0.0816233
-0.0815866
-0.0816215
-0.0817017
-0.0818091
-0.0819292
-0.0820449
-0.0821369
-0.0821766
-0.0821238
-0.0875716
-0.0875385
-0.0875698
-0.0876393
-0.0877305
-0.0878319
-0.0879305
-0.08801
-0.0880435
-0.0879918
-0.0934605
-0.0934418
-0.0934815
-0.0935531
-0.0936416
-0.0937396
-0.0938388
-0.0939254
-0.0939699
-0.0939264
-0.0992865
-0.0992979
-0.0993602
-0.0994458
-0.0995424
-0.0996493
-0.0997654
-0.0998804
-0.0999579
-0.099935
-0.105037
-0.105106
-0.105209
-0.105319
-0.105431
-0.105555
-0.105704
-0.105874
-0.10602
-0.106047
-0.11069
-0.110867
-0.111032
-0.111176
-0.111304
-0.111446
-0.111641
-0.111902
-0.11218
-0.112329
-0.116228
-0.116582
-0.116841
-0.117023
-0.117155
-0.117303
-0.117552
-0.117952
-0.118468
-0.118926
-0.12163
-0.122272
-0.122663
-0.122873
-0.122974
-0.123088
-0.12338
-0.12397
-0.124873
-0.1261
-0.126904
-0.127993
-0.128555
-0.12876
-0.128758
-0.128751
-0.129022
-0.129802
-0.131309
-0.134378
-0.132122
-0.133864
-0.134626
-0.134759
-0.13453
-0.134246
-0.134349
-0.135271
-0.138019
-0.145494
-0.137479
-0.140113
-0.141082
-0.141025
-0.14037
-0.13953
-0.139084
-0.139771
-0.144365
-0.160717
)
;

boundaryField
{
    carasuperior
    {
        type            zeroGradient;
    }
    lateralizquierda
    {
        type            zeroGradient;
    }
    lateralderecha
    {
        type            zeroGradient;
    }
    carainferior
    {
        type            zeroGradient;
    }
    carainteriores
    {
        type            zeroGradient;
    }
    defaultFaces
    {
        type            empty;
    }
}


// ************************************************************************* //
