/*--------------------------------*- C++ -*----------------------------------*\
| =========                 |                                                 |
| \\      /  F ield         | OpenFOAM: The Open Source CFD Toolbox           |
|  \\    /   O peration     | Version:  2.4.0                                 |
|   \\  /    A nd           | Web:      www.OpenFOAM.org                      |
|    \\/     M anipulation  |                                                 |
\*---------------------------------------------------------------------------*/
FoamFile
{
    version     2.0;
    format      ascii;
    class       volScalarField;
    location    "0.85";
    object      T;
}
// * * * * * * * * * * * * * * * * * * * * * * * * * * * * * * * * * * * * * //

dimensions      [0 0 0 1 0 0 0];

internalField   nonuniform List<scalar> 
1600
(
101.412
104.236
107.057
109.874
112.685
115.487
118.28
121.061
123.829
126.582
129.318
132.036
134.735
137.412
140.068
142.7
145.307
147.889
150.445
152.975
155.478
157.954
160.403
162.826
165.223
167.595
169.942
172.266
174.569
176.85
179.113
181.359
183.589
185.805
188.009
190.203
192.389
194.568
196.743
198.915
101.413
104.239
107.062
109.88
112.693
115.497
118.292
121.075
123.844
126.599
129.337
132.056
134.756
137.435
140.091
142.724
145.332
147.915
150.471
153.001
155.504
157.98
160.429
162.852
165.248
167.618
169.965
172.288
174.589
176.869
179.131
181.375
183.603
185.817
188.02
190.212
192.396
194.573
196.746
198.916
101.415
104.244
107.071
109.893
112.709
115.517
118.315
121.101
123.874
126.631
129.372
132.094
134.797
137.478
140.137
142.771
145.381
147.965
150.523
153.053
155.557
158.032
160.481
162.902
165.297
167.667
170.011
172.332
174.63
176.908
179.166
181.406
183.631
185.842
188.041
190.229
192.409
194.583
196.751
198.918
101.418
104.252
107.084
109.911
112.733
115.546
118.349
121.14
123.917
126.68
129.425
132.151
134.858
137.542
140.204
142.841
145.453
148.039
150.598
153.13
155.634
158.109
160.557
162.978
165.371
167.738
170.08
172.397
174.692
176.965
179.219
181.454
183.674
185.879
188.073
190.255
192.43
194.597
196.76
198.92
101.421
104.263
107.102
109.936
112.764
115.584
118.394
121.191
123.975
126.743
129.494
132.226
134.937
137.626
140.292
142.933
145.548
148.137
150.698
153.231
155.735
158.211
160.658
163.077
165.468
167.832
170.17
172.483
174.773
177.041
179.289
181.518
183.731
185.929
188.115
190.29
192.457
194.617
196.772
198.924
101.426
104.276
107.123
109.967
112.803
115.631
118.449
121.255
124.047
126.822
129.58
132.318
135.036
137.73
140.401
143.047
145.666
148.257
150.821
153.355
155.86
158.336
160.783
163.2
165.588
167.949
170.283
172.591
174.875
177.136
179.377
181.598
183.802
185.992
188.169
190.334
192.491
194.641
196.787
198.929
101.431
104.291
107.15
110.003
112.85
115.688
118.516
121.331
124.131
126.916
129.682
132.428
135.152
137.854
140.53
143.181
145.805
148.4
150.966
153.503
156.009
158.485
160.93
163.346
165.732
168.088
170.417
172.72
174.997
177.25
179.482
181.694
183.888
186.067
188.233
190.387
192.533
194.671
196.804
198.935
101.437
104.31
107.18
110.045
112.904
115.754
118.593
121.419
124.23
127.024
129.799
132.554
135.287
137.996
140.679
143.336
145.965
148.564
151.134
153.673
156.18
158.657
161.101
163.515
165.897
168.25
170.573
172.869
175.138
177.383
179.604
181.806
183.988
186.155
188.308
190.449
192.581
194.706
196.825
198.942
101.444
104.33
107.214
110.094
112.966
115.829
118.68
121.519
124.342
127.147
129.933
132.698
135.44
138.157
140.848
143.512
146.146
148.75
151.323
153.865
156.374
158.85
161.294
163.705
166.085
168.433
170.75
173.038
175.299
177.533
179.744
181.933
184.103
186.256
188.394
190.52
192.636
194.745
196.849
198.95
101.452
104.354
107.253
110.148
113.035
115.913
118.779
121.631
124.467
127.285
130.083
132.859
135.611
138.337
141.036
143.707
146.348
148.957
151.534
154.078
156.589
159.066
161.509
163.918
166.293
168.636
170.947
173.227
175.479
177.703
179.901
182.077
184.232
186.369
188.491
190.6
192.699
194.79
196.876
198.959
101.46
104.38
107.297
110.208
113.112
116.006
118.888
121.755
124.606
127.437
130.248
133.036
135.799
138.536
141.244
143.922
146.57
149.184
151.766
154.313
156.825
159.302
161.744
164.151
166.522
168.86
171.164
173.436
175.677
177.889
180.075
182.236
184.375
186.495
188.599
190.689
192.769
194.84
196.906
198.969
101.47
104.409
107.345
110.275
113.197
116.109
119.008
121.892
124.758
127.605
130.43
133.231
136.006
138.753
141.471
144.158
146.812
149.432
152.018
154.568
157.082
159.559
162
164.404
166.771
169.103
171.4
173.663
175.894
178.094
180.265
182.411
184.533
186.635
188.718
190.788
192.846
194.896
196.94
198.98
101.481
104.44
107.397
110.348
113.291
116.222
119.14
122.042
124.926
127.789
130.629
133.444
136.231
138.99
141.718
144.413
147.075
149.701
152.291
154.844
157.359
159.837
162.276
164.677
167.04
169.365
171.654
173.908
176.128
178.315
180.472
182.601
184.705
186.787
188.849
190.896
192.931
194.957
196.977
198.992
101.492
104.475
107.455
110.429
113.393
116.346
119.285
122.206
125.108
127.989
130.845
133.675
136.476
139.247
141.985
144.689
147.358
149.991
152.585
155.141
157.658
160.135
162.572
164.97
167.328
169.647
171.928
174.172
176.38
178.554
180.695
182.807
184.892
186.952
188.992
191.015
193.024
195.024
197.017
199.006
101.505
104.513
107.518
110.516
113.505
116.481
119.442
122.385
125.307
128.206
131.08
133.926
136.741
139.525
142.274
144.988
147.665
150.303
152.902
155.461
157.978
160.455
162.89
165.284
167.637
169.949
172.221
174.454
176.65
178.809
180.935
183.028
185.093
187.131
189.147
191.143
193.125
195.096
197.061
199.02
101.519
104.555
107.587
110.612
113.627
116.629
119.614
122.58
125.524
128.443
131.335
134.198
137.028
139.825
142.586
145.31
147.995
150.64
153.243
155.804
158.323
160.799
163.232
165.621
167.968
170.272
172.535
174.757
176.939
179.083
181.191
183.266
185.309
187.323
189.313
191.282
193.235
195.175
197.109
199.036
101.534
104.6
107.663
110.717
113.761
116.79
119.801
122.792
125.759
128.7
131.612
134.493
137.34
140.151
142.924
145.658
148.352
151.003
153.611
156.175
158.695
161.17
163.6
165.984
168.324
170.62
172.872
175.081
177.249
179.377
181.467
183.52
185.541
187.53
189.493
191.432
193.353
195.261
197.16
199.053
101.551
104.65
107.746
110.832
113.906
116.965
120.005
123.023
126.015
128.98
131.913
134.813
137.677
140.504
143.29
146.036
148.738
151.396
154.009
156.576
159.097
161.57
163.997
166.376
168.709
170.995
173.236
175.431
177.583
179.693
181.763
183.794
185.79
187.753
189.686
191.595
193.482
195.353
197.216
199.072
101.569
104.705
107.836
110.958
114.066
117.157
120.228
123.275
126.295
129.285
132.241
135.162
138.045
140.887
143.688
146.445
149.157
151.822
154.44
157.011
159.532
162.004
164.428
166.801
169.126
171.402
173.63
175.81
177.945
180.035
182.082
184.089
186.058
187.992
189.895
191.769
193.62
195.454
197.277
199.092
101.589
104.765
107.936
111.096
114.241
117.368
120.473
123.551
126.601
129.618
132.599
135.542
138.445
141.305
144.121
146.89
149.612
152.286
154.909
157.483
160.005
162.476
164.895
167.263
169.578
171.843
174.057
176.221
178.337
180.406
182.429
184.409
186.349
188.251
190.12
191.958
193.771
195.563
197.343
199.114
101.611
104.831
108.045
111.247
114.433
117.599
120.741
123.854
126.936
129.982
132.99
135.958
138.882
141.761
144.592
147.375
150.108
152.79
155.42
157.997
160.52
162.99
165.405
167.765
170.071
172.324
174.523
176.669
178.764
180.809
182.806
184.757
186.664
188.532
190.364
192.163
193.934
195.682
197.415
199.138
101.636
104.904
108.166
111.414
114.645
117.854
121.036
124.187
127.303
130.382
133.419
136.412
139.36
142.259
145.108
147.905
150.65
153.341
155.977
158.558
161.082
163.55
165.96
168.313
170.609
172.848
175.031
177.158
179.23
181.25
183.218
185.137
187.009
188.839
190.63
192.386
194.111
195.811
197.494
199.164
101.663
104.985
108.299
111.599
114.879
118.134
121.361
124.553
127.707
130.82
133.889
136.911
139.883
142.804
145.671
148.485
151.242
153.943
156.586
159.17
161.695
164.161
166.566
168.912
171.196
173.421
175.586
177.692
179.74
181.732
183.668
185.552
187.387
189.175
190.921
192.629
194.305
195.952
197.581
199.192
101.693
105.075
108.447
111.803
115.138
118.445
121.719
124.956
128.152
131.303
134.406
137.458
140.457
143.401
146.289
149.119
151.889
154.6
157.251
159.839
162.365
164.829
167.229
169.565
171.838
174.047
176.193
178.277
180.298
182.26
184.162
186.009
187.801
189.543
191.24
192.896
194.517
196.107
197.675
199.224
101.726
105.174
108.611
112.03
115.424
118.788
122.116
125.402
128.643
131.835
134.975
138.06
141.087
144.056
146.965
149.813
152.598
155.319
157.977
160.57
163.097
165.558
167.952
170.28
172.54
174.732
176.858
178.917
180.91
182.839
184.705
186.51
188.257
189.949
191.592
193.191
194.75
196.277
197.78
199.258
101.763
105.285
108.793
112.282
115.743
119.169
122.555
125.895
129.186
132.422
135.601
138.721
141.78
144.775
147.706
150.572
153.372
156.106
158.771
161.368
163.896
166.355
168.743
171.06
173.307
175.482
177.586
179.619
181.582
183.476
185.302
187.062
188.76
190.398
191.981
193.516
195.009
196.465
197.895
199.297
101.804
105.408
108.997
112.563
116.098
119.593
123.043
126.442
129.785
133.069
136.291
139.449
142.54
145.563
148.518
151.404
154.22
156.964
159.638
162.24
164.768
167.224
169.606
171.913
174.145
176.301
178.382
180.388
182.318
184.175
185.958
187.671
189.314
190.893
192.412
193.877
195.295
196.674
198.024
199.339
101.851
105.547
109.226
112.878
116.493
120.065
123.585
127.047
130.448
133.784
137.051
140.249
143.374
146.428
149.407
152.313
155.145
157.902
160.584
163.19
165.72
168.172
170.547
172.843
175.06
177.197
179.254
181.231
183.127
184.943
186.681
188.342
189.928
191.443
192.891
194.279
195.614
196.906
198.166
199.387
101.903
105.702
109.482
113.23
116.936
120.591
124.188
127.72
131.183
134.574
137.889
141.129
144.291
147.374
150.38
153.307
156.155
158.925
161.615
164.225
166.756
169.205
171.572
173.857
176.058
178.175
180.207
182.154
184.014
185.789
187.478
189.084
190.607
192.052
193.423
194.727
195.971
197.167
198.325
199.44
101.962
105.878
109.771
113.627
117.433
121.181
124.861
128.467
131.997
135.446
138.812
142.096
145.295
148.411
151.443
154.391
157.256
160.038
162.737
165.352
167.882
170.328
172.688
174.961
177.147
179.243
181.249
183.164
184.987
186.718
188.356
189.903
191.36
192.73
194.017
195.228
196.371
197.459
198.504
199.5
102.029
106.078
110.099
114.075
117.993
121.841
125.612
129.299
132.899
136.409
139.829
143.157
146.395
149.544
152.602
155.572
158.454
161.249
163.956
166.575
169.106
171.548
173.9
176.162
178.331
180.406
182.386
184.269
186.054
187.739
189.325
190.81
192.196
193.486
194.681
195.791
196.822
197.79
198.706
199.568
102.106
106.307
110.473
114.585
118.626
122.584
126.452
130.225
133.898
137.472
140.947
144.322
147.599
150.78
153.865
156.857
159.756
162.562
165.277
167.901
170.432
172.87
175.215
177.464
179.617
181.671
183.625
185.476
187.222
188.862
190.393
191.815
193.127
194.33
195.427
196.426
197.333
198.166
198.936
199.645
102.196
106.571
110.903
115.166
119.344
123.422
127.394
131.256
135.007
138.646
142.175
145.597
148.913
152.126
155.238
158.251
161.166
163.984
166.707
169.334
171.866
174.3
176.638
178.876
181.013
183.046
184.974
186.793
188.501
190.095
191.571
192.928
194.163
195.276
196.269
197.146
197.916
198.596
199.199
199.735
102.3
106.879
111.402
115.837
120.164
124.371
128.453
132.407
136.235
139.94
143.524
146.991
150.345
153.589
156.727
159.759
162.69
165.52
168.25
170.881
173.413
175.844
178.174
180.401
182.523
184.537
186.44
188.229
189.9
191.449
192.871
194.162
195.319
196.339
197.221
197.968
198.587
199.094
199.505
199.842
102.425
107.246
111.989
116.616
121.106
125.449
129.644
133.691
137.597
141.365
145.002
148.512
151.902
155.176
158.337
161.389
164.334
167.174
169.911
172.546
175.077
177.506
179.829
182.046
184.154
186.15
188.031
189.792
191.428
192.934
194.304
195.532
196.612
197.538
198.306
198.914
199.367
199.68
199.869
199.97
102.579
107.692
112.692
117.532
122.196
126.679
130.986
135.125
139.104
142.932
146.617
150.168
153.591
156.891
160.074
163.143
166.101
168.951
171.694
174.332
176.864
179.29
181.608
183.816
185.912
187.892
189.753
191.489
193.094
194.561
195.884
197.054
198.061
198.895
199.548
200.012
200.285
200.382
200.309
200.127
102.777
108.254
113.552
118.624
123.466
128.087
132.501
136.723
140.769
144.651
148.38
151.966
155.417
158.741
161.942
165.026
167.996
170.855
173.604
176.245
178.777
181.201
183.515
185.716
187.803
189.77
191.614
193.329
194.908
196.343
197.625
198.744
199.686
200.437
200.98
201.302
201.386
201.24
200.853
200.321
103.05
108.998
114.631
119.94
124.954
129.7
134.209
138.504
142.605
146.532
150.297
153.912
157.387
160.73
163.947
167.044
170.023
172.889
175.644
178.288
180.822
183.245
185.556
187.753
189.832
191.79
193.622
195.321
196.88
198.29
199.54
200.619
201.508
202.19
202.641
202.834
202.734
202.327
201.558
200.583
103.51
110.038
116.006
121.536
126.698
131.548
136.131
140.481
144.626
148.586
152.379
156.016
159.509
162.867
166.096
169.202
172.19
175.062
177.821
180.468
183.004
185.428
187.738
189.932
192.008
193.96
195.784
197.472
199.018
200.412
201.641
202.692
203.545
204.179
204.564
204.662
204.413
203.764
202.571
201.022
104.358
111.622
117.865
123.544
128.798
133.706
138.328
142.708
146.875
150.853
154.66
158.309
161.811
165.177
168.413
171.525
174.517
177.393
180.155
182.804
185.341
187.765
190.075
192.268
194.341
196.29
198.11
199.793
201.333
202.717
203.935
204.97
205.803
206.411
206.757
206.803
206.472
205.686
204.201
202.072
)
;

boundaryField
{
    carasuperior
    {
        type            fixedGradient;
        gradient        uniform 100;
    }
    lateralizquierda
    {
        type            fixedValue;
        value           uniform 100;
    }
    lateralderecha
    {
        type            fixedValue;
        value           uniform 200;
    }
    carainferior
    {
        type            zeroGradient;
    }
    frontAndBack
    {
        type            empty;
    }
}


// ************************************************************************* //
