/*--------------------------------*- C++ -*----------------------------------*\
| =========                 |                                                 |
| \\      /  F ield         | OpenFOAM: The Open Source CFD Toolbox           |
|  \\    /   O peration     | Version:  2.4.0                                 |
|   \\  /    A nd           | Web:      www.OpenFOAM.org                      |
|    \\/     M anipulation  |                                                 |
\*---------------------------------------------------------------------------*/
FoamFile
{
    version     2.0;
    format      ascii;
    class       volScalarField;
    location    "0.855";
    object      T;
}
// * * * * * * * * * * * * * * * * * * * * * * * * * * * * * * * * * * * * * //

dimensions      [0 0 0 1 0 0 0];

internalField   nonuniform List<scalar> 
1600
(
101.412
104.236
107.058
109.875
112.685
115.488
118.281
121.062
123.83
126.583
129.32
132.038
134.737
137.414
140.07
142.702
145.309
147.891
150.447
152.977
155.48
157.956
160.405
162.828
165.225
167.597
169.944
172.268
174.57
176.852
179.115
181.36
183.59
185.806
188.01
190.204
192.39
194.569
196.743
198.915
101.413
104.239
107.062
109.881
112.694
115.498
118.293
121.076
123.846
126.6
129.338
132.058
134.758
137.437
140.093
142.726
145.334
147.917
150.474
153.004
155.507
157.982
160.431
162.854
165.25
167.62
169.967
172.29
174.59
176.871
179.132
181.376
183.604
185.818
188.021
190.213
192.396
194.574
196.746
198.916
101.415
104.244
107.071
109.893
112.71
115.518
118.316
121.102
123.875
126.633
129.374
132.096
134.799
137.48
140.139
142.773
145.383
147.967
150.525
153.055
155.559
158.035
160.483
162.904
165.299
167.669
170.013
172.333
174.632
176.909
179.167
181.408
183.633
185.843
188.042
190.23
192.41
194.583
196.752
198.918
101.418
104.252
107.084
109.912
112.733
115.547
118.35
121.141
123.919
126.681
129.426
132.153
134.859
137.544
140.206
142.843
145.455
148.041
150.601
153.132
155.636
158.112
160.559
162.98
165.373
167.74
170.081
172.399
174.693
176.967
179.22
181.456
183.675
185.881
188.074
190.256
192.43
194.598
196.76
198.921
101.421
104.263
107.102
109.937
112.765
115.585
118.395
121.193
123.976
126.745
129.496
132.228
134.939
137.628
140.294
142.935
145.55
148.139
150.7
153.233
155.737
158.213
160.66
163.079
165.47
167.834
170.172
172.485
174.775
177.043
179.29
181.52
183.732
185.93
188.116
190.291
192.458
194.617
196.772
198.924
101.426
104.276
107.124
109.967
112.804
115.632
118.45
121.256
124.048
126.824
129.581
132.32
135.037
137.732
140.403
143.049
145.668
148.259
150.823
153.357
155.863
158.338
160.785
163.202
165.59
167.951
170.285
172.593
174.877
177.138
179.378
181.599
183.804
185.993
188.169
190.335
192.492
194.642
196.787
198.929
101.431
104.292
107.15
110.004
112.851
115.689
118.517
121.332
124.133
126.917
129.683
132.43
135.154
137.856
140.532
143.183
145.807
148.402
150.968
153.505
156.011
158.487
160.933
163.348
165.734
168.09
170.419
172.721
174.998
177.252
179.483
181.695
183.889
186.068
188.234
190.388
192.533
194.671
196.805
198.935
101.437
104.31
107.18
110.046
112.905
115.755
118.594
121.42
124.231
127.025
129.801
132.556
135.289
137.998
140.681
143.338
145.967
148.566
151.136
153.675
156.183
158.659
161.103
163.517
165.899
168.252
170.575
172.871
175.14
177.384
179.606
181.807
183.99
186.156
188.309
190.45
192.581
194.706
196.826
198.942
101.444
104.331
107.215
110.094
112.966
115.829
118.681
121.52
124.343
127.148
129.935
132.7
135.442
138.159
140.85
143.514
146.148
148.752
151.325
153.867
156.376
158.853
161.296
163.708
166.087
168.434
170.752
173.04
175.3
177.535
179.746
181.935
184.104
186.257
188.395
190.521
192.637
194.746
196.849
198.95
101.452
104.354
107.254
110.148
113.036
115.913
118.78
121.632
124.468
127.286
130.084
132.86
135.612
138.339
141.038
143.709
146.35
148.959
151.536
154.08
156.591
159.068
161.511
163.92
166.295
168.638
170.949
173.229
175.48
177.704
179.903
182.078
184.233
186.37
188.492
190.601
192.699
194.791
196.877
198.959
101.46
104.38
107.297
110.209
113.113
116.007
118.889
121.756
124.607
127.439
130.25
133.038
135.801
138.538
141.246
143.924
146.572
149.186
151.768
154.315
156.827
159.304
161.746
164.153
166.524
168.862
171.166
173.438
175.679
177.891
180.076
182.237
184.376
186.496
188.6
190.69
192.769
194.841
196.907
198.969
101.47
104.409
107.345
110.275
113.198
116.11
119.009
121.893
124.76
127.607
130.432
133.233
136.008
138.755
141.473
144.16
146.814
149.434
152.02
154.57
157.084
159.561
162.002
164.406
166.773
169.105
171.402
173.665
175.895
178.095
180.267
182.412
184.534
186.636
188.719
190.789
192.847
194.896
196.94
198.98
101.481
104.441
107.398
110.349
113.291
116.223
119.141
122.043
124.927
127.79
130.63
133.445
136.233
138.992
141.72
144.415
147.077
149.703
152.293
154.846
157.361
159.839
162.278
164.679
167.042
169.367
171.656
173.91
176.13
178.317
180.474
182.603
184.706
186.788
188.85
190.897
192.932
194.957
196.977
198.993
101.492
104.475
107.455
110.429
113.394
116.347
119.286
122.207
125.11
127.99
130.847
133.676
136.478
139.249
141.987
144.692
147.361
149.993
152.587
155.143
157.66
160.137
162.574
164.972
167.33
169.649
171.93
174.174
176.382
178.555
180.697
182.808
184.893
186.953
188.993
191.015
193.025
195.024
197.017
199.006
101.505
104.513
107.519
110.517
113.506
116.482
119.443
122.386
125.309
128.208
131.082
133.927
136.743
139.526
142.276
144.99
147.667
150.305
152.904
155.463
157.981
160.457
162.892
165.286
167.639
169.951
172.223
174.456
176.651
178.811
180.936
183.03
185.094
187.132
189.147
191.144
193.126
195.097
197.061
199.02
101.519
104.555
107.588
110.613
113.628
116.63
119.615
122.581
125.525
128.444
131.337
134.199
137.03
139.827
142.588
145.312
147.997
150.642
153.245
155.807
158.325
160.801
163.234
165.623
167.97
170.274
172.537
174.758
176.941
179.085
181.193
183.267
185.31
187.325
189.314
191.283
193.235
195.176
197.109
199.036
101.534
104.601
107.663
110.718
113.761
116.79
119.802
122.793
125.76
128.701
131.614
134.494
137.341
140.153
142.926
145.66
148.354
151.005
153.613
156.177
158.697
161.172
163.602
165.986
168.326
170.622
172.874
175.083
177.251
179.379
181.468
183.522
185.542
187.531
189.494
191.433
193.354
195.261
197.16
199.053
101.551
104.651
107.746
110.833
113.907
116.966
120.006
123.024
126.017
128.981
131.915
134.815
137.679
140.506
143.292
146.038
148.74
151.398
154.011
156.578
159.099
161.573
163.999
166.379
168.711
170.997
173.238
175.433
177.585
179.695
181.764
183.795
185.791
187.754
189.687
191.595
193.482
195.354
197.217
199.072
101.569
104.705
107.837
110.958
114.067
117.158
120.229
123.277
126.296
129.286
132.243
135.164
138.046
140.889
143.69
146.447
149.159
151.824
154.443
157.013
159.534
162.007
164.43
166.803
169.128
171.404
173.631
175.812
177.947
180.037
182.084
184.09
186.059
187.993
189.896
191.77
193.621
195.454
197.277
199.092
101.589
104.765
107.936
111.096
114.242
117.369
120.474
123.553
126.602
129.619
132.601
135.544
138.447
141.307
144.123
146.892
149.614
152.288
154.912
157.485
160.007
162.478
164.897
167.265
169.581
171.845
174.059
176.223
178.339
180.407
182.43
184.41
186.35
188.252
190.121
191.959
193.771
195.563
197.344
199.114
101.611
104.832
108.045
111.248
114.434
117.6
120.742
123.855
126.937
129.983
132.992
135.959
138.883
141.762
144.594
147.377
150.111
152.792
155.422
157.999
160.522
162.992
165.407
167.767
170.073
172.326
174.525
176.671
178.766
180.811
182.807
184.758
186.666
188.533
190.365
192.164
193.934
195.682
197.416
199.138
101.636
104.905
108.166
111.415
114.646
117.855
121.037
124.188
127.305
130.383
133.42
136.414
139.361
142.26
145.11
147.907
150.652
153.343
155.979
158.56
161.084
163.552
165.962
168.315
170.611
172.85
175.033
177.16
179.232
181.251
183.219
185.138
187.01
188.84
190.631
192.386
194.112
195.811
197.494
199.164
101.663
104.985
108.299
111.599
114.88
118.135
121.362
124.554
127.709
130.822
133.891
136.913
139.885
142.806
145.673
148.487
151.244
153.945
156.588
159.172
161.698
164.163
166.569
168.914
171.198
173.423
175.588
177.694
179.742
181.733
183.67
185.554
187.388
189.176
190.921
192.63
194.305
195.952
197.581
199.192
101.693
105.075
108.447
111.804
115.138
118.446
121.72
124.958
128.154
131.305
134.408
137.46
140.459
143.403
146.291
149.121
151.892
154.603
157.253
159.841
162.368
164.831
167.231
169.567
171.84
174.049
176.195
178.278
180.3
182.261
184.164
186.01
187.802
189.544
191.241
192.897
194.517
196.107
197.676
199.224
101.726
105.174
108.611
112.03
115.425
118.789
122.117
125.403
128.645
131.837
134.976
138.061
141.089
144.058
146.967
149.815
152.6
155.322
157.979
160.572
163.099
165.56
167.955
170.282
172.542
174.734
176.86
178.919
180.912
182.841
184.706
186.511
188.258
189.95
191.593
193.191
194.751
196.277
197.78
199.258
101.763
105.285
108.794
112.283
115.744
119.17
122.556
125.897
129.187
132.423
135.603
138.723
141.781
144.777
147.708
150.574
153.374
156.108
158.773
161.37
163.898
166.357
168.745
171.062
173.309
175.484
177.588
179.621
181.583
183.477
185.303
187.063
188.761
190.399
191.982
193.517
195.009
196.466
197.896
199.297
101.804
105.408
108.998
112.564
116.098
119.594
123.044
126.443
129.786
133.071
136.293
139.45
142.542
145.565
148.52
151.406
154.222
156.967
159.64
162.242
164.771
167.226
169.608
171.915
174.147
176.303
178.384
180.39
182.32
184.176
185.96
187.672
189.316
190.894
192.413
193.878
195.296
196.674
198.024
199.339
101.851
105.547
109.226
112.878
116.494
120.066
123.586
127.049
130.45
133.786
137.053
140.25
143.376
146.429
149.409
152.315
155.147
157.904
160.586
163.192
165.722
168.174
170.549
172.845
175.062
177.199
179.256
181.232
183.129
184.945
186.683
188.343
189.929
191.444
192.892
194.28
195.615
196.907
198.166
199.387
101.903
105.703
109.483
113.231
116.937
120.592
124.189
127.721
131.184
134.575
137.891
141.13
144.292
147.376
150.382
153.309
156.157
158.927
161.617
164.228
166.758
169.207
171.574
173.859
176.06
178.177
180.209
182.155
184.016
185.79
187.48
189.085
190.608
192.053
193.424
194.727
195.972
197.167
198.326
199.44
101.962
105.879
109.772
113.628
117.434
121.182
124.862
128.469
131.998
135.447
138.814
142.097
145.297
148.413
151.445
154.393
157.258
160.04
162.739
165.354
167.885
170.33
172.69
174.963
177.149
179.245
181.251
183.166
184.989
186.719
188.358
189.905
191.361
192.731
194.018
195.229
196.372
197.46
198.505
199.5
102.029
106.079
110.1
114.076
117.994
121.842
125.613
129.3
132.9
136.41
139.83
143.159
146.397
149.545
152.604
155.574
158.457
161.251
163.958
166.577
169.108
171.55
173.902
176.164
178.333
180.408
182.388
184.271
186.055
187.741
189.326
190.812
192.198
193.487
194.682
195.791
196.823
197.791
198.706
199.568
102.106
106.307
110.473
114.585
118.626
122.585
126.453
130.226
133.9
137.474
140.948
144.323
147.601
150.782
153.867
156.859
159.758
162.564
165.279
167.903
170.434
172.872
175.217
177.466
179.619
181.673
183.627
185.478
187.224
188.863
190.394
191.816
193.128
194.331
195.428
196.426
197.334
198.166
198.936
199.645
102.196
106.571
110.903
115.167
119.344
123.423
127.395
131.257
135.008
138.647
142.177
145.599
148.915
152.128
155.24
158.253
161.168
163.986
166.709
169.336
171.868
174.303
176.64
178.878
181.015
183.048
184.976
186.795
188.503
190.097
191.573
192.929
194.164
195.277
196.27
197.147
197.917
198.596
199.199
199.735
102.3
106.879
111.402
115.837
120.164
124.372
128.454
132.408
136.237
139.941
143.526
146.993
150.347
153.591
156.728
159.761
162.692
165.522
168.252
170.883
173.415
175.846
178.176
180.403
182.525
184.539
186.442
188.231
189.902
191.45
192.872
194.164
195.32
196.34
197.222
197.969
198.587
199.094
199.506
199.842
102.425
107.246
111.989
116.617
121.107
125.45
129.645
133.693
137.598
141.366
145.003
148.514
151.904
155.178
158.339
161.391
164.336
167.176
169.913
172.548
175.079
177.508
179.831
182.048
184.156
186.152
188.033
189.793
191.429
192.935
194.306
195.534
196.614
197.539
198.307
198.915
199.367
199.68
199.869
199.97
102.579
107.692
112.692
117.533
122.197
126.68
130.987
135.126
139.105
142.933
146.619
150.17
153.593
156.893
160.076
163.145
166.103
168.953
171.697
174.334
176.866
179.292
181.61
183.818
185.914
187.894
189.755
191.49
193.095
194.563
195.886
197.055
198.062
198.896
199.549
200.013
200.286
200.382
200.309
200.127
102.777
108.255
113.553
118.625
123.467
128.088
132.502
136.725
140.77
144.652
148.381
151.968
155.419
158.743
161.944
165.028
167.998
170.857
173.606
176.247
178.779
181.203
183.517
185.718
187.805
189.772
191.616
193.331
194.909
196.345
197.627
198.745
199.687
200.438
200.981
201.302
201.387
201.24
200.853
200.321
103.05
108.998
114.631
119.941
124.954
129.701
134.21
138.505
142.607
146.533
150.298
153.914
157.389
160.732
163.949
167.046
170.025
172.892
175.646
178.29
180.824
183.247
185.558
187.755
189.834
191.792
193.624
195.323
196.881
198.291
199.542
200.62
201.509
202.191
202.642
202.835
202.735
202.327
201.558
200.583
103.51
110.038
116.006
121.536
126.699
131.549
136.132
140.482
144.628
148.588
152.38
156.017
159.511
162.868
166.098
169.204
172.192
175.064
177.823
180.471
183.006
185.43
187.74
189.934
192.01
193.962
195.786
197.474
199.02
200.414
201.643
202.693
203.546
204.181
204.565
204.663
204.414
203.764
202.571
201.022
104.358
111.622
117.866
123.545
128.798
133.707
138.329
142.709
146.876
150.855
154.661
158.31
161.813
165.179
168.415
171.527
174.519
177.395
180.157
182.806
185.343
187.767
190.077
192.27
194.343
196.292
198.112
199.795
201.334
202.719
203.936
204.971
205.804
206.412
206.758
206.804
206.472
205.686
204.201
202.072
)
;

boundaryField
{
    carasuperior
    {
        type            fixedGradient;
        gradient        uniform 100;
    }
    lateralizquierda
    {
        type            fixedValue;
        value           uniform 100;
    }
    lateralderecha
    {
        type            fixedValue;
        value           uniform 200;
    }
    carainferior
    {
        type            zeroGradient;
    }
    frontAndBack
    {
        type            empty;
    }
}


// ************************************************************************* //
