/*--------------------------------*- C++ -*----------------------------------*\
| =========                 |                                                 |
| \\      /  F ield         | OpenFOAM: The Open Source CFD Toolbox           |
|  \\    /   O peration     | Version:  2.4.0                                 |
|   \\  /    A nd           | Web:      www.OpenFOAM.org                      |
|    \\/     M anipulation  |                                                 |
\*---------------------------------------------------------------------------*/
FoamFile
{
    version     2.0;
    format      ascii;
    class       volScalarField;
    location    "0.475";
    object      T;
}
// * * * * * * * * * * * * * * * * * * * * * * * * * * * * * * * * * * * * * //

dimensions      [0 0 0 1 0 0 0];

internalField   nonuniform List<scalar> 
1600
(
101.339
104.015
106.691
109.364
112.035
114.701
117.363
120.019
122.668
125.309
127.942
130.565
133.178
135.779
138.369
140.945
143.508
146.057
148.592
151.111
153.615
156.104
158.577
161.035
163.479
165.907
168.322
170.723
173.111
175.488
177.855
180.211
182.559
184.9
187.234
189.562
191.886
194.207
196.525
198.842
101.339
104.018
106.695
109.371
112.043
114.711
117.374
120.032
122.683
125.326
127.96
130.584
133.199
135.801
138.392
140.969
143.533
146.083
148.618
151.137
153.642
156.13
158.603
161.061
163.503
165.931
168.344
170.744
173.132
175.507
177.872
180.227
182.573
184.912
187.244
189.571
191.893
194.212
196.528
198.843
101.341
104.023
106.704
109.383
112.059
114.73
117.397
120.058
122.712
125.358
127.995
130.623
133.239
135.844
138.437
141.017
143.582
146.133
148.669
151.189
153.694
156.183
158.655
161.112
163.553
165.979
168.391
170.788
173.173
175.546
177.907
180.259
182.602
184.937
187.265
189.588
191.907
194.222
196.534
198.845
101.344
104.031
106.717
109.401
112.082
114.759
117.431
120.097
122.755
125.406
128.047
130.679
133.299
135.908
138.504
141.086
143.654
146.207
148.745
151.266
153.771
156.26
158.732
161.187
163.627
166.051
168.46
170.854
173.235
175.603
177.961
180.307
182.645
184.975
187.297
189.615
191.927
194.236
196.543
198.848
101.347
104.042
106.735
109.426
112.114
114.797
117.476
120.148
122.813
125.469
128.116
130.753
133.379
135.992
138.592
141.178
143.749
146.304
148.844
151.367
153.872
156.361
158.833
161.287
163.724
166.145
168.551
170.941
173.317
175.68
178.031
180.372
182.702
185.025
187.34
189.65
191.955
194.256
196.554
198.852
101.352
104.055
106.757
109.456
112.152
114.844
117.531
120.211
122.884
125.547
128.202
130.845
133.476
136.095
138.7
141.291
143.866
146.424
148.966
151.491
153.998
156.486
158.957
161.41
163.845
166.263
168.664
171.049
173.419
175.776
178.12
180.452
182.774
185.088
187.394
189.694
191.989
194.281
196.569
198.857
101.357
104.07
106.782
109.492
112.199
114.901
117.597
120.286
122.968
125.641
128.303
130.954
133.593
136.218
138.829
141.425
144.004
146.567
149.112
151.638
154.146
156.635
159.105
161.556
163.989
166.403
168.799
171.178
173.542
175.89
178.225
180.548
182.861
185.163
187.459
189.747
192.031
194.31
196.587
198.863
101.363
104.088
106.813
109.534
112.253
114.966
117.674
120.374
123.066
125.748
128.42
131.08
133.727
136.36
138.978
141.579
144.164
146.731
149.279
151.808
154.317
156.807
159.276
161.725
164.155
166.564
168.955
171.328
173.684
176.024
178.349
180.661
182.961
185.252
187.534
189.809
192.079
194.345
196.608
198.87
101.37
104.109
106.847
109.582
112.314
115.041
117.761
120.473
123.177
125.871
128.553
131.223
133.879
136.52
139.146
141.754
144.345
146.916
149.468
152
154.511
157.001
159.469
161.916
164.342
166.748
169.133
171.498
173.845
176.175
178.489
180.789
183.077
185.353
187.621
189.881
192.135
194.385
196.632
198.878
101.378
104.132
106.886
109.637
112.383
115.124
117.859
120.585
123.302
126.008
128.702
131.383
134.049
136.7
139.333
141.949
144.546
147.123
149.679
152.213
154.726
157.216
159.684
162.129
164.551
166.952
169.33
171.688
174.026
176.345
178.647
180.933
183.206
185.467
187.718
189.961
192.198
194.43
196.659
198.887
101.386
104.158
106.929
109.697
112.46
115.217
117.967
120.709
123.44
126.16
128.867
131.56
134.237
136.898
139.54
142.164
144.767
147.35
149.91
152.447
154.962
157.452
159.919
162.362
164.781
167.176
169.548
171.897
174.225
176.533
178.822
181.093
183.35
185.594
187.827
190.051
192.268
194.481
196.69
198.897
101.396
104.187
106.977
109.763
112.545
115.32
118.088
120.846
123.593
126.328
129.049
131.754
134.444
137.115
139.767
142.399
145.009
147.597
150.162
152.702
155.218
157.709
160.175
162.615
165.03
167.419
169.784
172.124
174.442
176.737
179.013
181.269
183.509
185.734
187.947
190.15
192.346
194.536
196.723
198.908
101.407
104.219
107.029
109.836
112.638
115.433
118.219
120.995
123.76
126.511
129.247
131.967
134.668
137.351
140.013
142.654
145.271
147.865
150.434
152.978
155.495
157.986
160.45
162.888
165.298
167.681
170.039
172.37
174.677
176.959
179.22
181.46
183.681
185.887
188.078
190.259
192.431
194.598
196.76
198.92
101.418
104.253
107.087
109.917
112.741
115.557
118.364
121.159
123.942
126.711
129.463
132.197
134.913
137.608
140.28
142.93
145.555
148.155
150.728
153.275
155.793
158.284
160.747
163.18
165.586
167.963
170.312
172.634
174.928
177.198
179.443
181.666
183.868
186.052
188.221
190.378
192.524
194.665
196.801
198.934
101.431
104.292
107.15
110.005
112.852
115.692
118.521
121.338
124.141
126.928
129.698
132.448
135.178
137.885
140.569
143.228
145.861
148.467
151.044
153.594
156.114
158.604
161.064
163.494
165.894
168.264
170.604
172.916
175.198
177.453
179.683
181.887
184.069
186.231
188.376
190.506
192.626
194.737
196.845
198.948
101.445
104.333
107.219
110.101
112.975
115.839
118.693
121.533
124.357
127.164
129.953
132.72
135.465
138.186
140.881
143.55
146.191
148.803
151.385
153.937
156.458
158.947
161.405
163.831
166.225
168.587
170.918
173.217
175.487
177.727
179.939
182.124
184.285
186.424
188.543
190.645
192.735
194.816
196.892
198.964
101.46
104.379
107.295
110.206
113.108
116
118.88
121.745
124.593
127.422
130.23
133.015
135.776
138.511
141.219
143.898
146.547
149.166
151.752
154.307
156.829
159.317
161.772
164.193
166.58
168.934
171.254
173.541
175.796
178.02
180.213
182.378
184.517
186.63
188.722
190.795
192.854
194.902
196.944
198.981
101.477
104.429
107.378
110.32
113.254
116.176
119.084
121.976
124.849
127.701
130.531
133.336
136.114
138.864
141.585
144.275
146.933
149.558
152.15
154.707
157.23
159.717
162.168
164.584
166.964
169.308
171.616
173.89
176.129
178.335
180.508
182.651
184.765
186.852
188.915
190.957
192.982
194.994
197
199
101.495
104.484
107.469
110.446
113.414
116.369
119.308
122.229
125.129
128.007
130.859
133.685
136.481
139.248
141.982
144.684
147.351
149.984
152.581
155.141
157.664
160.15
162.598
165.007
167.379
169.713
172.009
174.267
176.489
178.675
180.827
182.945
185.032
187.091
189.123
191.132
193.12
195.094
197.061
199.02
101.515
104.544
107.568
110.584
113.589
116.58
119.553
122.505
125.435
128.34
131.217
134.065
136.882
139.665
142.415
145.129
147.807
150.447
153.049
155.612
158.136
160.62
163.064
165.467
167.83
170.152
172.434
174.676
176.879
179.044
181.172
183.263
185.322
187.348
189.347
191.32
193.27
195.203
197.127
199.041
101.537
104.61
107.678
110.736
113.782
116.811
119.821
122.809
125.771
128.705
131.609
134.481
137.319
140.121
142.887
145.614
148.303
150.951
153.559
156.126
158.65
161.132
163.572
165.968
168.321
170.631
172.898
175.122
177.304
179.445
181.547
183.609
185.636
187.628
189.59
191.524
193.432
195.321
197.198
199.065
101.562
104.683
107.799
110.904
113.994
117.066
120.117
123.142
126.139
129.105
132.038
134.936
137.797
140.62
143.402
146.144
148.844
151.502
154.116
156.686
159.211
161.691
164.126
166.514
168.857
171.153
173.403
175.608
177.768
179.884
181.956
183.987
185.978
187.933
189.854
191.745
193.609
195.45
197.277
199.091
101.589
104.764
107.932
111.088
114.228
117.347
120.442
123.508
126.544
129.545
132.509
135.435
138.321
141.165
143.966
146.724
149.436
152.103
154.724
157.297
159.823
162.301
164.73
167.111
169.442
171.723
173.956
176.14
178.275
180.363
182.404
184.4
186.354
188.267
190.144
191.987
193.801
195.59
197.363
199.119
101.619
104.854
108.08
111.293
114.487
117.658
120.801
123.913
126.989
130.028
133.027
135.983
138.896
141.763
144.584
147.358
150.083
152.76
155.388
157.965
160.492
162.967
165.391
167.762
170.081
172.347
174.561
176.722
178.83
180.888
182.895
184.854
186.766
188.633
190.461
192.253
194.012
195.744
197.457
199.151
101.652
104.953
108.245
111.52
114.775
118.002
121.198
124.359
127.481
130.561
133.596
136.586
139.527
142.419
145.261
148.052
150.791
153.479
156.114
158.695
161.222
163.695
166.113
168.474
170.78
173.03
175.222
177.359
179.439
181.464
183.435
185.352
187.219
189.037
190.811
192.546
194.245
195.914
197.561
199.185
101.689
105.064
108.428
111.773
115.094
118.384
121.639
124.853
128.024
131.148
134.224
137.248
140.219
143.138
146.002
148.812
151.566
154.265
156.907
159.492
162.02
164.49
166.901
169.253
171.545
173.776
175.947
178.058
180.108
182.098
184.028
185.901
187.719
189.483
191.198
192.869
194.501
196.101
197.676
199.223
101.731
105.188
108.632
112.055
115.449
118.808
122.127
125.4
128.625
131.797
134.914
137.976
140.98
143.927
146.815
149.643
152.413
155.123
157.773
160.362
162.891
165.358
167.762
170.103
172.38
174.593
176.741
178.824
180.841
182.793
184.682
186.507
188.27
189.976
191.627
193.228
194.786
196.308
197.803
199.266
101.777
105.327
108.86
112.369
115.845
119.281
122.67
126.007
129.289
132.512
135.676
138.777
141.816
144.792
147.704
150.553
153.339
156.06
158.718
161.312
163.841
166.304
168.701
171.031
173.293
175.486
177.609
179.663
181.646
183.559
185.401
187.175
188.881
190.522
192.102
193.628
195.104
196.54
197.945
199.313
101.83
105.483
109.117
112.722
116.289
119.808
123.274
126.68
130.024
133.303
136.514
139.658
142.733
145.739
148.677
151.547
154.349
157.083
159.749
162.346
164.875
167.335
169.724
172.042
174.288
176.461
178.559
180.582
182.53
184.4
186.194
187.913
189.557
191.128
192.632
194.073
195.459
196.799
198.104
199.366
101.889
105.659
109.407
113.12
116.786
120.398
123.947
127.429
130.839
134.176
137.438
140.626
143.738
146.776
149.74
152.631
155.45
158.196
160.87
163.472
166.001
168.457
170.838
173.144
175.374
177.525
179.598
181.589
183.499
185.326
187.069
188.729
190.306
191.803
193.223
194.572
195.857
197.09
198.282
199.425
101.956
105.859
109.735
113.568
117.347
121.059
124.699
128.261
131.742
135.14
138.455
141.688
144.839
147.91
150.9
153.813
156.648
159.406
162.088
164.694
167.223
169.675
172.048
174.342
176.555
178.686
180.731
182.691
184.562
186.343
188.034
189.632
191.139
192.555
193.885
195.132
196.306
197.419
198.483
199.493
102.033
106.088
110.109
114.078
117.98
121.803
125.54
129.187
132.742
136.204
139.574
142.853
146.044
149.146
152.164
155.098
157.949
160.72
163.409
166.019
168.548
170.995
173.361
175.643
177.839
179.948
181.967
183.895
185.727
187.462
189.098
190.633
192.065
193.396
194.627
195.764
196.815
197.793
198.711
199.57
102.122
106.352
110.539
114.66
118.699
122.642
126.483
130.22
133.852
137.379
140.804
144.13
147.359
150.494
153.537
156.492
159.359
162.141
164.839
167.452
169.981
172.424
174.782
177.052
179.232
181.32
183.313
185.209
187.003
188.692
190.272
191.742
193.098
194.339
195.465
196.482
197.395
198.222
198.974
199.66
102.227
106.66
111.038
115.331
119.519
123.591
127.542
131.372
135.082
138.674
142.154
145.525
148.792
151.958
155.027
158.001
160.884
163.677
166.382
168.998
171.527
173.966
176.317
178.575
180.74
182.808
184.777
186.641
188.398
190.042
191.568
192.973
194.25
195.398
196.414
197.301
198.063
198.718
199.279
199.766
102.352
107.027
111.626
116.111
120.462
124.67
128.735
132.658
136.444
140.101
143.633
147.048
150.35
153.545
156.638
159.631
162.528
165.331
168.042
170.662
173.19
175.627
177.97
180.218
182.369
184.419
186.364
188.2
189.922
191.523
192.998
194.339
195.54
196.593
197.495
198.244
198.841
199.302
199.641
199.894
102.506
107.473
112.33
117.028
121.553
125.901
130.078
134.092
137.953
141.669
145.25
148.705
152.04
155.262
158.376
161.386
164.296
167.108
169.826
172.448
174.976
177.41
179.747
181.986
184.125
186.158
188.083
189.894
191.584
193.147
194.574
195.857
196.984
197.947
198.734
199.339
199.757
200.002
200.08
200.05
102.705
108.037
113.19
118.121
122.824
127.311
131.595
135.693
139.62
143.39
147.014
150.504
153.868
157.113
160.245
163.27
166.192
169.012
171.735
174.36
176.889
179.32
181.653
183.885
186.013
188.034
189.942
191.731
193.395
194.925
196.311
197.543
198.605
199.484
200.163
200.625
200.855
200.858
200.622
200.244
102.978
108.78
114.27
119.438
124.313
128.926
133.304
137.474
141.458
145.273
148.933
152.452
155.839
159.103
162.251
165.289
168.22
171.048
173.775
176.404
178.933
181.363
183.693
185.92
188.041
190.052
191.947
193.72
195.364
196.869
198.223
199.414
200.424
201.235
201.82
202.154
202.2
201.942
201.326
200.505
103.438
109.821
115.646
121.035
126.059
130.775
135.228
139.454
143.481
147.329
151.017
154.557
157.962
161.241
164.401
167.448
170.387
173.221
175.953
178.584
181.115
183.545
185.874
188.098
190.215
192.22
194.107
195.87
197.5
198.988
200.321
201.484
202.458
203.221
203.74
203.979
203.876
203.377
202.338
200.944
104.285
111.406
117.507
123.045
128.16
132.935
137.427
141.682
145.731
149.597
153.299
156.851
160.266
163.553
166.719
169.772
172.715
175.552
178.287
180.92
183.452
185.882
188.21
190.433
192.547
194.549
196.432
198.189
199.813
201.292
202.613
203.761
204.714
205.45
205.932
206.118
205.933
205.298
203.967
201.993
)
;

boundaryField
{
    carasuperior
    {
        type            fixedGradient;
        gradient        uniform 100;
    }
    lateralizquierda
    {
        type            fixedValue;
        value           uniform 100;
    }
    lateralderecha
    {
        type            fixedValue;
        value           uniform 200;
    }
    carainferior
    {
        type            zeroGradient;
    }
    frontAndBack
    {
        type            empty;
    }
}


// ************************************************************************* //
