/*--------------------------------*- C++ -*----------------------------------*\
| =========                 |                                                 |
| \\      /  F ield         | OpenFOAM: The Open Source CFD Toolbox           |
|  \\    /   O peration     | Version:  2.4.0                                 |
|   \\  /    A nd           | Web:      www.OpenFOAM.org                      |
|    \\/     M anipulation  |                                                 |
\*---------------------------------------------------------------------------*/
FoamFile
{
    version     2.0;
    format      ascii;
    class       volScalarField;
    location    "4.3";
    object      p;
}
// * * * * * * * * * * * * * * * * * * * * * * * * * * * * * * * * * * * * * //

dimensions      [0 2 -2 0 0 0 0];

internalField   nonuniform List<scalar> 
4800
(
2.31105e-06
-0.00159724
-0.00328114
-0.00453017
-0.00501933
-0.00459703
-0.00321592
-0.000879643
0.00236712
0.00642863
0.00160148
-3.13566e-05
-0.00122805
-0.0019418
-0.00204881
-0.00143883
-6.40967e-05
0.002092
0.00501995
0.0086733
0.00332611
0.00111615
-8.86755e-05
-0.000646763
-0.000627442
2.77926e-05
0.00135058
0.00336826
0.00610304
0.00955194
0.00449505
0.00162751
0.000247834
-0.000325732
-0.00032196
0.0002735
0.0014808
0.00334587
0.00593543
0.00930674
0.00455489
0.00116539
-0.000399912
-0.00106324
-0.00116945
-0.000730362
0.000280535
0.00194816
0.0044118
0.00783651
0.00313742
-0.000563412
-0.0022813
-0.00308529
-0.00338957
-0.00321249
-0.00249859
-0.00109675
0.00124677
0.00490988
6.36743e-05
-0.00370746
-0.00552253
-0.00650331
-0.00708999
-0.00729207
-0.00700468
-0.00598433
-0.00381647
0.000309192
-0.00466933
-0.0082703
-0.0101183
-0.0113006
-0.0122482
-0.0129568
-0.0132621
-0.0128169
-0.0110302
-0.00624328
-0.0108972
-0.0141147
-0.0159298
-0.0173214
-0.0186864
-0.0200153
-0.0210909
-0.0214668
-0.0204553
-0.0148359
-0.0183046
-0.02098
-0.0226982
-0.0242768
-0.0260698
-0.0280976
-0.030158
-0.031809
-0.0328094
-0.0284268
3.23228e-06
-0.0016182
-0.0033127
-0.00457067
-0.00506516
-0.00464503
-0.00326405
-0.000925875
0.00232512
0.00639352
0.0016192
-3.60689e-05
-0.00121082
-0.00191439
-0.00201627
-0.00140304
-2.81808e-05
0.00212539
0.00504924
0.00869858
0.00335645
0.00108992
-9.00208e-05
-0.000645774
-0.000628879
2.64723e-05
0.00134914
0.00336615
0.00610013
0.00955015
0.00453925
0.00159061
0.000247898
-0.000322518
-0.000322967
0.000272014
0.00147885
0.0033427
0.00592995
0.00930191
0.00460896
0.00112202
-0.000395016
-0.00105257
-0.00116298
-0.000724172
0.000286074
0.00195143
0.00440836
0.00782974
0.00319637
-0.000611415
-0.00227486
-0.00307168
-0.00338012
-0.00320308
-0.00248938
-0.00108933
0.00124083
0.004891
0.000123171
-0.00375668
-0.00551562
-0.0064884
-0.00707859
-0.00728024
-0.00699158
-0.00596863
-0.00382427
0.000261205
-0.00461484
-0.00831757
-0.0101119
-0.0112861
-0.0122363
-0.0129447
-0.0132484
-0.0127927
-0.0110533
-0.00641033
-0.0108518
-0.0141575
-0.0159254
-0.0173093
-0.0186752
-0.0200032
-0.0210747
-0.0214101
-0.0204384
-0.0152109
-0.0182716
-0.021017
-0.0226974
-0.0242699
-0.0260624
-0.0280868
-0.0301352
-0.0316681
-0.0324799
-0.02854
3.93096e-06
-0.00161792
-0.00331262
-0.00457067
-0.00506518
-0.00464506
-0.00326407
-0.000925883
0.00232513
0.00639352
0.0016195
-3.59308e-05
-0.00121078
-0.00191441
-0.00201629
-0.00140306
-2.81959e-05
0.00212539
0.00504925
0.00869859
0.00335653
0.00108994
-9.00274e-05
-0.000645809
-0.000628906
2.64485e-05
0.00134913
0.00336615
0.00610014
0.00955016
0.00453924
0.00159057
0.000247868
-0.000322544
-0.000322981
0.000272001
0.00147885
0.0033427
0.00592996
0.00930192
0.00460893
0.00112199
-0.000395048
-0.0010526
-0.00116299
-0.000724178
0.000286075
0.00195143
0.00440837
0.00782975
0.00319634
-0.00061145
-0.00227489
-0.0030717
-0.00338013
-0.00320309
-0.00248938
-0.00108932
0.00124084
0.00489101
0.000123146
-0.0037567
-0.00551564
-0.00648842
-0.0070786
-0.00728024
-0.00699157
-0.00596862
-0.00382426
0.000261217
-0.00461485
-0.00831758
-0.0101119
-0.0112861
-0.0122363
-0.0129447
-0.0132484
-0.0127927
-0.0110533
-0.00641032
-0.0108518
-0.0141575
-0.0159254
-0.0173092
-0.0186752
-0.0200032
-0.0210747
-0.0214101
-0.0204384
-0.0152109
-0.0182716
-0.021017
-0.0226974
-0.0242699
-0.0260624
-0.0280868
-0.0301352
-0.0316681
-0.0324799
-0.02854
5.33095e-06
-0.00159639
-0.00328096
-0.00453021
-0.00501941
-0.00459709
-0.00321596
-0.000879653
0.00236712
0.00642864
0.00160236
-3.09974e-05
-0.00122797
-0.00194186
-0.00204888
-0.00143888
-6.41288e-05
0.00209199
0.00501996
0.00867332
0.00332629
0.00111621
-8.87109e-05
-0.000646831
-0.000627507
2.7744e-05
0.00135056
0.00336826
0.00610305
0.00955196
0.00449502
0.00162744
0.000247739
-0.000325817
-0.000322015
0.000273463
0.00148079
0.00334588
0.00593546
0.00930677
0.0045548
0.00116532
-0.00039999
-0.0010633
-0.00116949
-0.000730381
0.00028054
0.00194818
0.00441183
0.00783654
0.00313734
-0.000563469
-0.00228136
-0.00308533
-0.00338961
-0.0032125
-0.00249858
-0.00109672
0.0012468
0.00490991
6.36296e-05
-0.00370749
-0.00552257
-0.00650333
-0.00708999
-0.00729205
-0.00700466
-0.0059843
-0.00381644
0.000309225
-0.00466936
-0.00827031
-0.0101183
-0.0113006
-0.0122482
-0.0129567
-0.0132621
-0.0128169
-0.0110302
-0.00624324
-0.0108972
-0.0141147
-0.0159298
-0.0173214
-0.0186864
-0.0200153
-0.0210909
-0.0214667
-0.0204553
-0.0148359
-0.0183046
-0.02098
-0.0226982
-0.0242768
-0.0260698
-0.0280976
-0.0301579
-0.031809
-0.0328093
-0.0284267
0.011152
0.0163499
0.0218529
0.0275334
0.0333062
0.039122
0.044957
0.0508057
0.056676
0.0625881
0.0685748
0.0746818
0.0809688
0.0875071
0.0943731
0.101636
0.109334
0.117451
0.125867
0.134342
0.0129555
0.0177286
0.0228629
0.0282506
0.0338089
0.0394801
0.0452279
0.0510337
0.0568939
0.062818
0.0688273
0.0749545
0.0812422
0.0877398
0.0944977
0.101557
0.108935
0.116598
0.124449
0.132294
0.01365
0.0182589
0.0232555
0.0285366
0.0340181
0.0396378
0.045354
0.0511421
0.0569922
0.0629068
0.0688994
0.0749933
0.08122
0.0876173
0.0942251
0.101079
0.108199
0.115573
0.123135
0.130739
0.0134199
0.0180731
0.0231205
0.0284504
0.0339732
0.0396251
0.0453642
0.0511652
0.0570163
0.0629158
0.0688708
0.074896
0.0810133
0.0872513
0.0936451
0.100235
0.10706
0.114151
0.121504
0.129048
0.0122214
0.0171684
0.0224754
0.0280171
0.0336996
0.039465
0.0452798
0.0511255
0.0569929
0.0628791
0.0687859
0.074719
0.0806894
0.0867148
0.0928246
0.0990658
0.105506
0.112235
0.119346
0.126909
0.0100042
0.0155985
0.0214117
0.0273309
0.0332773
0.0392187
0.0451455
0.0510556
0.0569486
0.0628233
0.0686767
0.074505
0.0803053
0.0860807
0.0918484
0.0976557
0.103598
0.109832
0.116587
0.124208
0.00690009
0.0136314
0.0202011
0.0266173
0.0328727
0.0390005
0.0450371
0.0510068
0.0569218
0.0627835
0.068584
0.0743082
0.0799364
0.0854507
0.0908454
0.0961515
0.10148
0.107043
0.113239
0.120921
0.00332529
0.0117958
0.0192761
0.0261863
0.0326879
0.0389347
0.0450296
0.0510257
0.0569454
0.0627901
0.0685448
0.074181
0.0796596
0.0849351
0.0899669
0.0947496
0.0993878
0.104109
0.109435
0.117032
0.00133054
0.0117769
0.0195794
0.0265196
0.0329608
0.0391373
0.0451829
0.0511505
0.057054
0.0628851
0.0686168
0.0742051
0.0795875
0.0846839
0.089399
0.0936555
0.0975036
0.100961
0.104383
0.110688
0.00588144
0.0171101
0.0227565
0.0282892
0.0339531
0.0397121
0.0455472
0.0514215
0.0572986
0.0631412
0.0689033
0.0745212
0.0799039
0.0849204
0.0893833
0.09303
0.0955055
0.0965148
0.0952533
0.0967894
0.0111256
0.0163314
0.0218407
0.0275256
0.0333015
0.039119
0.044955
0.0508039
0.0566741
0.0625858
0.0685717
0.0746778
0.0809637
0.0875011
0.0943667
0.10163
0.109331
0.117451
0.125875
0.134362
0.0129778
0.0177473
0.0228777
0.0282619
0.0338174
0.0394865
0.0452329
0.0510381
0.0568982
0.0628225
0.0688323
0.07496
0.0812479
0.0877449
0.0945011
0.101557
0.108929
0.116585
0.124427
0.132263
0.0136528
0.0182637
0.0232608
0.0285416
0.0340224
0.0396412
0.0453566
0.0511441
0.0569938
0.0629081
0.0689005
0.0749941
0.0812206
0.0876176
0.0942247
0.101077
0.108196
0.115568
0.123129
0.130734
0.0134243
0.0180802
0.0231276
0.0284567
0.0339782
0.0396288
0.0453668
0.0511671
0.0570176
0.0629167
0.0688714
0.0748964
0.0810136
0.0872515
0.093645
0.100234
0.107059
0.114148
0.121499
0.129043
0.0122333
0.0171818
0.0224863
0.0280256
0.0337056
0.039469
0.0452823
0.0511271
0.0569939
0.0628799
0.0687865
0.0747197
0.0806902
0.0867158
0.0928255
0.0990659
0.105505
0.112232
0.119335
0.126894
0.0100297
0.0156203
0.0214253
0.0273401
0.0332827
0.0392215
0.0451469
0.0510562
0.0569489
0.0628235
0.0686769
0.0745053
0.0803058
0.0860816
0.0918495
0.0976564
0.103598
0.10983
0.116569
0.124171
0.00696772
0.0136762
0.0202218
0.0266281
0.0328773
0.0390019
0.0450373
0.0510066
0.0569215
0.0627833
0.0685841
0.0743085
0.0799372
0.085452
0.0908472
0.0961524
0.101479
0.107038
0.113196
0.120817
0.00344015
0.0118426
0.0192857
0.0261899
0.0326875
0.0389328
0.0450278
0.0510242
0.0569442
0.062789
0.0685439
0.0741803
0.0796592
0.0849355
0.0899684
0.0947501
0.0993864
0.104114
0.109397
0.116866
0.00147401
0.0117133
0.0195081
0.0264891
0.032945
0.0391277
0.0451768
0.0511459
0.0570496
0.0628801
0.0686109
0.0741979
0.0795795
0.0846762
0.0893947
0.0936565
0.0975227
0.10105
0.104503
0.11051
0.00672228
0.0172535
0.0227669
0.0283123
0.0339681
0.0397191
0.0455512
0.0514244
0.0573011
0.063144
0.0689068
0.0745256
0.0799092
0.0849261
0.0893878
0.0930275
0.0954961
0.096546
0.0951916
0.0957248
0.0111256
0.0163314
0.0218407
0.0275256
0.0333015
0.0391191
0.044955
0.0508039
0.0566741
0.0625858
0.0685717
0.0746778
0.0809637
0.0875011
0.0943667
0.10163
0.109331
0.117451
0.125875
0.134362
0.0129778
0.0177473
0.0228777
0.0282619
0.0338174
0.0394865
0.0452329
0.0510381
0.0568982
0.0628225
0.0688323
0.07496
0.0812479
0.0877449
0.0945011
0.101557
0.108929
0.116585
0.124427
0.132263
0.0136528
0.0182637
0.0232608
0.0285416
0.0340224
0.0396412
0.0453567
0.0511442
0.0569938
0.0629081
0.0689005
0.0749942
0.0812206
0.0876176
0.0942247
0.101077
0.108196
0.115568
0.123129
0.130734
0.0134243
0.0180802
0.0231276
0.0284567
0.0339782
0.0396288
0.0453668
0.0511671
0.0570176
0.0629167
0.0688714
0.0748964
0.0810136
0.0872515
0.093645
0.100234
0.107059
0.114148
0.121499
0.129043
0.0122333
0.0171818
0.0224863
0.0280257
0.0337057
0.039469
0.0452824
0.0511271
0.0569939
0.0628799
0.0687865
0.0747197
0.0806902
0.0867158
0.0928255
0.0990659
0.105505
0.112232
0.119335
0.126894
0.0100297
0.0156203
0.0214254
0.0273401
0.0332827
0.0392215
0.0451469
0.0510562
0.0569489
0.0628235
0.0686769
0.0745053
0.0803058
0.0860816
0.0918495
0.0976564
0.103598
0.10983
0.116569
0.124171
0.00696773
0.0136762
0.0202218
0.0266281
0.0328773
0.0390019
0.0450373
0.0510066
0.0569215
0.0627833
0.0685841
0.0743085
0.0799372
0.085452
0.0908472
0.0961524
0.101479
0.107038
0.113196
0.120817
0.00344016
0.0118426
0.0192857
0.0261899
0.0326875
0.0389328
0.0450278
0.0510243
0.0569442
0.062789
0.0685439
0.0741803
0.0796592
0.0849355
0.0899684
0.0947501
0.0993864
0.104114
0.109397
0.116866
0.00147402
0.0117133
0.0195081
0.0264891
0.032945
0.0391277
0.0451768
0.0511459
0.0570496
0.0628801
0.0686109
0.0741979
0.0795795
0.0846762
0.0893947
0.0936565
0.0975227
0.10105
0.104503
0.11051
0.00672229
0.0172535
0.0227669
0.0283123
0.0339681
0.0397191
0.0455512
0.0514244
0.0573011
0.063144
0.0689068
0.0745256
0.0799092
0.0849261
0.0893878
0.0930275
0.0954961
0.096546
0.0951916
0.0957248
0.011152
0.0163499
0.021853
0.0275334
0.0333063
0.039122
0.0449571
0.0508057
0.056676
0.0625881
0.0685748
0.0746818
0.0809688
0.0875071
0.0943731
0.101636
0.109334
0.117451
0.125867
0.134342
0.0129555
0.0177286
0.0228629
0.0282506
0.033809
0.0394802
0.0452279
0.0510337
0.0568939
0.062818
0.0688273
0.0749545
0.0812422
0.0877398
0.0944977
0.101557
0.108935
0.116598
0.124449
0.132294
0.01365
0.0182589
0.0232555
0.0285366
0.0340181
0.0396378
0.045354
0.0511421
0.0569922
0.0629068
0.0688994
0.0749933
0.08122
0.0876173
0.0942251
0.101079
0.108199
0.115573
0.123135
0.130739
0.0134199
0.0180732
0.0231206
0.0284505
0.0339732
0.0396251
0.0453642
0.0511653
0.0570163
0.0629158
0.0688708
0.074896
0.0810133
0.0872513
0.0936451
0.100235
0.10706
0.114151
0.121504
0.129048
0.0122214
0.0171685
0.0224755
0.0280172
0.0336997
0.039465
0.0452798
0.0511255
0.0569929
0.0628791
0.0687859
0.074719
0.0806894
0.0867149
0.0928246
0.0990658
0.105506
0.112235
0.119346
0.126909
0.0100043
0.0155986
0.0214117
0.027331
0.0332774
0.0392187
0.0451455
0.0510556
0.0569486
0.0628233
0.0686768
0.074505
0.0803053
0.0860807
0.0918484
0.0976557
0.103598
0.109832
0.116587
0.124208
0.00690012
0.0136315
0.0202011
0.0266173
0.0328727
0.0390005
0.0450372
0.0510069
0.0569218
0.0627835
0.068584
0.0743082
0.0799364
0.0854507
0.0908454
0.0961515
0.10148
0.107043
0.113239
0.120921
0.00332532
0.0117959
0.0192762
0.0261863
0.0326879
0.0389347
0.0450296
0.0510257
0.0569454
0.0627901
0.0685448
0.074181
0.0796596
0.0849351
0.0899669
0.0947496
0.0993878
0.104109
0.109435
0.117032
0.00133057
0.0117769
0.0195794
0.0265196
0.0329608
0.0391373
0.0451829
0.0511505
0.0570541
0.0628851
0.0686168
0.0742051
0.0795875
0.0846839
0.089399
0.0936555
0.0975036
0.100961
0.104383
0.110688
0.00588148
0.0171101
0.0227565
0.0282893
0.0339531
0.0397121
0.0455472
0.0514216
0.0572986
0.0631412
0.0689033
0.0745213
0.0799039
0.0849204
0.0893833
0.09303
0.0955055
0.0965148
0.0952533
0.0967894
0.142509
0.149918
0.156149
0.160886
0.163964
0.165385
0.165328
0.16416
0.162436
0.160837
0.139835
0.146702
0.152549
0.157115
0.160262
0.161994
0.162459
0.161948
0.160801
0.159234
0.138118
0.144887
0.150701
0.1553
0.158544
0.160429
0.161079
0.160743
0.159603
0.157548
0.136539
0.143495
0.149518
0.154318
0.15774
0.159766
0.160506
0.160186
0.15889
0.156299
0.134746
0.142129
0.148569
0.153731
0.157435
0.15966
0.160511
0.160207
0.158785
0.155811
0.132717
0.140799
0.147858
0.153527
0.157612
0.1601
0.161108
0.160865
0.159399
0.156236
0.130656
0.13972
0.14755
0.153812
0.158325
0.161112
0.162319
0.162193
0.160779
0.157623
0.129003
0.13934
0.147991
0.154829
0.159726
0.162781
0.164189
0.164218
0.162944
0.159968
0.128001
0.140345
0.14977
0.156992
0.162068
0.165248
0.166785
0.166963
0.165885
0.16323
0.132378
0.145952
0.154545
0.16111
0.165729
0.168676
0.170166
0.170427
0.169557
0.167314
0.142542
0.149964
0.156204
0.160945
0.164023
0.165439
0.165372
0.16419
0.162453
0.160836
0.139799
0.146659
0.152502
0.157066
0.160214
0.161951
0.162422
0.161922
0.160796
0.159212
0.138119
0.144892
0.150707
0.155307
0.158551
0.160434
0.161079
0.160742
0.159621
0.157516
0.136546
0.143507
0.149532
0.154333
0.157754
0.159776
0.160509
0.160187
0.158918
0.156258
0.134753
0.14214
0.148581
0.153742
0.157445
0.159666
0.16051
0.160206
0.158818
0.155765
0.132728
0.140811
0.14787
0.153539
0.157621
0.160106
0.161107
0.160864
0.159434
0.156188
0.130679
0.139736
0.147564
0.153825
0.158334
0.161117
0.162317
0.162192
0.160815
0.157574
0.129144
0.139397
0.148015
0.154844
0.159733
0.162785
0.164185
0.164216
0.162978
0.159922
0.12833
0.140362
0.149747
0.156984
0.162062
0.165244
0.16678
0.16696
0.165915
0.163188
0.132265
0.145577
0.154378
0.161062
0.16571
0.168669
0.170161
0.170425
0.169583
0.167279
0.142542
0.149964
0.156204
0.160945
0.164023
0.165439
0.165372
0.16419
0.162453
0.160836
0.139799
0.146659
0.152502
0.157066
0.160214
0.161951
0.162422
0.161922
0.160796
0.159212
0.138119
0.144892
0.150707
0.155307
0.158551
0.160434
0.161079
0.160742
0.159621
0.157516
0.136546
0.143507
0.149532
0.154333
0.157754
0.159776
0.160509
0.160187
0.158918
0.156258
0.134753
0.14214
0.148581
0.153742
0.157445
0.159666
0.16051
0.160206
0.158818
0.155765
0.132728
0.140811
0.14787
0.153539
0.157621
0.160106
0.161107
0.160864
0.159434
0.156188
0.130679
0.139736
0.147564
0.153825
0.158334
0.161117
0.162317
0.162192
0.160815
0.157574
0.129144
0.139397
0.148015
0.154844
0.159733
0.162785
0.164185
0.164216
0.162978
0.159922
0.12833
0.140362
0.149747
0.156984
0.162062
0.165244
0.16678
0.16696
0.165915
0.163188
0.132265
0.145577
0.154378
0.161062
0.16571
0.168669
0.170161
0.170425
0.169583
0.167279
0.142509
0.149918
0.156149
0.160886
0.163964
0.165385
0.165328
0.16416
0.162436
0.160837
0.139835
0.146702
0.152549
0.157115
0.160262
0.161994
0.162459
0.161948
0.160801
0.159234
0.138118
0.144887
0.150701
0.1553
0.158544
0.160429
0.161079
0.160743
0.159603
0.157548
0.136539
0.143495
0.149518
0.154318
0.15774
0.159766
0.160506
0.160186
0.15889
0.156299
0.134746
0.142129
0.148569
0.153731
0.157435
0.15966
0.160511
0.160207
0.158785
0.155811
0.132717
0.140799
0.147858
0.153527
0.157612
0.1601
0.161108
0.160865
0.159399
0.156236
0.130656
0.13972
0.14755
0.153812
0.158325
0.161112
0.162319
0.162193
0.160779
0.157623
0.129003
0.13934
0.147991
0.154829
0.159726
0.162781
0.164189
0.164218
0.162944
0.159968
0.128001
0.140345
0.14977
0.156992
0.162068
0.165248
0.166785
0.166963
0.165885
0.16323
0.132378
0.145952
0.154545
0.16111
0.165729
0.168676
0.170166
0.170427
0.169557
0.167314
0.166638
0.162086
0.164092
0.167688
0.17082
0.173066
0.174291
0.174544
0.173865
0.172069
0.177806
0.172491
0.172534
0.174403
0.176409
0.178019
0.17896
0.179176
0.17867
0.177311
0.183387
0.180248
0.179984
0.180955
0.182217
0.183332
0.184024
0.1842
0.183843
0.18287
0.188847
0.187143
0.186864
0.187354
0.188131
0.188879
0.18937
0.189508
0.189272
0.188618
0.194433
0.193544
0.193344
0.193598
0.194074
0.194566
0.194904
0.19501
0.194868
0.194465
0.200122
0.199698
0.199589
0.199728
0.200017
0.20033
0.200554
0.200632
0.20056
0.200349
0.205914
0.20576
0.205717
0.205792
0.205954
0.206135
0.206267
0.206316
0.206292
0.206227
0.211797
0.211819
0.211811
0.211831
0.21189
0.211956
0.212002
0.212013
0.212014
0.212063
0.2178
0.21793
0.217927
0.217881
0.21783
0.217776
0.217722
0.217676
0.217679
0.21781
0.22396
0.224151
0.224117
0.223973
0.223784
0.22358
0.223397
0.223264
0.223238
0.223419
0.230343
0.230544
0.230429
0.230138
0.229759
0.229355
0.228994
0.228732
0.228638
0.228827
0.237041
0.237175
0.236911
0.236402
0.235761
0.235088
0.234487
0.234037
0.233822
0.233956
0.244172
0.244115
0.243603
0.242784
0.241792
0.240766
0.239848
0.239144
0.238738
0.238722
0.251879
0.251422
0.250528
0.249289
0.247846
0.246379
0.245065
0.24403
0.243343
0.24304
0.260341
0.259106
0.257661
0.255884
0.253897
0.251916
0.250139
0.248701
0.24763
0.246841
0.269668
0.267136
0.264886
0.262461
0.259876
0.257359
0.255097
0.253206
0.25163
0.25011
0.279918
0.27518
0.271861
0.268754
0.265623
0.262664
0.259992
0.257656
0.255466
0.252894
0.290768
0.282477
0.27788
0.274241
0.270821
0.267719
0.264891
0.26224
0.259365
0.255365
0.30221
0.288042
0.281774
0.277976
0.274859
0.272261
0.269834
0.267222
0.263704
0.257871
0.313192
0.28829
0.280343
0.277791
0.276479
0.275722
0.274778
0.272945
0.269052
0.261015
0.167479
0.16223
0.164207
0.167756
0.170845
0.173078
0.174296
0.174546
0.173887
0.172043
0.177949
0.172428
0.172581
0.174448
0.176431
0.178032
0.178967
0.179181
0.178689
0.177292
0.183397
0.180178
0.179993
0.180975
0.182231
0.183343
0.184031
0.184205
0.183857
0.182858
0.188869
0.187113
0.186868
0.187365
0.18814
0.188888
0.189376
0.189513
0.189282
0.188611
0.194447
0.19353
0.193344
0.193603
0.19408
0.194572
0.194909
0.195013
0.194875
0.194461
0.200127
0.199691
0.199587
0.19973
0.20002
0.200334
0.200558
0.200635
0.200564
0.200348
0.205916
0.205758
0.205716
0.205793
0.205956
0.206138
0.20627
0.206318
0.206293
0.206227
0.211797
0.21182
0.21181
0.211831
0.21189
0.211958
0.212003
0.212014
0.212013
0.212064
0.217798
0.217933
0.217926
0.217881
0.21783
0.217777
0.217723
0.217677
0.217676
0.217813
0.223957
0.224155
0.224116
0.223973
0.223784
0.22358
0.223397
0.223264
0.223234
0.223423
0.230338
0.230549
0.230429
0.230137
0.229758
0.229355
0.228995
0.228732
0.228633
0.228831
0.237036
0.23718
0.23691
0.2364
0.23576
0.235088
0.234487
0.234038
0.233818
0.233961
0.244167
0.244116
0.243601
0.242782
0.241791
0.240765
0.239848
0.239145
0.238735
0.238727
0.251875
0.251416
0.250524
0.249286
0.247843
0.246378
0.245065
0.244032
0.243345
0.243044
0.26034
0.259087
0.257654
0.25588
0.253893
0.251914
0.250139
0.248704
0.247639
0.246842
0.269681
0.267098
0.264879
0.262458
0.259871
0.257357
0.255098
0.253211
0.251652
0.250105
0.279969
0.275111
0.271855
0.268753
0.265618
0.262662
0.259993
0.257664
0.255505
0.25288
0.290834
0.282303
0.277857
0.274238
0.270814
0.267718
0.264893
0.262253
0.25943
0.255336
0.302324
0.287718
0.28178
0.278019
0.274874
0.272274
0.269842
0.267243
0.263803
0.257822
0.314522
0.288398
0.280638
0.277975
0.276547
0.275756
0.274794
0.272975
0.269194
0.260939
0.167479
0.16223
0.164207
0.167756
0.170845
0.173078
0.174296
0.174546
0.173887
0.172043
0.177949
0.172428
0.172581
0.174448
0.176431
0.178032
0.178967
0.179181
0.178689
0.177292
0.183397
0.180178
0.179993
0.180975
0.182231
0.183343
0.184031
0.184205
0.183857
0.182858
0.188869
0.187113
0.186868
0.187365
0.18814
0.188888
0.189376
0.189513
0.189282
0.188611
0.194447
0.19353
0.193344
0.193603
0.19408
0.194572
0.194909
0.195013
0.194875
0.194461
0.200127
0.199691
0.199587
0.19973
0.20002
0.200334
0.200558
0.200635
0.200564
0.200348
0.205916
0.205758
0.205716
0.205793
0.205956
0.206138
0.20627
0.206318
0.206293
0.206227
0.211797
0.21182
0.21181
0.211831
0.21189
0.211958
0.212003
0.212014
0.212013
0.212064
0.217798
0.217933
0.217926
0.217881
0.21783
0.217777
0.217723
0.217677
0.217676
0.217813
0.223957
0.224155
0.224116
0.223973
0.223784
0.22358
0.223397
0.223264
0.223234
0.223423
0.230338
0.230549
0.230429
0.230137
0.229758
0.229355
0.228995
0.228732
0.228633
0.228831
0.237036
0.23718
0.23691
0.2364
0.23576
0.235088
0.234487
0.234038
0.233818
0.233961
0.244167
0.244116
0.243601
0.242782
0.241791
0.240765
0.239848
0.239145
0.238735
0.238727
0.251875
0.251416
0.250524
0.249286
0.247843
0.246378
0.245065
0.244032
0.243345
0.243044
0.26034
0.259087
0.257654
0.25588
0.253893
0.251914
0.250139
0.248704
0.247639
0.246842
0.269681
0.267098
0.264879
0.262458
0.259871
0.257357
0.255098
0.253211
0.251652
0.250105
0.279969
0.275111
0.271855
0.268753
0.265618
0.262662
0.259993
0.257664
0.255505
0.25288
0.290834
0.282303
0.277857
0.274238
0.270814
0.267718
0.264893
0.262253
0.25943
0.255336
0.302324
0.287718
0.28178
0.278019
0.274874
0.272274
0.269842
0.267243
0.263803
0.257822
0.314522
0.288398
0.280638
0.277975
0.276547
0.275756
0.274794
0.272975
0.269194
0.260939
0.166638
0.162086
0.164092
0.167688
0.17082
0.173066
0.174291
0.174544
0.173865
0.172069
0.177806
0.172491
0.172534
0.174403
0.176409
0.178019
0.17896
0.179176
0.17867
0.177311
0.183387
0.180248
0.179984
0.180955
0.182217
0.183332
0.184024
0.1842
0.183843
0.18287
0.188847
0.187143
0.186864
0.187354
0.188131
0.188879
0.18937
0.189508
0.189272
0.188618
0.194433
0.193544
0.193344
0.193598
0.194074
0.194566
0.194904
0.19501
0.194868
0.194465
0.200122
0.199698
0.199589
0.199728
0.200017
0.20033
0.200554
0.200632
0.20056
0.200349
0.205914
0.20576
0.205717
0.205792
0.205954
0.206135
0.206267
0.206316
0.206292
0.206227
0.211797
0.211819
0.211811
0.211831
0.21189
0.211956
0.212002
0.212013
0.212014
0.212063
0.2178
0.21793
0.217927
0.217881
0.21783
0.217776
0.217722
0.217676
0.217679
0.21781
0.22396
0.224151
0.224117
0.223973
0.223784
0.22358
0.223397
0.223264
0.223238
0.223419
0.230343
0.230544
0.230429
0.230138
0.229759
0.229355
0.228994
0.228732
0.228638
0.228827
0.237041
0.237175
0.236911
0.236402
0.235761
0.235088
0.234487
0.234037
0.233822
0.233956
0.244172
0.244115
0.243603
0.242784
0.241792
0.240766
0.239848
0.239144
0.238738
0.238722
0.251879
0.251422
0.250528
0.249289
0.247846
0.246379
0.245065
0.24403
0.243343
0.24304
0.260341
0.259106
0.257661
0.255884
0.253897
0.251916
0.250139
0.248701
0.24763
0.246841
0.269668
0.267136
0.264886
0.262461
0.259876
0.257359
0.255097
0.253206
0.25163
0.25011
0.279918
0.27518
0.271861
0.268754
0.265623
0.262664
0.259992
0.257656
0.255466
0.252894
0.290768
0.282477
0.27788
0.274241
0.270821
0.267719
0.264891
0.26224
0.259365
0.255365
0.30221
0.288042
0.281774
0.277976
0.274859
0.272261
0.269834
0.267222
0.263704
0.257871
0.313192
0.28829
0.280343
0.277791
0.276479
0.275722
0.274778
0.272945
0.269052
0.261015
0.252764
0.261372
0.266596
0.270694
0.274255
0.277503
0.279718
0.2799
0.276261
0.265789
0.22364
0.239443
0.250665
0.260214
0.269299
0.277955
0.285037
0.288877
0.2866
0.273762
0.20616
0.221482
0.234842
0.248345
0.262814
0.277792
0.291447
0.301034
0.301906
0.287393
0.192652
0.206489
0.220689
0.237122
0.25657
0.278404
0.300261
0.318134
0.324873
0.310626
0.182827
0.195488
0.210172
0.228946
0.252958
0.281928
0.313528
0.342755
0.35948
0.349923
0.176936
0.18929
0.204811
0.225913
0.254377
0.290782
0.333725
0.378185
0.411311
0.41539
0.17479
0.187893
0.205009
0.228926
0.262187
0.30666
0.36291
0.427631
0.486866
0.521343
0.175501
0.190086
0.209364
0.236515
0.274995
0.328441
0.400517
0.491303
0.591086
0.694949
0.177442
0.193146
0.213863
0.243062
0.285162
0.346056
0.434053
0.557381
0.726221
1.00608
0.178793
0.194005
0.213534
0.240754
0.280354
0.339686
0.43274
0.587039
0.873404
1.49052
0.253104
0.260909
0.266469
0.270684
0.274253
0.277511
0.279722
0.279933
0.276457
0.265676
0.224059
0.239368
0.250599
0.26018
0.269277
0.277949
0.285029
0.288914
0.286863
0.273609
0.206415
0.2215
0.234809
0.248304
0.262773
0.277765
0.291416
0.301067
0.302246
0.287198
0.192741
0.206474
0.220636
0.237054
0.256496
0.278337
0.300186
0.31815
0.325283
0.310388
0.182853
0.195455
0.210102
0.228848
0.252844
0.281805
0.313389
0.342731
0.359913
0.349669
0.176944
0.189253
0.204731
0.225793
0.254218
0.290582
0.333483
0.378067
0.411666
0.415343
0.174805
0.187871
0.204941
0.228803
0.26199
0.306347
0.362479
0.427296
0.486843
0.521833
0.175544
0.19012
0.209385
0.236516
0.274942
0.32824
0.400139
0.490954
0.58979
0.694632
0.17751
0.193259
0.214047
0.243352
0.285592
0.346616
0.434796
0.557983
0.72299
1.00379
0.178844
0.194044
0.213553
0.240757
0.280366
0.33976
0.433097
0.587473
0.869715
1.49978
0.253104
0.260909
0.266469
0.270684
0.274253
0.277511
0.279722
0.279933
0.276457
0.265676
0.224059
0.239368
0.250599
0.26018
0.269277
0.277949
0.285029
0.288914
0.286863
0.273609
0.206415
0.2215
0.234809
0.248304
0.262773
0.277765
0.291416
0.301067
0.302246
0.287198
0.192741
0.206474
0.220636
0.237054
0.256496
0.278337
0.300186
0.31815
0.325283
0.310388
0.182853
0.195455
0.210102
0.228848
0.252844
0.281805
0.313389
0.342731
0.359913
0.349669
0.176944
0.189253
0.204731
0.225793
0.254218
0.290582
0.333483
0.378067
0.411666
0.415343
0.174805
0.187871
0.204941
0.228803
0.26199
0.306347
0.362479
0.427296
0.486843
0.521833
0.175544
0.19012
0.209385
0.236516
0.274942
0.32824
0.400139
0.490954
0.58979
0.694632
0.17751
0.193259
0.214047
0.243352
0.285592
0.346616
0.434796
0.557983
0.72299
1.00379
0.178844
0.194044
0.213553
0.240757
0.280366
0.33976
0.433097
0.587473
0.869715
1.49978
0.252764
0.261372
0.266596
0.270694
0.274255
0.277503
0.279718
0.2799
0.276261
0.265789
0.22364
0.239443
0.250665
0.260214
0.269299
0.277955
0.285037
0.288877
0.2866
0.273762
0.20616
0.221482
0.234842
0.248345
0.262814
0.277792
0.291447
0.301034
0.301906
0.287393
0.192652
0.206489
0.220689
0.237122
0.25657
0.278404
0.300261
0.318134
0.324873
0.310626
0.182827
0.195488
0.210172
0.228945
0.252958
0.281928
0.313528
0.342755
0.35948
0.349923
0.176936
0.18929
0.204811
0.225913
0.254377
0.290782
0.333725
0.378185
0.411311
0.41539
0.17479
0.187893
0.205009
0.228926
0.262187
0.30666
0.36291
0.427631
0.486866
0.521343
0.175501
0.190086
0.209364
0.236515
0.274995
0.328441
0.400517
0.491303
0.591086
0.694949
0.177442
0.193146
0.213863
0.243062
0.285162
0.346056
0.434053
0.557381
0.726221
1.00608
0.178793
0.194005
0.213534
0.240754
0.280354
0.339686
0.43274
0.587039
0.873404
1.49052
-0.153777
-0.133107
-0.115061
-0.098419
-0.081801
-0.0650001
-0.0480078
-0.030859
-0.0136141
0.00365566
0.0208741
0.0379692
0.0548751
0.071543
0.0879999
0.104434
0.121328
0.139723
0.162919
0.200682
-0.13981
-0.126326
-0.111804
-0.0965521
-0.0806206
-0.0642195
-0.0474839
-0.0305107
-0.0133843
0.00382081
0.0210393
0.0382129
0.0553021
0.0723101
0.0893092
0.106506
0.124296
0.143303
0.165036
0.19294
-0.136597
-0.124604
-0.110904
-0.096046
-0.0803499
-0.0640805
-0.0474107
-0.0304628
-0.0133306
0.00391104
0.0212015
0.0384917
0.0557485
0.0729653
0.0901809
0.107512
0.125171
0.143452
0.162908
0.184442
-0.137785
-0.125485
-0.111608
-0.0966167
-0.0808176
-0.0644516
-0.047688
-0.0306473
-0.0134174
0.00393509
0.021357
0.0388031
0.0562333
0.0736121
0.0909121
0.108122
0.125242
0.142273
0.159272
0.17634
-0.140477
-0.127502
-0.113137
-0.0977662
-0.0816749
-0.0650794
-0.0481315
-0.0309362
-0.0135666
0.00392372
0.0214909
0.0390915
0.056673
0.0741645
0.0914672
0.108456
0.124949
0.140749
0.155682
0.169709
-0.142902
-0.129311
-0.114479
-0.0987473
-0.0823808
-0.0655757
-0.0484658
-0.0311401
-0.0136579
0.00393783
0.0216091
0.0393102
0.0569745
0.0744976
0.0917205
0.108464
0.124401
0.139275
0.152871
0.165249
-0.143398
-0.12957
-0.114604
-0.0987943
-0.0823824
-0.0655494
-0.0484201
-0.0310772
-0.0135764
0.00404084
0.0217341
0.0394506
0.0571094
0.0745852
0.0916925
0.108188
0.123768
0.138154
0.151207
0.163143
-0.141091
-0.127621
-0.113039
-0.09758
-0.0814624
-0.0648627
-0.0479113
-0.0307007
-0.0132975
0.00424575
0.0218773
0.0395319
0.0571165
0.0744945
0.0914746
0.107813
0.123241
0.137538
0.15067
0.162997
-0.135991
-0.123655
-0.110051
-0.0953832
-0.0798791
-0.0637388
-0.0471231
-0.0301549
-0.012927
0.00448661
0.0220189
0.0395891
0.0570949
0.0743985
0.0913156
0.107622
0.123087
0.137546
0.151035
0.163984
-0.12773
-0.117691
-0.105845
-0.0924805
-0.0779128
-0.0624288
-0.0462644
-0.0296023
-0.0125799
0.00469651
0.0221368
0.0396587
0.0571591
0.0745026
0.091515
0.107984
0.123683
0.138437
0.152235
0.165399
-0.15416
-0.13299
-0.115047
-0.0984413
-0.0818138
-0.0650077
-0.0480131
-0.0308623
-0.0136159
0.00365529
0.0208747
0.03797
0.054875
0.0715401
0.0879902
0.104413
0.121305
0.139674
0.162588
0.200083
-0.139753
-0.126156
-0.111726
-0.0965152
-0.0805942
-0.064201
-0.0474713
-0.0305022
-0.0133787
0.00382422
0.0210417
0.0382158
0.0553074
0.072321
0.0893284
0.106538
0.124356
0.143375
0.164935
0.192683
-0.136658
-0.124579
-0.11088
-0.0960277
-0.0803351
-0.0640698
-0.0474034
-0.0304577
-0.0133271
0.00391343
0.021203
0.0384927
0.0557492
0.0729657
0.0901796
0.107507
0.125165
0.143433
0.162817
0.184357
-0.137831
-0.125484
-0.111599
-0.0966073
-0.0808092
-0.064445
-0.0476833
-0.0306439
-0.013415
0.00393674
0.0213581
0.0388039
0.0562338
0.0736118
0.0909098
0.108116
0.125231
0.142251
0.159221
0.17631
-0.140504
-0.12751
-0.113139
-0.0977662
-0.0816739
-0.0650782
-0.0481307
-0.0309356
-0.0135663
0.00392397
0.0214912
0.0390919
0.0566737
0.0741656
0.0914682
0.108455
0.124947
0.140742
0.155666
0.169704
-0.14294
-0.129336
-0.114497
-0.0987595
-0.0823892
-0.0655815
-0.04847
-0.0311431
-0.0136601
0.0039363
0.0216082
0.0393098
0.0569747
0.074499
0.0917232
0.108464
0.124403
0.139277
0.152872
0.165255
-0.14344
-0.129601
-0.114627
-0.0988112
-0.0823945
-0.0655581
-0.0484262
-0.0310816
-0.0135796
0.00403841
0.0217323
0.0394493
0.0571089
0.0745858
0.0916948
0.108192
0.123775
0.138166
0.151223
0.163162
-0.141127
-0.127646
-0.113056
-0.0975904
-0.0814689
-0.0648666
-0.0479137
-0.0307023
-0.0132987
0.00424437
0.0218756
0.0395298
0.0571143
0.0744929
0.0914747
0.107817
0.123251
0.137557
0.150699
0.163036
-0.136091
-0.123718
-0.110088
-0.095404
-0.0798899
-0.0637437
-0.0471249
-0.0301553
-0.0129271
0.00448596
0.0220172
0.0395858
0.0570899
0.074392
0.0913084
0.107617
0.123086
0.137554
0.151059
0.164027
-0.127672
-0.117652
-0.105818
-0.0924625
-0.0779008
-0.0624212
-0.0462599
-0.0296001
-0.0125794
0.00469604
0.0221358
0.0396578
0.0571592
0.0745054
0.091523
0.108
0.12371
0.138477
0.152286
0.165455
-0.15416
-0.13299
-0.115047
-0.0984413
-0.0818138
-0.0650077
-0.0480131
-0.0308623
-0.0136159
0.00365529
0.0208747
0.03797
0.054875
0.0715401
0.0879902
0.104413
0.121305
0.139674
0.162588
0.200083
-0.139753
-0.126156
-0.111726
-0.0965152
-0.0805942
-0.064201
-0.0474713
-0.0305022
-0.0133787
0.00382422
0.0210417
0.0382158
0.0553074
0.072321
0.0893284
0.106538
0.124356
0.143375
0.164935
0.192683
-0.136658
-0.124579
-0.11088
-0.0960277
-0.0803351
-0.0640698
-0.0474034
-0.0304577
-0.0133271
0.00391343
0.021203
0.0384927
0.0557492
0.0729657
0.0901796
0.107507
0.125165
0.143433
0.162817
0.184357
-0.137831
-0.125484
-0.111599
-0.0966073
-0.0808092
-0.064445
-0.0476833
-0.0306439
-0.013415
0.00393674
0.0213581
0.0388039
0.0562338
0.0736118
0.0909098
0.108116
0.125231
0.142251
0.159221
0.17631
-0.140504
-0.12751
-0.113139
-0.0977662
-0.0816739
-0.0650782
-0.0481307
-0.0309356
-0.0135663
0.00392397
0.0214912
0.0390919
0.0566737
0.0741656
0.0914682
0.108455
0.124947
0.140742
0.155666
0.169704
-0.14294
-0.129336
-0.114497
-0.0987595
-0.0823892
-0.0655815
-0.04847
-0.0311431
-0.0136601
0.0039363
0.0216082
0.0393098
0.0569747
0.074499
0.0917232
0.108464
0.124403
0.139277
0.152872
0.165255
-0.14344
-0.129601
-0.114627
-0.0988112
-0.0823945
-0.0655581
-0.0484262
-0.0310816
-0.0135796
0.00403841
0.0217323
0.0394493
0.0571089
0.0745858
0.0916948
0.108192
0.123775
0.138166
0.151223
0.163162
-0.141127
-0.127646
-0.113056
-0.0975904
-0.0814689
-0.0648666
-0.0479137
-0.0307023
-0.0132987
0.00424437
0.0218756
0.0395298
0.0571143
0.0744929
0.0914747
0.107817
0.123251
0.137557
0.150699
0.163036
-0.136091
-0.123718
-0.110088
-0.095404
-0.0798899
-0.0637437
-0.0471249
-0.0301553
-0.0129271
0.00448596
0.0220172
0.0395858
0.0570899
0.074392
0.0913083
0.107617
0.123086
0.137554
0.151059
0.164027
-0.127672
-0.117652
-0.105818
-0.0924625
-0.0779008
-0.0624212
-0.0462599
-0.0296001
-0.0125794
0.00469604
0.0221358
0.0396578
0.0571592
0.0745054
0.091523
0.108
0.12371
0.138477
0.152286
0.165455
-0.153777
-0.133107
-0.115061
-0.098419
-0.081801
-0.0650001
-0.0480078
-0.030859
-0.0136141
0.00365566
0.0208741
0.0379692
0.0548751
0.071543
0.0879999
0.104434
0.121328
0.139723
0.162919
0.200682
-0.13981
-0.126326
-0.111804
-0.0965521
-0.0806206
-0.0642195
-0.0474839
-0.0305107
-0.0133843
0.0038208
0.0210393
0.0382129
0.0553021
0.0723101
0.0893091
0.106506
0.124296
0.143303
0.165036
0.19294
-0.136597
-0.124604
-0.110904
-0.096046
-0.08035
-0.0640805
-0.0474107
-0.0304628
-0.0133306
0.00391103
0.0212015
0.0384917
0.0557485
0.0729653
0.0901809
0.107512
0.125171
0.143452
0.162908
0.184442
-0.137785
-0.125485
-0.111608
-0.0966167
-0.0808176
-0.0644516
-0.047688
-0.0306473
-0.0134174
0.00393509
0.021357
0.0388031
0.0562333
0.0736121
0.0909121
0.108122
0.125242
0.142273
0.159272
0.17634
-0.140477
-0.127502
-0.113137
-0.0977662
-0.0816749
-0.0650794
-0.0481315
-0.0309362
-0.0135666
0.00392371
0.0214909
0.0390915
0.0566729
0.0741645
0.0914672
0.108456
0.124949
0.140749
0.155682
0.169709
-0.142902
-0.129311
-0.114479
-0.0987473
-0.0823808
-0.0655757
-0.0484658
-0.0311401
-0.0136579
0.00393783
0.0216091
0.0393102
0.0569745
0.0744976
0.0917205
0.108464
0.124401
0.139275
0.152871
0.165249
-0.143398
-0.12957
-0.114604
-0.0987943
-0.0823824
-0.0655494
-0.0484201
-0.0310772
-0.0135764
0.00404084
0.0217341
0.0394506
0.0571095
0.0745852
0.0916925
0.108188
0.123768
0.138154
0.151207
0.163143
-0.141091
-0.127621
-0.113039
-0.09758
-0.0814624
-0.0648627
-0.0479113
-0.0307007
-0.0132975
0.00424575
0.0218773
0.0395319
0.0571165
0.0744945
0.0914746
0.107813
0.123241
0.137538
0.15067
0.162997
-0.135991
-0.123655
-0.110051
-0.0953832
-0.0798791
-0.0637388
-0.0471231
-0.0301549
-0.012927
0.00448661
0.0220189
0.0395891
0.0570949
0.0743985
0.0913156
0.107622
0.123087
0.137546
0.151035
0.163984
-0.12773
-0.117691
-0.105845
-0.0924805
-0.0779128
-0.0624288
-0.0462644
-0.0296023
-0.0125799
0.00469651
0.0221368
0.0396587
0.0571591
0.0745026
0.091515
0.107984
0.123683
0.138437
0.152235
0.165399
-0.157213
-0.159933
-0.160383
-0.159309
-0.157243
-0.154652
-0.152096
-0.150135
-0.150417
-0.156479
-0.164639
-0.168443
-0.168826
-0.167094
-0.16408
-0.16031
-0.15626
-0.152236
-0.148767
-0.146435
-0.173824
-0.178878
-0.178931
-0.176216
-0.172072
-0.167152
-0.161898
-0.156475
-0.150937
-0.145051
-0.186092
-0.192348
-0.191437
-0.18711
-0.181454
-0.175272
-0.168936
-0.162428
-0.155497
-0.147657
-0.203746
-0.210459
-0.207157
-0.200001
-0.192044
-0.184171
-0.176579
-0.168979
-0.16084
-0.151555
-0.2312
-0.235542
-0.226749
-0.214594
-0.202994
-0.192644
-0.183378
-0.174528
-0.165272
-0.154888
-0.277346
-0.270851
-0.250367
-0.22971
-0.21251
-0.198656
-0.18727
-0.177071
-0.166892
-0.155829
-0.36127
-0.319143
-0.276768
-0.242979
-0.21789
-0.199722
-0.186143
-0.174935
-0.164375
-0.153297
-0.538238
-0.375423
-0.293501
-0.243985
-0.21145
-0.190605
-0.176775
-0.166303
-0.156839
-0.146977
-0.923244
-0.430245
-0.263136
-0.205286
-0.175747
-0.160289
-0.15235
-0.147156
-0.142083
-0.135812
-0.157183
-0.159994
-0.160397
-0.159311
-0.157242
-0.154649
-0.152107
-0.150132
-0.150246
-0.156613
-0.164593
-0.168529
-0.168836
-0.167081
-0.164061
-0.160281
-0.156225
-0.152166
-0.14857
-0.146295
-0.173761
-0.178999
-0.178932
-0.176185
-0.17204
-0.167116
-0.161862
-0.156435
-0.15088
-0.145071
-0.186013
-0.192512
-0.191419
-0.187053
-0.181405
-0.175228
-0.168902
-0.162402
-0.155478
-0.147686
-0.203659
-0.210661
-0.207098
-0.199909
-0.191981
-0.184125
-0.176551
-0.168967
-0.16084
-0.151576
-0.231162
-0.235719
-0.226598
-0.214458
-0.202922
-0.192608
-0.18337
-0.174541
-0.1653
-0.154926
-0.277585
-0.270789
-0.249989
-0.229474
-0.212399
-0.198611
-0.187263
-0.177093
-0.16693
-0.155874
-0.3616
-0.318404
-0.276347
-0.242868
-0.217882
-0.199757
-0.186196
-0.174992
-0.164428
-0.153343
-0.536124
-0.372968
-0.294257
-0.245101
-0.212219
-0.191173
-0.177204
-0.166613
-0.157057
-0.147127
-0.931161
-0.425969
-0.262909
-0.205481
-0.175388
-0.159924
-0.152107
-0.146986
-0.14196
-0.135726
-0.157183
-0.159994
-0.160397
-0.159311
-0.157242
-0.154649
-0.152107
-0.150132
-0.150246
-0.156613
-0.164593
-0.168529
-0.168836
-0.167081
-0.164061
-0.160281
-0.156225
-0.152166
-0.14857
-0.146295
-0.173761
-0.178999
-0.178932
-0.176185
-0.17204
-0.167116
-0.161862
-0.156435
-0.15088
-0.145071
-0.186013
-0.192512
-0.191419
-0.187053
-0.181405
-0.175228
-0.168902
-0.162402
-0.155478
-0.147686
-0.203659
-0.210661
-0.207098
-0.199909
-0.191981
-0.184125
-0.176551
-0.168967
-0.16084
-0.151576
-0.231162
-0.235719
-0.226598
-0.214458
-0.202922
-0.192608
-0.18337
-0.174541
-0.1653
-0.154926
-0.277585
-0.270789
-0.249989
-0.229474
-0.212399
-0.198611
-0.187263
-0.177093
-0.16693
-0.155874
-0.3616
-0.318404
-0.276347
-0.242868
-0.217882
-0.199757
-0.186196
-0.174992
-0.164428
-0.153343
-0.536124
-0.372968
-0.294257
-0.245101
-0.212219
-0.191173
-0.177204
-0.166613
-0.157057
-0.147127
-0.931161
-0.425969
-0.262909
-0.205481
-0.175388
-0.159924
-0.152107
-0.146986
-0.14196
-0.135726
-0.157213
-0.159933
-0.160383
-0.159309
-0.157243
-0.154652
-0.152096
-0.150135
-0.150417
-0.156479
-0.164639
-0.168443
-0.168826
-0.167094
-0.16408
-0.16031
-0.15626
-0.152236
-0.148767
-0.146435
-0.173824
-0.178878
-0.178931
-0.176216
-0.172072
-0.167152
-0.161898
-0.156475
-0.150937
-0.145051
-0.186092
-0.192348
-0.191437
-0.18711
-0.181454
-0.175272
-0.168936
-0.162428
-0.155497
-0.147657
-0.203746
-0.210459
-0.207157
-0.200001
-0.192044
-0.184171
-0.176579
-0.168979
-0.16084
-0.151555
-0.2312
-0.235542
-0.226749
-0.214594
-0.202994
-0.192644
-0.183378
-0.174528
-0.165272
-0.154888
-0.277346
-0.270851
-0.250367
-0.22971
-0.21251
-0.198656
-0.18727
-0.177071
-0.166892
-0.155829
-0.36127
-0.319143
-0.276768
-0.242979
-0.21789
-0.199722
-0.186143
-0.174935
-0.164375
-0.153297
-0.538238
-0.375423
-0.293501
-0.243985
-0.21145
-0.190605
-0.176775
-0.166303
-0.156839
-0.146977
-0.923244
-0.430245
-0.263136
-0.205286
-0.175747
-0.160289
-0.15235
-0.147156
-0.142083
-0.135812
-0.0264709
-0.0285211
-0.0300771
-0.0317685
-0.0339079
-0.0366087
-0.0398973
-0.0437886
-0.050139
-0.0640586
-0.0349471
-0.0363663
-0.0376818
-0.0393127
-0.0414722
-0.0442322
-0.0475816
-0.0513884
-0.0564449
-0.0655856
-0.0433637
-0.0442182
-0.045245
-0.0466668
-0.0485841
-0.0509877
-0.0537771
-0.0567139
-0.0598643
-0.0643164
-0.0514812
-0.0518829
-0.0526202
-0.0537591
-0.0553136
-0.0572214
-0.0593404
-0.0614336
-0.0633202
-0.0653221
-0.0591803
-0.059262
-0.0597421
-0.0605864
-0.0617545
-0.0631633
-0.0646672
-0.06607
-0.0671664
-0.0677952
-0.0664433
-0.0663235
-0.0665985
-0.0671784
-0.0679966
-0.0689699
-0.069971
-0.07085
-0.0714208
-0.0714411
-0.073309
-0.0730841
-0.0732103
-0.0735756
-0.0741077
-0.0747361
-0.0753623
-0.075878
-0.0761335
-0.0759045
-0.0798458
-0.0795856
-0.0796139
-0.0798191
-0.0801351
-0.0805091
-0.0808711
-0.0811477
-0.0812265
-0.0809227
-0.0861298
-0.0858793
-0.0858507
-0.0859453
-0.0861088
-0.0863055
-0.0864903
-0.0866167
-0.0866039
-0.086309
-0.0922313
-0.0920164
-0.0919612
-0.0919851
-0.0920474
-0.0921272
-0.0921993
-0.092237
-0.092184
-0.0919336
-0.0982087
-0.0980421
-0.0979813
-0.0979643
-0.0979631
-0.0979696
-0.0979743
-0.0979648
-0.0979022
-0.0977079
-0.104106
-0.103994
-0.103942
-0.103904
-0.103864
-0.103826
-0.103793
-0.103764
-0.103711
-0.103573
-0.109954
-0.109902
-0.109868
-0.109822
-0.109756
-0.109688
-0.109635
-0.109605
-0.109576
-0.109494
-0.11577
-0.11579
-0.115783
-0.115732
-0.115643
-0.115546
-0.115481
-0.115464
-0.115477
-0.115456
-0.121565
-0.121678
-0.121707
-0.12165
-0.121527
-0.121391
-0.121308
-0.121317
-0.121408
-0.121474
-0.127343
-0.12759
-0.127668
-0.127593
-0.127408
-0.127202
-0.127089
-0.127144
-0.127358
-0.127608
-0.133108
-0.133558
-0.1337
-0.133584
-0.133287
-0.132953
-0.132771
-0.132885
-0.133315
-0.133996
-0.138879
-0.139637
-0.13986
-0.139659
-0.139169
-0.138605
-0.138273
-0.138421
-0.139186
-0.141052
-0.14471
-0.145924
-0.146241
-0.145883
-0.145072
-0.144124
-0.143494
-0.143599
-0.145061
-0.150511
-0.150733
-0.152591
-0.152997
-0.152368
-0.151055
-0.149479
-0.148241
-0.148036
-0.150895
-0.163405
-0.0264517
-0.0285518
-0.0300822
-0.0317737
-0.0339227
-0.0366465
-0.040001
-0.0439543
-0.0503179
-0.0651246
-0.0349391
-0.0363886
-0.0376879
-0.0393186
-0.0414826
-0.04425
-0.0476247
-0.0514264
-0.0563243
-0.0656472
-0.0433631
-0.0442314
-0.0452494
-0.0466698
-0.0485871
-0.0509893
-0.0537825
-0.0567085
-0.0597756
-0.0642852
-0.0514849
-0.0518886
-0.0526231
-0.0537607
-0.0553144
-0.057221
-0.0593414
-0.061435
-0.063301
-0.0653315
-0.0591862
-0.0592622
-0.0597436
-0.0605872
-0.0617544
-0.0631627
-0.0646662
-0.0660695
-0.0671653
-0.0677978
-0.0664497
-0.0663202
-0.066599
-0.0671786
-0.0679958
-0.0689687
-0.0699692
-0.0708484
-0.071425
-0.0714367
-0.073315
-0.0730791
-0.0732102
-0.0735755
-0.0741068
-0.0747352
-0.0753609
-0.0758775
-0.076141
-0.0758988
-0.0798508
-0.0795803
-0.0796135
-0.079819
-0.0801345
-0.0805085
-0.0808701
-0.0811479
-0.0812344
-0.0809176
-0.0861338
-0.0858744
-0.0858503
-0.0859452
-0.0861083
-0.0863052
-0.0864897
-0.0866171
-0.0866107
-0.0863048
-0.0922343
-0.0920123
-0.0919608
-0.0919851
-0.0920471
-0.092127
-0.0921989
-0.0922374
-0.0921893
-0.0919305
-0.0982108
-0.0980391
-0.0979812
-0.0979645
-0.097963
-0.0979694
-0.0979739
-0.0979651
-0.0979062
-0.0977057
-0.104107
-0.103992
-0.103942
-0.103904
-0.103864
-0.103825
-0.103792
-0.103764
-0.103713
-0.103572
-0.109955
-0.109901
-0.109869
-0.109822
-0.109756
-0.109687
-0.109634
-0.109604
-0.109577
-0.109493
-0.115771
-0.115791
-0.115784
-0.115733
-0.115644
-0.115546
-0.115479
-0.115462
-0.115477
-0.115456
-0.121565
-0.121681
-0.12171
-0.121652
-0.121527
-0.12139
-0.121306
-0.121315
-0.121405
-0.121473
-0.127342
-0.127596
-0.127672
-0.127596
-0.12741
-0.127201
-0.127085
-0.127139
-0.127352
-0.127611
-0.133106
-0.133568
-0.133706
-0.133589
-0.133291
-0.132953
-0.132767
-0.132878
-0.133303
-0.134007
-0.138874
-0.139654
-0.139869
-0.139666
-0.139174
-0.138606
-0.13827
-0.138411
-0.13914
-0.141013
-0.144701
-0.145952
-0.146253
-0.145892
-0.14508
-0.144129
-0.143501
-0.143597
-0.144934
-0.150362
-0.150716
-0.152633
-0.153012
-0.152378
-0.151067
-0.149497
-0.148293
-0.148126
-0.150907
-0.16385
-0.0264517
-0.0285518
-0.0300822
-0.0317737
-0.0339227
-0.0366465
-0.040001
-0.0439543
-0.0503179
-0.0651246
-0.0349391
-0.0363886
-0.0376878
-0.0393186
-0.0414826
-0.04425
-0.0476247
-0.0514264
-0.0563243
-0.0656472
-0.0433631
-0.0442314
-0.0452494
-0.0466698
-0.0485871
-0.0509893
-0.0537825
-0.0567085
-0.0597756
-0.0642852
-0.0514849
-0.0518886
-0.0526231
-0.0537607
-0.0553143
-0.057221
-0.0593414
-0.061435
-0.063301
-0.0653314
-0.0591862
-0.0592621
-0.0597436
-0.0605872
-0.0617544
-0.0631627
-0.0646662
-0.0660694
-0.0671653
-0.0677978
-0.0664497
-0.0663202
-0.066599
-0.0671786
-0.0679958
-0.0689687
-0.0699692
-0.0708484
-0.071425
-0.0714367
-0.0733149
-0.0730791
-0.0732102
-0.0735755
-0.0741068
-0.0747352
-0.0753609
-0.0758775
-0.076141
-0.0758988
-0.0798508
-0.0795802
-0.0796135
-0.079819
-0.0801345
-0.0805085
-0.0808701
-0.0811479
-0.0812344
-0.0809175
-0.0861338
-0.0858744
-0.0858503
-0.0859452
-0.0861083
-0.0863052
-0.0864897
-0.0866171
-0.0866107
-0.0863048
-0.0922343
-0.0920123
-0.0919608
-0.0919851
-0.0920471
-0.092127
-0.0921989
-0.0922374
-0.0921893
-0.0919305
-0.0982108
-0.0980391
-0.0979812
-0.0979645
-0.097963
-0.0979694
-0.0979739
-0.097965
-0.0979062
-0.0977057
-0.104107
-0.103992
-0.103942
-0.103904
-0.103864
-0.103825
-0.103792
-0.103764
-0.103713
-0.103572
-0.109955
-0.109901
-0.109869
-0.109822
-0.109756
-0.109687
-0.109634
-0.109604
-0.109577
-0.109493
-0.115771
-0.115791
-0.115784
-0.115733
-0.115644
-0.115546
-0.115479
-0.115462
-0.115477
-0.115456
-0.121565
-0.121681
-0.12171
-0.121652
-0.121527
-0.12139
-0.121306
-0.121315
-0.121405
-0.121473
-0.127342
-0.127596
-0.127672
-0.127596
-0.12741
-0.127201
-0.127085
-0.127139
-0.127352
-0.127611
-0.133106
-0.133568
-0.133706
-0.133589
-0.133291
-0.132953
-0.132767
-0.132878
-0.133303
-0.134007
-0.138874
-0.139654
-0.139869
-0.139666
-0.139174
-0.138606
-0.13827
-0.138411
-0.13914
-0.141013
-0.144701
-0.145952
-0.146253
-0.145892
-0.14508
-0.144129
-0.143501
-0.143597
-0.144934
-0.150362
-0.150716
-0.152633
-0.153012
-0.152378
-0.151067
-0.149497
-0.148293
-0.148126
-0.150907
-0.16385
-0.0264709
-0.028521
-0.0300771
-0.0317685
-0.0339078
-0.0366087
-0.0398973
-0.0437885
-0.050139
-0.0640586
-0.0349471
-0.0363663
-0.0376817
-0.0393127
-0.0414722
-0.0442321
-0.0475816
-0.0513884
-0.0564448
-0.0655856
-0.0433636
-0.0442182
-0.045245
-0.0466667
-0.0485841
-0.0509877
-0.0537771
-0.0567139
-0.0598643
-0.0643164
-0.0514812
-0.0518829
-0.0526202
-0.0537591
-0.0553136
-0.0572213
-0.0593404
-0.0614336
-0.0633202
-0.065322
-0.0591803
-0.059262
-0.059742
-0.0605864
-0.0617544
-0.0631633
-0.0646672
-0.06607
-0.0671664
-0.0677952
-0.0664433
-0.0663235
-0.0665985
-0.0671784
-0.0679966
-0.0689698
-0.069971
-0.07085
-0.0714208
-0.0714411
-0.073309
-0.0730841
-0.0732103
-0.0735756
-0.0741076
-0.0747361
-0.0753623
-0.075878
-0.0761335
-0.0759045
-0.0798458
-0.0795856
-0.0796139
-0.0798191
-0.0801351
-0.0805091
-0.080871
-0.0811477
-0.0812265
-0.0809227
-0.0861297
-0.0858793
-0.0858507
-0.0859453
-0.0861088
-0.0863055
-0.0864902
-0.0866167
-0.0866039
-0.086309
-0.0922313
-0.0920164
-0.0919612
-0.0919851
-0.0920473
-0.0921272
-0.0921993
-0.092237
-0.092184
-0.0919336
-0.0982086
-0.0980421
-0.0979813
-0.0979643
-0.0979631
-0.0979696
-0.0979743
-0.0979648
-0.0979022
-0.0977079
-0.104106
-0.103994
-0.103942
-0.103904
-0.103864
-0.103826
-0.103793
-0.103764
-0.103711
-0.103573
-0.109954
-0.109902
-0.109868
-0.109822
-0.109756
-0.109688
-0.109635
-0.109605
-0.109576
-0.109494
-0.11577
-0.11579
-0.115783
-0.115732
-0.115643
-0.115546
-0.115481
-0.115464
-0.115477
-0.115456
-0.121565
-0.121678
-0.121707
-0.12165
-0.121527
-0.121391
-0.121308
-0.121317
-0.121408
-0.121474
-0.127343
-0.12759
-0.127668
-0.127593
-0.127408
-0.127202
-0.127089
-0.127144
-0.127358
-0.127608
-0.133108
-0.133558
-0.1337
-0.133584
-0.133287
-0.132953
-0.132771
-0.132885
-0.133315
-0.133996
-0.138879
-0.139637
-0.13986
-0.139659
-0.139169
-0.138605
-0.138273
-0.138421
-0.139186
-0.141052
-0.14471
-0.145924
-0.146241
-0.145883
-0.145072
-0.144124
-0.143494
-0.143599
-0.145061
-0.150511
-0.150733
-0.152591
-0.152997
-0.152368
-0.151055
-0.149479
-0.148241
-0.148036
-0.150895
-0.163405
)
;

boundaryField
{
    carasuperior
    {
        type            zeroGradient;
    }
    lateralizquierda
    {
        type            zeroGradient;
    }
    lateralderecha
    {
        type            zeroGradient;
    }
    carainferior
    {
        type            zeroGradient;
    }
    carainteriores
    {
        type            zeroGradient;
    }
    defaultFaces
    {
        type            empty;
    }
}


// ************************************************************************* //
