/*--------------------------------*- C++ -*----------------------------------*\
| =========                 |                                                 |
| \\      /  F ield         | OpenFOAM: The Open Source CFD Toolbox           |
|  \\    /   O peration     | Version:  2.4.0                                 |
|   \\  /    A nd           | Web:      www.OpenFOAM.org                      |
|    \\/     M anipulation  |                                                 |
\*---------------------------------------------------------------------------*/
FoamFile
{
    version     2.0;
    format      ascii;
    class       volScalarField;
    location    "0.39";
    object      T;
}
// * * * * * * * * * * * * * * * * * * * * * * * * * * * * * * * * * * * * * //

dimensions      [0 0 0 1 0 0 0];

internalField   nonuniform List<scalar> 
1600
(
101.24
103.721
106.202
108.684
111.167
113.652
116.139
118.627
121.118
123.61
126.104
128.601
131.099
133.599
136.101
138.604
141.108
143.612
146.118
148.623
151.129
153.635
156.14
158.646
161.15
163.655
166.159
168.662
171.166
173.67
176.175
178.679
181.185
183.691
186.198
188.706
191.215
193.725
196.234
198.745
101.241
103.723
106.206
108.69
111.175
113.662
116.15
118.64
121.132
123.626
126.122
128.62
131.12
133.621
136.124
138.628
141.132
143.638
146.144
148.65
151.156
153.661
156.166
158.671
161.175
163.678
166.181
168.684
171.187
173.689
176.192
178.695
181.199
183.704
186.209
188.715
191.222
193.73
196.238
198.746
101.243
103.729
106.215
108.703
111.191
113.681
116.173
118.666
121.161
123.658
126.157
128.658
131.16
133.664
136.169
138.675
141.181
143.688
146.195
148.702
151.208
153.714
156.218
158.722
161.225
163.727
166.228
168.729
171.229
173.728
176.228
178.728
181.228
183.729
186.23
188.733
191.236
193.739
196.243
198.748
101.245
103.736
106.228
108.721
111.214
113.71
116.206
118.704
121.204
123.706
126.209
128.714
131.22
133.727
136.235
138.744
141.253
143.762
146.27
148.778
151.285
153.791
156.295
158.798
161.299
163.799
166.298
168.795
171.291
173.786
176.281
178.776
181.271
183.767
186.263
188.759
191.257
193.754
196.252
198.751
101.249
103.747
106.245
108.745
111.245
113.747
116.25
118.755
121.261
123.769
126.277
128.787
131.298
133.81
136.322
138.835
141.347
143.858
146.369
148.878
151.386
153.892
156.396
158.898
161.397
163.894
166.389
168.882
171.374
173.864
176.353
178.841
181.329
183.818
186.306
188.795
191.284
193.774
196.264
198.755
101.253
103.76
106.267
108.775
111.284
113.794
116.305
118.818
121.331
123.846
126.362
128.878
131.395
133.913
136.43
138.947
141.463
143.978
146.491
149.002
151.511
154.018
156.521
159.021
161.518
164.012
166.503
168.991
171.477
173.96
176.442
178.922
181.402
183.881
186.36
188.839
191.319
193.799
196.279
198.76
101.258
103.775
106.293
108.811
111.33
113.85
116.371
118.892
121.415
123.938
126.462
128.987
131.511
134.035
136.558
139.08
141.601
144.12
146.636
149.149
151.66
154.166
156.669
159.168
161.662
164.152
166.639
169.121
171.6
174.075
176.548
179.019
181.489
183.957
186.425
188.893
191.361
193.829
196.297
198.766
101.264
103.793
106.323
108.853
111.383
113.915
116.447
118.979
121.512
124.045
126.579
129.112
131.644
134.176
136.706
139.234
141.76
144.283
146.803
149.319
151.831
154.338
156.84
159.337
161.829
164.315
166.796
169.272
171.743
174.209
176.673
179.133
181.59
184.047
186.501
188.956
191.41
193.864
196.318
198.773
101.271
103.814
106.357
108.9
111.444
113.989
116.533
119.078
121.623
124.167
126.711
129.254
131.796
134.336
136.873
139.408
141.94
144.468
146.992
149.511
152.024
154.532
157.033
159.528
162.017
164.499
166.974
169.442
171.905
174.362
176.814
179.262
181.707
184.149
186.589
189.028
191.466
193.904
196.343
198.781
101.279
103.837
106.395
108.954
111.513
114.072
116.631
119.189
121.747
124.304
126.859
129.413
131.965
134.514
137.06
139.603
142.141
144.674
147.202
149.723
152.239
154.747
157.248
159.741
162.226
164.703
167.172
169.633
172.086
174.533
176.973
179.407
181.837
184.263
186.687
189.109
191.53
193.95
196.37
198.79
101.288
103.863
106.438
109.014
111.589
114.164
116.739
119.312
121.885
124.455
127.023
129.589
132.152
134.711
137.266
139.817
142.361
144.9
147.432
149.957
152.474
154.983
157.483
159.974
162.456
164.927
167.39
169.842
172.286
174.721
177.148
179.568
181.982
184.391
186.796
189.199
191.6
194.001
196.4
198.8
101.297
103.891
106.486
109.08
111.674
114.267
116.859
119.449
122.036
124.622
127.204
129.783
132.358
134.928
137.492
140.051
142.602
145.147
147.684
150.212
152.73
155.239
157.738
160.227
162.705
165.171
167.626
170.07
172.504
174.927
177.34
179.744
182.141
184.531
186.917
189.299
191.678
194.057
196.434
198.811
101.308
103.923
106.538
109.153
111.767
114.38
116.99
119.598
122.203
124.805
127.402
129.995
132.582
135.163
137.738
140.305
142.864
145.414
147.955
150.486
153.007
155.516
158.014
160.499
162.973
165.433
167.881
170.316
172.739
175.149
177.548
179.936
182.314
184.685
187.049
189.408
191.764
194.118
196.471
198.824
101.319
103.958
106.596
109.233
111.869
114.503
117.134
119.761
122.385
125.004
127.617
130.225
132.826
135.419
138.004
140.58
143.147
145.703
148.249
150.782
153.304
155.813
158.309
160.792
163.26
165.714
168.154
170.58
172.991
175.388
177.771
180.142
182.501
184.851
187.192
189.527
191.857
194.185
196.512
198.837
101.332
103.996
106.659
109.321
111.981
114.638
117.291
119.94
122.583
125.221
127.852
130.475
133.09
135.696
138.292
140.878
143.452
146.014
148.564
151.101
153.623
156.132
158.626
161.104
163.568
166.015
168.446
170.861
173.26
175.643
178.01
180.363
182.703
185.03
187.347
189.656
191.959
194.258
196.556
198.852
101.346
104.037
106.728
109.417
112.103
114.785
117.463
120.134
122.8
125.457
128.107
130.747
133.377
135.996
138.604
141.199
143.781
146.35
148.904
151.443
153.967
156.474
158.966
161.44
163.897
166.337
168.758
171.162
173.548
175.916
178.266
180.6
182.918
185.222
187.514
189.795
192.068
194.337
196.603
198.867
101.361
104.083
106.804
109.522
112.237
114.946
117.65
120.347
123.035
125.714
128.384
131.042
133.688
136.321
138.941
141.547
144.137
146.712
149.27
151.812
154.337
156.843
159.331
161.801
164.251
166.682
169.093
171.484
173.856
176.207
178.54
180.853
183.149
185.428
187.693
189.945
192.187
194.422
196.655
198.884
101.378
104.133
106.887
109.637
112.383
115.122
117.855
120.578
123.292
125.994
128.685
131.362
134.026
136.674
139.307
141.923
144.522
147.104
149.667
152.211
154.736
157.241
159.726
162.19
164.633
167.054
169.454
171.831
174.187
176.521
178.833
181.125
183.396
185.649
187.885
190.106
192.314
194.514
196.711
198.903
101.396
104.188
106.978
109.763
112.543
115.315
118.078
120.831
123.572
126.3
129.013
131.711
134.393
137.058
139.704
142.332
144.94
147.529
150.097
152.644
155.169
157.673
160.153
162.611
165.046
167.456
169.843
172.206
174.545
176.859
179.15
181.417
183.662
185.887
188.092
190.28
192.452
194.614
196.771
198.923
101.416
104.248
107.077
109.901
112.718
115.526
118.324
121.108
123.879
126.634
129.372
132.092
134.794
137.475
140.137
142.777
145.395
147.991
150.564
153.114
155.64
158.141
160.618
163.069
165.494
167.893
170.266
172.613
174.932
177.225
179.492
181.733
183.95
186.143
188.315
190.467
192.601
194.723
196.837
198.945
101.439
104.315
107.187
110.054
112.911
115.759
118.593
121.412
124.215
126.999
129.764
132.508
135.231
137.931
140.608
143.262
145.891
148.495
151.073
153.626
156.152
158.651
161.123
163.567
165.982
168.369
170.727
173.055
175.354
177.624
179.864
182.076
184.261
186.421
188.556
190.669
192.763
194.84
196.908
198.968
101.463
104.388
107.308
110.221
113.124
116.014
118.889
121.746
124.583
127.4
130.194
132.964
135.71
138.43
141.124
143.791
146.432
149.044
151.629
154.184
156.711
159.208
161.675
164.11
166.515
168.888
171.229
173.538
175.814
178.058
180.27
182.451
184.601
186.723
188.818
190.889
192.938
194.968
196.986
198.994
101.49
104.469
107.442
110.407
113.359
116.296
119.215
122.113
124.989
127.84
130.666
133.464
136.234
138.976
141.688
144.371
147.023
149.645
152.235
154.794
157.321
159.816
162.277
164.704
167.097
169.455
171.778
174.066
176.317
178.534
180.715
182.861
184.973
187.054
189.105
191.129
193.129
195.107
197.072
199.022
101.52
104.559
107.591
110.612
113.618
116.607
119.575
122.518
125.435
128.325
131.184
134.013
136.81
139.574
142.306
145.005
147.67
150.301
152.898
155.461
157.988
160.479
162.935
165.353
167.733
170.075
172.379
174.643
176.869
179.055
181.202
183.311
185.382
187.417
189.42
191.393
193.338
195.26
197.165
199.053
101.554
104.658
107.755
110.839
113.906
116.952
119.973
122.966
125.928
128.858
131.754
134.616
137.441
140.23
142.983
145.699
148.377
151.019
153.623
156.189
158.716
161.205
163.653
166.062
168.429
170.754
173.037
175.277
177.473
179.627
181.737
183.805
185.831
187.818
189.767
191.683
193.569
195.428
197.268
199.087
101.591
104.769
107.939
111.092
114.226
117.334
120.414
123.46
126.472
129.446
132.382
135.278
138.134
140.95
143.725
146.459
149.152
151.804
154.415
156.985
159.512
161.997
164.439
166.837
169.189
171.497
173.757
175.971
178.137
180.256
182.326
184.35
186.327
188.26
190.151
192.004
193.823
195.614
197.383
199.125
101.632
104.893
108.143
111.375
114.582
117.759
120.903
124.008
127.073
130.096
133.074
136.008
138.896
141.739
144.537
147.29
149.998
152.662
155.28
157.853
160.381
162.863
165.297
167.683
170.021
172.309
174.546
176.732
178.866
180.947
182.975
184.951
186.875
188.749
190.576
192.36
194.106
195.82
197.509
199.167
101.679
105.032
108.372
111.69
114.979
118.233
121.446
124.616
127.739
130.812
133.836
136.81
139.732
142.605
145.427
148.2
150.924
153.598
156.224
158.801
161.329
163.806
166.233
168.608
170.93
173.198
175.411
177.567
179.666
181.707
183.69
185.614
187.481
189.291
191.048
192.757
194.421
196.049
197.65
199.214
101.731
105.189
108.629
112.044
115.423
118.761
122.051
125.29
128.475
131.604
134.676
137.691
140.65
143.553
146.4
149.194
151.933
154.62
157.254
159.834
162.361
164.835
167.254
169.616
171.922
174.169
176.356
178.482
180.545
182.544
184.478
186.348
188.152
189.894
191.574
193.199
194.774
196.307
197.807
199.267
101.791
105.365
108.919
112.441
115.921
119.352
122.726
126.04
129.291
132.478
135.601
138.66
141.656
144.59
147.464
150.278
153.034
155.733
158.374
160.958
163.485
165.954
168.364
170.715
173.004
175.229
177.39
179.484
181.509
183.464
185.348
187.159
188.897
190.564
192.161
193.694
195.169
196.596
197.984
199.326
101.858
105.565
109.248
112.891
116.482
120.014
123.479
126.873
130.195
133.443
136.619
139.724
142.758
145.725
148.625
151.46
154.232
156.943
159.591
162.179
164.705
167.17
169.572
171.909
174.181
176.385
178.519
180.581
182.567
184.477
186.307
188.057
189.725
191.312
192.819
194.251
195.616
196.923
198.184
199.393
101.935
105.794
109.622
113.401
117.116
120.758
124.321
127.801
131.197
134.509
137.74
140.89
143.964
146.962
149.889
152.745
155.534
158.255
160.912
163.503
166.028
168.488
170.882
173.207
175.462
177.644
179.751
181.78
183.727
185.591
187.366
189.052
190.646
192.148
193.558
194.88
196.121
197.295
198.411
199.47
102.024
106.059
110.053
113.984
117.836
121.598
125.265
128.835
132.307
135.685
138.971
142.168
145.28
148.31
151.263
154.14
156.944
159.677
162.34
164.934
167.46
169.915
172.3
174.613
176.851
179.012
181.092
183.089
184.998
186.815
188.536
190.156
191.674
193.085
194.391
195.593
196.699
197.721
198.672
199.559
102.129
106.367
110.553
114.655
118.657
122.549
126.325
129.988
133.539
136.982
140.322
143.565
146.714
149.776
152.753
155.65
158.469
161.213
163.882
166.48
169.004
171.455
173.832
176.133
178.355
180.496
182.551
184.517
186.388
188.16
189.826
191.382
192.821
194.14
195.335
196.409
197.363
198.215
198.976
199.665
102.254
106.735
111.141
115.436
119.601
123.629
127.519
131.275
134.903
138.41
141.803
145.089
148.274
151.364
154.365
157.28
160.113
162.867
165.543
168.143
170.667
173.114
175.483
177.773
179.981
182.103
184.134
186.071
187.907
189.636
191.25
192.742
194.105
195.33
196.412
197.347
198.137
198.796
199.337
199.792
102.409
107.181
111.845
116.354
120.693
124.861
128.864
132.711
136.413
139.98
143.422
146.748
149.966
153.082
156.104
159.036
161.881
164.644
167.326
169.928
172.451
174.895
177.259
179.539
181.734
183.839
185.85
187.761
189.565
191.255
192.821
194.255
195.544
196.678
197.645
198.438
199.049
199.493
199.774
199.948
102.607
107.745
112.707
117.448
121.966
126.272
130.382
134.314
138.082
141.703
145.188
148.549
151.795
154.935
157.975
160.921
163.778
166.548
169.235
171.84
174.363
176.804
179.163
181.435
183.619
185.711
187.704
189.594
191.371
193.028
194.554
195.936
197.16
198.21
199.069
199.719
200.144
200.346
200.314
200.141
102.881
108.489
113.787
118.766
123.457
127.889
132.094
136.098
139.923
143.588
147.109
150.499
153.769
156.927
159.983
162.941
165.807
168.584
171.276
173.883
176.407
178.846
181.201
183.468
185.645
187.726
189.707
191.579
193.336
194.967
196.461
197.802
198.974
199.956
200.722
201.244
201.486
201.428
201.017
200.402
103.341
109.531
115.164
120.365
125.205
129.741
134.021
138.08
141.948
145.647
149.195
152.606
155.894
159.067
162.134
165.102
167.975
170.758
173.453
176.063
178.588
181.028
183.381
185.645
187.817
189.892
191.864
193.726
195.469
197.083
198.555
199.868
201.004
201.938
202.638
203.065
203.158
202.86
202.026
200.84
104.189
111.117
117.027
122.377
127.308
131.903
136.222
140.311
144.201
147.917
151.479
154.902
158.199
161.38
164.453
167.426
170.303
173.089
175.787
178.399
180.924
183.364
185.716
187.979
190.148
192.219
194.187
196.044
197.78
199.385
200.845
202.143
203.258
204.165
204.827
205.202
205.213
204.779
203.653
201.888
)
;

boundaryField
{
    carasuperior
    {
        type            fixedGradient;
        gradient        uniform 100;
    }
    lateralizquierda
    {
        type            fixedValue;
        value           uniform 100;
    }
    lateralderecha
    {
        type            fixedValue;
        value           uniform 200;
    }
    carainferior
    {
        type            zeroGradient;
    }
    frontAndBack
    {
        type            empty;
    }
}


// ************************************************************************* //
