/*--------------------------------*- C++ -*----------------------------------*\
| =========                 |                                                 |
| \\      /  F ield         | OpenFOAM: The Open Source CFD Toolbox           |
|  \\    /   O peration     | Version:  2.4.0                                 |
|   \\  /    A nd           | Web:      www.OpenFOAM.org                      |
|    \\/     M anipulation  |                                                 |
\*---------------------------------------------------------------------------*/
FoamFile
{
    version     2.0;
    format      ascii;
    class       volScalarField;
    location    "0.42";
    object      T;
}
// * * * * * * * * * * * * * * * * * * * * * * * * * * * * * * * * * * * * * //

dimensions      [0 0 0 1 0 0 0];

internalField   nonuniform List<scalar> 
1600
(
101.285
103.854
106.422
108.991
111.558
114.125
116.69
119.254
121.816
124.376
126.933
129.486
132.036
134.582
137.123
139.659
142.19
144.714
147.233
149.745
152.25
154.748
157.239
159.723
162.2
164.67
167.133
169.591
172.043
174.49
176.932
179.37
181.804
184.236
186.665
189.092
191.518
193.942
196.365
198.789
101.285
103.856
106.427
108.997
111.566
114.135
116.702
119.268
121.831
124.392
126.951
129.505
132.057
134.604
137.146
139.683
142.214
144.74
147.259
149.771
152.276
154.774
157.265
159.748
162.224
164.694
167.156
169.613
172.063
174.509
176.949
179.386
181.818
184.248
186.676
189.101
191.525
193.947
196.368
198.79
101.287
103.861
106.436
109.009
111.582
114.154
116.725
119.294
121.86
124.424
126.986
129.543
132.097
134.647
137.191
139.73
142.263
144.79
147.31
149.823
152.328
154.826
157.317
159.799
162.274
164.742
167.203
169.657
172.105
174.547
176.985
179.418
181.847
184.273
186.697
189.118
191.538
193.957
196.374
198.792
101.29
103.869
106.449
109.028
111.606
114.183
116.758
119.332
121.903
124.472
127.038
129.6
132.157
134.71
137.258
139.799
142.335
144.864
147.385
149.899
152.405
154.903
157.393
159.875
162.348
164.814
167.272
169.723
172.167
174.605
177.038
179.466
181.89
184.311
186.729
189.145
191.559
193.971
196.383
198.795
101.293
103.88
106.466
109.052
111.637
114.22
116.803
119.383
121.96
124.535
127.106
129.673
132.236
134.793
137.345
139.891
142.429
144.961
147.484
150
152.507
155.005
157.494
159.974
162.446
164.909
167.363
169.81
172.25
174.682
177.109
179.531
181.948
184.362
186.772
189.18
191.586
193.991
196.395
198.798
101.298
103.893
106.488
109.082
111.675
114.267
116.858
119.446
122.031
124.613
127.191
129.765
132.333
134.897
137.453
140.003
142.546
145.081
147.607
150.124
152.632
155.13
157.619
160.098
162.567
165.027
167.477
169.919
172.352
174.778
177.198
179.612
182.02
184.425
186.826
189.225
191.621
194.016
196.41
198.803
101.303
103.908
106.513
109.118
111.721
114.323
116.923
119.521
122.115
124.706
127.292
129.873
132.449
135.019
137.582
140.137
142.684
145.223
147.752
150.271
152.78
155.279
157.767
160.244
162.711
165.167
167.612
170.048
172.475
174.893
177.304
179.709
182.107
184.501
186.891
189.278
191.663
194.046
196.428
198.809
101.309
103.926
106.543
109.16
111.775
114.389
117
119.608
122.212
124.813
127.409
129.999
132.583
135.16
137.73
140.291
142.844
145.386
147.919
150.441
152.952
155.451
157.938
160.413
162.877
165.329
167.769
170.198
172.618
175.027
177.428
179.821
182.208
184.59
186.967
189.341
191.712
194.081
196.449
198.816
101.316
103.947
106.578
109.208
111.836
114.463
117.086
119.707
122.323
124.935
127.541
130.141
132.735
135.32
137.898
140.466
143.024
145.572
148.108
150.633
153.145
155.645
158.131
160.605
163.065
165.512
167.947
170.369
172.78
175.179
177.569
179.95
182.324
184.691
187.054
189.412
191.768
194.121
196.473
198.824
101.324
103.97
106.616
109.262
111.905
114.546
117.184
119.818
122.448
125.072
127.69
130.301
132.904
135.499
138.085
140.66
143.225
145.778
148.318
150.846
153.36
155.86
158.346
160.817
163.274
165.717
168.145
170.559
172.961
175.35
177.727
180.095
182.454
184.806
187.152
189.493
191.831
194.166
196.5
198.834
101.332
103.996
106.659
109.322
111.982
114.639
117.293
119.942
122.586
125.224
127.854
130.478
133.092
135.697
138.291
140.875
143.446
146.004
148.549
151.08
153.595
156.096
158.581
161.05
163.504
165.941
168.362
170.768
173.16
175.538
177.902
180.256
182.599
184.933
187.261
189.583
191.901
194.217
196.531
198.844
101.342
104.025
106.707
109.388
112.067
114.742
117.412
120.078
122.738
125.391
128.036
130.672
133.298
135.913
138.517
141.109
143.687
146.251
148.801
151.334
153.852
156.353
158.837
161.303
163.753
166.184
168.599
170.996
173.377
175.743
178.094
180.432
182.757
185.073
187.381
189.683
191.979
194.273
196.565
198.855
101.352
104.056
106.76
109.461
112.16
114.854
117.544
120.228
122.905
125.574
128.233
130.883
133.522
136.149
138.763
141.364
143.949
146.519
149.073
151.609
154.129
156.63
159.112
161.576
164.021
166.447
168.854
171.242
173.612
175.965
178.301
180.623
182.93
185.226
187.513
189.792
192.065
194.334
196.602
198.867
101.364
104.091
106.817
109.541
112.262
114.978
117.688
120.392
123.087
125.773
128.449
131.114
133.766
136.405
139.03
141.639
144.232
146.808
149.366
151.906
154.426
156.927
159.408
161.868
164.308
166.728
169.127
171.505
173.864
176.204
178.525
180.829
183.118
185.392
187.656
189.91
192.158
194.401
196.642
198.881
101.377
104.129
106.881
109.629
112.374
115.113
117.845
120.57
123.285
125.99
128.684
131.364
134.031
136.683
139.318
141.937
144.538
147.12
149.682
152.224
154.746
157.246
159.725
162.182
164.616
167.029
169.419
171.787
174.134
176.459
178.764
181.05
183.319
185.572
187.811
190.039
192.259
194.474
196.686
198.895
101.391
104.171
106.95
109.725
112.496
115.26
118.017
120.765
123.502
126.227
128.939
131.636
134.318
136.983
139.63
142.259
144.867
147.455
150.022
152.567
155.09
157.589
160.065
162.518
164.946
167.351
169.732
172.088
174.422
176.732
179.02
181.287
183.535
185.764
187.978
190.178
192.369
194.553
196.734
198.911
101.406
104.216
107.025
109.83
112.629
115.421
118.204
120.977
123.737
126.484
129.216
131.931
134.629
137.308
139.968
142.606
145.223
147.818
150.389
152.937
155.46
157.958
160.432
162.879
165.301
167.697
170.067
172.412
174.73
177.024
179.294
181.541
183.766
185.97
188.157
190.328
192.487
194.638
196.785
198.928
101.423
104.266
107.108
109.945
112.776
115.597
118.409
121.208
123.994
126.764
129.517
132.252
134.967
137.661
140.334
142.983
145.609
148.21
150.786
153.336
155.86
158.357
160.827
163.269
165.683
168.07
170.429
172.759
175.063
177.339
179.588
181.813
184.013
186.192
188.349
190.49
192.615
194.731
196.841
198.946
101.441
104.321
107.199
110.071
112.935
115.79
118.633
121.461
124.274
127.069
129.845
132.601
135.334
138.045
140.731
143.392
146.027
148.636
151.217
153.77
156.294
158.789
161.255
163.691
166.098
168.474
170.819
173.135
175.421
177.678
179.906
182.106
184.28
186.429
188.557
190.664
192.753
194.831
196.902
198.967
101.461
104.381
107.299
110.209
113.111
116.001
118.878
121.738
124.58
127.403
130.204
132.982
135.735
138.463
141.164
143.837
146.482
149.098
151.684
154.24
156.765
159.259
161.721
164.15
166.547
168.912
171.244
173.543
175.81
178.045
180.249
182.423
184.568
186.686
188.78
190.851
192.903
194.939
196.968
198.988
101.483
104.448
107.408
110.361
113.304
116.233
119.147
122.042
124.916
127.768
130.596
133.398
136.172
138.919
141.636
144.322
146.978
149.602
152.194
154.753
157.278
159.77
162.227
164.649
167.037
169.389
171.705
173.987
176.233
178.445
180.623
182.767
184.881
186.965
189.022
191.054
193.065
195.057
197.039
199.012
101.508
104.521
107.529
110.529
113.516
116.488
119.442
122.375
125.285
128.169
131.025
133.853
136.651
139.417
142.151
144.852
147.519
150.152
152.75
155.312
157.838
160.327
162.78
165.194
167.571
169.909
172.209
174.471
176.695
178.881
181.03
183.143
185.222
187.269
189.285
191.275
193.24
195.185
197.117
199.038
101.535
104.602
107.663
110.714
113.751
116.77
119.768
122.742
125.69
128.609
131.497
134.353
137.175
139.963
142.715
145.432
148.111
150.753
153.357
155.923
158.449
160.936
163.383
165.789
168.154
170.478
172.76
175.001
177.2
179.358
181.476
183.555
185.596
187.601
189.573
191.516
193.432
195.325
197.203
199.066
101.565
104.692
107.811
110.919
114.01
117.081
120.128
123.147
126.136
129.093
132.015
134.901
137.75
140.561
143.333
146.066
148.758
151.41
154.021
156.59
159.117
161.601
164.042
166.439
168.792
171.1
173.362
175.58
177.753
179.881
181.965
184.006
186.006
187.966
189.89
191.781
193.642
195.478
197.297
199.097
101.598
104.791
107.976
111.146
114.298
117.425
120.525
123.594
126.628
129.626
132.585
135.504
138.381
141.217
144.01
146.76
149.466
152.128
154.746
157.319
159.846
162.328
164.762
167.149
169.489
171.78
174.022
176.216
178.36
180.455
182.503
184.503
186.457
188.368
190.238
192.072
193.873
195.647
197.4
199.131
101.635
104.902
108.159
111.399
114.617
117.808
120.966
124.088
127.172
130.214
133.212
136.166
139.075
141.936
144.752
147.52
150.24
152.913
155.539
158.115
160.643
163.121
165.549
167.926
170.251
172.524
174.745
176.912
179.026
181.086
183.094
185.05
186.955
188.811
190.623
192.394
194.129
195.833
197.515
199.17
101.677
105.026
108.363
111.681
114.973
118.232
121.455
124.636
127.773
130.863
133.904
136.895
139.836
142.726
145.564
148.351
151.087
153.772
156.404
158.985
161.513
163.988
166.408
168.774
171.085
173.339
175.536
177.675
179.756
181.78
183.745
185.652
187.504
189.302
191.05
192.752
194.413
196.04
197.642
199.212
101.723
105.165
108.592
111.996
115.37
118.705
121.998
125.243
128.438
131.579
134.666
137.697
140.672
143.591
146.454
149.261
152.012
154.709
157.349
159.933
162.461
164.933
167.346
169.7
171.995
174.23
176.402
178.512
180.559
182.542
184.462
186.318
188.112
189.846
191.524
193.149
194.729
196.27
197.783
199.259
101.776
105.321
108.849
112.35
115.813
119.233
122.602
125.917
129.174
132.37
135.505
138.578
141.589
144.539
147.427
150.255
153.023
155.73
158.379
160.967
163.495
165.962
168.368
170.71
172.989
175.203
177.35
179.429
181.44
183.381
185.252
187.053
188.786
190.45
192.051
193.593
195.083
196.528
197.941
199.312
101.835
105.497
109.139
112.747
116.311
119.823
123.276
126.666
129.989
133.244
136.429
139.546
142.595
145.576
148.491
151.339
154.124
156.843
159.499
162.092
164.619
167.083
169.48
171.81
174.072
176.265
178.386
180.433
182.407
184.304
186.124
187.867
189.533
191.123
192.64
194.09
195.48
196.819
198.118
199.371
101.902
105.698
109.467
113.196
116.872
120.485
124.029
127.499
130.892
134.208
137.447
140.61
143.697
146.71
149.651
152.521
155.322
158.054
160.717
163.313
165.841
168.3
170.689
173.007
175.252
177.423
179.517
181.532
183.467
185.319
187.086
188.767
190.363
191.873
193.299
194.648
195.927
197.147
198.319
199.438
101.979
105.927
109.842
113.706
117.506
121.229
124.871
128.426
131.894
135.274
138.567
141.776
144.902
147.947
150.915
153.806
156.623
159.367
162.038
164.637
167.165
169.619
172
174.305
176.534
178.683
180.75
182.733
184.629
186.435
188.147
189.765
191.286
192.711
194.04
195.279
196.434
197.52
198.547
199.515
102.069
106.191
110.272
114.289
118.225
122.069
125.814
129.459
133.004
136.449
139.798
143.053
146.217
149.295
152.288
155.201
158.033
160.788
163.467
166.07
168.596
171.047
173.419
175.713
177.925
180.053
182.094
184.045
185.902
187.661
189.319
190.871
192.316
193.651
194.875
195.994
197.013
197.947
198.808
199.605
102.173
106.499
110.772
114.96
119.046
123.019
126.874
130.612
134.234
137.745
141.148
144.449
147.651
150.76
153.778
156.71
159.558
162.324
165.01
167.615
170.142
172.588
174.953
177.234
179.431
181.539
183.555
185.475
187.294
189.008
190.612
192.099
193.466
194.707
195.822
196.811
197.679
198.442
199.113
199.71
102.299
106.866
111.36
115.74
119.989
124.099
128.067
131.898
135.598
139.172
142.628
145.972
149.21
152.348
155.39
158.34
161.202
163.978
166.67
169.279
171.805
174.247
176.605
178.876
181.058
183.147
185.14
187.031
188.816
190.487
192.038
193.462
194.752
195.9
196.9
197.752
198.455
199.024
199.474
199.838
102.453
107.313
112.063
116.658
121.081
125.33
129.412
133.334
137.107
140.742
144.246
147.63
150.901
154.065
157.129
160.096
162.97
165.756
168.453
171.065
173.59
176.029
178.381
180.643
182.812
184.885
186.857
188.723
190.476
192.108
193.612
194.977
196.194
197.25
198.136
198.844
199.368
199.723
199.912
199.994
102.651
107.876
112.925
117.751
122.353
126.74
130.929
134.936
138.776
142.463
146.012
149.431
152.73
155.917
158.999
161.981
164.866
167.66
170.363
172.977
175.502
177.939
180.286
182.54
184.699
186.759
188.713
190.558
192.284
193.884
195.346
196.66
197.812
198.785
199.562
200.128
200.464
200.577
200.453
200.188
102.924
108.62
114.005
119.069
123.843
128.357
132.64
136.719
140.615
144.348
147.932
151.38
154.703
157.909
161.006
164
166.895
169.695
172.403
175.02
177.546
179.982
182.325
184.574
186.726
188.775
190.717
192.545
194.251
195.825
197.256
198.529
199.628
200.533
201.217
201.655
201.808
201.66
201.156
200.448
103.384
109.661
115.382
120.668
125.59
130.208
134.565
138.7
142.639
146.406
150.017
153.486
156.827
160.048
163.156
166.16
169.063
171.869
174.581
177.2
179.728
182.163
184.505
186.751
188.898
190.942
192.876
194.693
196.385
197.942
199.351
200.597
201.66
202.517
203.135
203.477
203.482
203.093
202.167
200.887
104.232
111.247
117.243
122.678
127.693
132.368
136.766
140.929
144.891
148.675
152.3
155.781
159.131
162.36
165.475
168.484
171.391
174.2
176.915
179.536
182.064
184.5
186.841
189.086
191.23
193.27
195.2
197.012
198.697
200.245
201.642
202.872
203.915
204.744
205.325
205.616
205.538
205.013
203.795
201.936
)
;

boundaryField
{
    carasuperior
    {
        type            fixedGradient;
        gradient        uniform 100;
    }
    lateralizquierda
    {
        type            fixedValue;
        value           uniform 100;
    }
    lateralderecha
    {
        type            fixedValue;
        value           uniform 200;
    }
    carainferior
    {
        type            zeroGradient;
    }
    frontAndBack
    {
        type            empty;
    }
}


// ************************************************************************* //
