/*--------------------------------*- C++ -*----------------------------------*\
| =========                 |                                                 |
| \\      /  F ield         | OpenFOAM: The Open Source CFD Toolbox           |
|  \\    /   O peration     | Version:  2.4.0                                 |
|   \\  /    A nd           | Web:      www.OpenFOAM.org                      |
|    \\/     M anipulation  |                                                 |
\*---------------------------------------------------------------------------*/
FoamFile
{
    version     2.0;
    format      ascii;
    class       volScalarField;
    location    "0.705";
    object      T;
}
// * * * * * * * * * * * * * * * * * * * * * * * * * * * * * * * * * * * * * //

dimensions      [0 0 0 1 0 0 0];

internalField   nonuniform List<scalar> 
1600
(
101.406
104.218
107.027
109.832
112.631
115.422
118.204
120.975
123.733
126.477
129.205
131.915
134.606
137.278
139.927
142.555
145.158
147.738
150.292
152.821
155.324
157.801
160.253
162.678
165.079
167.455
169.808
172.139
174.448
176.738
179.009
181.264
183.504
185.73
187.945
190.15
192.347
194.538
196.725
198.909
101.407
104.221
107.032
109.838
112.639
115.432
118.216
120.989
123.748
126.494
129.223
131.935
134.628
137.3
139.951
142.579
145.184
147.764
150.318
152.848
155.351
157.828
160.279
162.704
165.104
167.479
169.831
172.16
174.469
176.757
179.027
181.28
183.518
185.743
187.956
190.159
192.354
194.543
196.728
198.91
101.409
104.226
107.04
109.851
112.655
115.452
118.239
121.015
123.778
126.526
129.258
131.973
134.668
137.343
139.996
142.626
145.233
147.814
150.37
152.9
155.403
157.88
160.33
162.755
165.153
167.527
169.877
172.204
174.51
176.795
179.062
181.312
183.546
185.768
187.977
190.176
192.368
194.553
196.733
198.912
101.412
104.234
107.054
109.869
112.679
115.481
118.273
121.054
123.822
126.575
129.311
132.03
134.729
137.407
140.064
142.696
145.305
147.888
150.445
152.976
155.48
157.957
160.407
162.83
165.227
167.599
169.946
172.27
174.571
176.853
179.115
181.36
183.589
185.805
188.009
190.203
192.388
194.568
196.742
198.914
101.415
104.244
107.071
109.894
112.71
115.519
118.318
121.105
123.879
126.638
129.38
132.104
134.809
137.492
140.152
142.788
145.4
147.986
150.545
153.077
155.581
158.058
160.507
162.929
165.324
167.693
170.037
172.356
174.653
176.929
179.185
181.424
183.646
185.855
188.051
190.238
192.416
194.587
196.754
198.918
101.42
104.257
107.093
109.924
112.75
115.567
118.374
121.169
123.951
126.717
129.466
132.197
134.907
137.595
140.261
142.902
145.517
148.106
150.668
153.201
155.707
158.184
160.632
163.052
165.445
167.81
170.149
172.464
174.755
177.024
179.273
181.503
183.718
185.917
188.105
190.282
192.45
194.612
196.769
198.923
101.425
104.273
107.119
109.961
112.796
115.623
118.44
121.245
124.035
126.81
129.568
132.306
135.024
137.719
140.39
143.036
145.656
148.249
150.813
153.349
155.855
158.332
160.78
163.198
165.588
167.949
170.284
172.593
174.877
177.138
179.378
181.599
183.803
185.993
188.169
190.334
192.491
194.641
196.787
198.929
101.431
104.291
107.15
110.003
112.85
115.689
118.517
121.333
124.134
126.919
129.686
132.433
135.159
137.861
140.539
143.191
145.816
148.413
150.981
153.519
156.027
158.504
160.951
163.367
165.754
168.111
170.44
172.742
175.018
177.271
179.501
181.711
183.904
186.081
188.244
190.396
192.54
194.676
196.807
198.936
101.438
104.312
107.184
110.051
112.912
115.764
118.604
121.432
124.245
127.042
129.819
132.576
135.311
138.022
140.708
143.367
145.997
148.599
151.17
153.711
156.22
158.698
161.144
163.558
165.941
168.294
170.617
172.911
175.179
177.421
179.641
181.839
184.018
186.181
188.33
190.467
192.595
194.716
196.831
198.944
101.446
104.335
107.223
110.106
112.981
115.848
118.703
121.544
124.371
127.179
129.969
132.737
135.482
138.202
140.896
143.562
146.199
148.806
151.381
153.925
156.435
158.913
161.358
163.77
166.15
168.497
170.814
173.1
175.359
177.591
179.798
181.983
184.147
186.295
188.427
190.547
192.658
194.761
196.858
198.953
101.454
104.361
107.266
110.166
113.058
115.941
118.812
121.669
124.509
127.332
130.134
132.914
135.67
138.401
141.104
143.777
146.421
149.033
151.613
154.159
156.672
159.15
161.594
164.003
166.379
168.721
171.031
173.309
175.557
177.778
179.972
182.142
184.291
186.421
188.535
190.637
192.728
194.811
196.889
198.963
101.464
104.39
107.314
110.233
113.143
116.044
118.932
121.806
124.662
127.5
130.316
133.109
135.877
138.618
141.33
144.013
146.663
149.281
151.865
154.414
156.928
159.407
161.849
164.256
166.628
168.964
171.267
173.536
175.774
177.982
180.162
182.317
184.449
186.56
188.655
190.735
192.805
194.866
196.922
198.974
101.475
104.422
107.367
110.306
113.237
116.157
119.064
121.956
124.83
127.683
130.515
133.322
136.102
138.855
141.577
144.268
146.926
149.55
152.138
154.69
157.206
159.684
162.125
164.529
166.896
169.226
171.521
173.781
176.008
178.203
180.369
182.507
184.621
186.713
188.786
190.844
192.89
194.927
196.959
198.986
101.486
104.457
107.425
110.386
113.339
116.281
119.209
122.12
125.012
127.883
130.731
133.553
136.347
139.112
141.845
144.544
147.21
149.839
152.432
154.987
157.504
159.982
162.422
164.822
167.184
169.508
171.795
174.045
176.26
178.442
180.592
182.713
184.807
186.878
188.928
190.962
192.983
194.994
196.999
199
101.499
104.495
107.488
110.474
113.451
116.416
119.366
122.299
125.211
128.101
130.966
133.804
136.612
139.389
142.134
144.843
147.516
150.152
152.749
155.307
157.825
160.302
162.74
165.136
167.493
169.81
172.088
174.327
176.53
178.698
180.832
182.934
185.008
187.057
189.083
191.091
193.084
195.067
197.043
199.014
101.513
104.537
107.557
110.57
113.573
116.564
119.538
122.493
125.427
128.338
131.221
134.076
136.899
139.69
142.446
145.165
147.846
150.488
153.09
155.651
158.17
160.646
163.081
165.474
167.824
170.133
172.401
174.63
176.819
178.971
181.088
183.172
185.224
187.249
189.25
191.23
193.193
195.146
197.091
199.03
101.528
104.582
107.633
110.675
113.707
116.724
119.725
122.705
125.663
128.595
131.498
134.371
137.211
140.016
142.784
145.513
148.203
150.851
153.458
156.021
158.541
161.017
163.449
165.837
168.181
170.481
172.739
174.954
177.129
179.265
181.363
183.426
185.456
187.456
189.429
191.38
193.312
195.231
197.142
199.047
101.545
104.632
107.715
110.79
113.853
116.9
119.929
122.937
125.919
128.874
131.799
134.691
137.549
140.369
143.15
145.89
148.589
151.244
153.856
156.422
158.943
161.418
163.846
166.229
168.565
170.856
173.102
175.304
177.464
179.581
181.659
183.7
185.705
187.678
189.623
191.542
193.44
195.324
197.198
199.066
101.563
104.687
107.806
110.916
114.012
117.092
120.153
123.189
126.199
129.179
132.127
135.04
137.916
140.752
143.547
146.3
149.008
151.671
154.287
156.856
159.378
161.852
164.277
166.653
168.982
171.263
173.496
175.683
177.825
179.923
181.979
183.995
185.973
187.918
189.831
191.717
193.579
195.424
197.259
199.086
101.583
104.747
107.905
111.053
114.187
117.303
120.397
123.465
126.505
129.512
132.485
135.42
138.316
141.17
143.98
146.745
149.463
152.134
154.756
157.329
159.851
162.323
164.744
167.115
169.434
171.704
173.923
176.094
178.217
180.293
182.325
184.314
186.264
188.177
190.056
191.906
193.73
195.533
197.325
199.108
101.605
104.813
108.015
111.205
114.38
117.534
120.665
123.768
126.84
129.877
132.876
135.836
138.753
141.625
144.452
147.23
149.96
152.639
155.267
157.843
160.366
162.837
165.254
167.617
169.927
172.184
174.389
176.542
178.644
180.697
182.702
184.662
186.58
188.458
190.3
192.11
193.892
195.652
197.398
199.132
101.63
104.886
108.135
111.372
114.592
117.789
120.96
124.101
127.207
130.276
133.305
136.291
139.231
142.124
144.967
147.76
150.501
153.19
155.824
158.404
160.928
163.397
165.809
168.165
170.465
172.708
174.897
177.03
179.11
181.137
183.114
185.042
186.924
188.764
190.566
192.333
194.07
195.781
197.476
199.158
101.657
104.967
108.269
111.557
114.825
118.07
121.285
124.467
127.611
130.715
133.775
136.789
139.754
142.669
145.531
148.34
151.093
153.791
156.432
159.016
161.541
164.008
166.415
168.763
171.052
173.281
175.452
177.564
179.619
181.619
183.564
185.457
187.301
189.1
190.857
192.576
194.263
195.922
197.563
199.186
101.687
105.056
108.417
111.761
115.084
118.38
121.644
124.87
128.057
131.198
134.292
137.337
140.328
143.266
146.148
148.974
151.741
154.449
157.097
159.685
162.211
164.675
167.077
169.417
171.693
173.907
176.059
178.149
180.177
182.147
184.058
185.913
187.716
189.468
191.176
192.843
194.475
196.077
197.657
199.218
101.72
105.156
108.581
111.988
115.371
118.723
122.04
125.316
128.548
131.73
134.861
137.938
140.959
143.921
146.825
149.668
152.449
155.168
157.824
160.415
162.943
165.405
167.801
170.131
172.395
174.592
176.723
178.789
180.789
182.726
184.6
186.415
188.171
189.874
191.528
193.138
194.709
196.247
197.762
199.252
101.757
105.266
108.763
112.24
115.689
119.105
122.48
125.81
129.09
132.317
135.488
138.6
141.651
144.64
147.566
150.427
153.224
155.954
158.617
161.214
163.742
166.201
168.591
170.911
173.162
175.341
177.451
179.49
181.46
183.362
185.197
186.966
188.674
190.322
191.917
193.463
194.967
196.435
197.877
199.291
101.798
105.39
108.967
112.521
116.044
119.528
122.967
126.356
129.689
132.964
136.178
139.327
142.411
145.428
148.378
151.259
154.071
156.813
159.484
162.085
164.614
167.07
169.454
171.764
173.999
176.161
178.247
180.259
182.197
184.061
185.853
187.575
189.228
190.818
192.348
193.824
195.253
196.644
198.005
199.333
101.845
105.529
109.196
112.836
116.44
120
123.509
126.962
130.353
133.679
136.938
140.128
143.246
146.293
149.267
152.168
154.996
157.75
160.43
163.035
165.565
168.018
170.395
172.694
174.914
177.056
179.119
181.101
183.005
184.829
186.576
188.246
189.842
191.367
192.826
194.225
195.572
196.876
198.148
199.381
101.897
105.684
109.452
113.188
116.883
120.527
124.113
127.634
131.088
134.469
137.776
141.008
144.162
147.24
150.24
153.162
156.006
158.773
161.461
164.071
166.601
169.051
171.42
173.708
175.913
178.034
180.072
182.024
183.892
185.674
187.372
188.987
190.521
191.976
193.358
194.673
195.929
197.136
198.307
199.434
101.956
105.86
109.741
113.585
117.38
121.116
124.785
128.382
131.901
135.341
138.699
141.975
145.167
148.276
151.303
154.246
157.108
159.886
162.583
165.197
167.727
170.174
172.536
174.812
177
179.101
181.113
183.034
184.864
186.603
188.25
189.807
191.273
192.654
193.952
195.174
196.329
197.429
198.486
199.494
102.023
106.06
110.069
114.034
117.94
121.777
125.537
129.213
132.803
136.304
139.715
143.036
146.267
149.409
152.462
155.427
158.306
161.097
163.802
166.42
168.951
171.394
173.748
176.012
178.184
180.264
182.249
184.139
185.931
187.624
189.218
190.713
192.109
193.409
194.616
195.736
196.78
197.76
198.688
199.561
102.1
106.289
110.443
114.543
118.572
122.52
126.377
130.139
133.803
137.368
140.833
144.201
147.471
150.645
153.725
156.712
159.607
162.411
165.123
167.746
170.277
172.716
175.062
177.314
179.471
181.529
183.488
185.346
187.099
188.746
190.286
191.717
193.039
194.253
195.362
196.371
197.291
198.135
198.917
199.639
102.19
106.553
110.873
115.125
119.291
123.358
127.319
131.171
134.912
138.542
142.062
145.476
148.785
151.992
155.098
158.106
161.017
163.832
166.553
169.179
171.71
174.146
176.485
178.725
180.866
182.904
184.837
186.663
188.378
189.979
191.464
192.83
194.075
195.199
196.202
197.091
197.873
198.565
199.181
199.729
102.294
106.861
111.372
115.795
120.111
124.307
128.378
132.322
136.14
139.836
143.411
146.87
150.217
153.455
156.586
159.615
162.541
165.368
168.096
170.726
173.257
175.689
178.021
180.251
182.376
184.395
186.303
188.098
189.776
191.333
192.763
194.064
195.231
196.262
197.155
197.913
198.544
199.063
199.487
199.835
102.419
107.228
111.959
116.574
121.053
125.385
129.569
133.606
137.502
141.261
144.889
148.392
151.774
155.041
158.197
161.244
164.185
167.022
169.757
172.39
174.922
177.351
179.676
181.895
184.007
186.008
187.893
189.66
191.304
192.818
194.197
195.434
196.524
197.46
198.239
198.859
199.323
199.649
199.85
199.964
102.573
107.674
112.662
117.491
122.143
126.615
130.911
135.04
139.009
142.828
146.505
150.048
153.463
156.757
159.934
162.998
165.952
168.799
171.54
174.177
176.708
179.135
181.454
183.665
185.765
187.75
189.615
191.357
192.969
194.445
195.776
196.955
197.972
198.817
199.481
199.957
200.242
200.35
200.29
200.12
102.771
108.237
113.522
118.583
123.413
128.023
132.426
136.639
140.674
144.547
148.267
151.845
155.29
158.607
161.802
164.881
167.847
170.703
173.45
176.089
178.622
181.046
183.361
185.565
187.655
189.627
191.476
193.197
194.783
196.226
197.517
198.645
199.597
200.358
200.913
201.246
201.342
201.209
200.834
200.315
103.044
108.98
114.601
119.899
124.901
129.637
134.134
138.419
142.511
146.428
150.184
153.792
157.26
160.596
163.807
166.899
169.875
172.738
175.49
178.133
180.666
183.09
185.403
187.602
189.685
191.647
193.484
195.189
196.755
198.173
199.432
200.519
201.419
202.111
202.573
202.778
202.69
202.295
201.539
200.576
103.504
110.02
115.976
121.495
126.645
131.484
136.056
140.397
144.532
148.483
152.266
155.896
159.381
162.733
165.956
169.057
172.041
174.91
177.667
180.313
182.848
185.273
187.584
189.781
191.86
193.816
195.645
197.34
198.893
200.295
201.532
202.592
203.455
204.1
204.496
204.605
204.369
203.732
202.552
201.016
104.352
111.604
117.836
123.503
128.745
133.642
138.254
142.623
146.781
150.75
154.547
158.188
161.684
165.043
168.273
171.38
174.369
177.241
180.001
182.649
185.185
187.61
189.921
192.116
194.193
196.146
197.971
199.661
201.207
202.6
203.826
204.87
205.713
206.331
206.689
206.747
206.427
205.654
204.181
202.065
)
;

boundaryField
{
    carasuperior
    {
        type            fixedGradient;
        gradient        uniform 100;
    }
    lateralizquierda
    {
        type            fixedValue;
        value           uniform 100;
    }
    lateralderecha
    {
        type            fixedValue;
        value           uniform 200;
    }
    carainferior
    {
        type            zeroGradient;
    }
    frontAndBack
    {
        type            empty;
    }
}


// ************************************************************************* //
