/*--------------------------------*- C++ -*----------------------------------*\
| =========                 |                                                 |
| \\      /  F ield         | OpenFOAM: The Open Source CFD Toolbox           |
|  \\    /   O peration     | Version:  2.4.0                                 |
|   \\  /    A nd           | Web:      www.OpenFOAM.org                      |
|    \\/     M anipulation  |                                                 |
\*---------------------------------------------------------------------------*/
FoamFile
{
    version     2.0;
    format      ascii;
    class       volScalarField;
    location    "3.4";
    object      p;
}
// * * * * * * * * * * * * * * * * * * * * * * * * * * * * * * * * * * * * * //

dimensions      [0 2 -2 0 0 0 0];

internalField   nonuniform List<scalar> 
4800
(
5.88356e-08
-0.00159845
-0.00327667
-0.00451839
-0.00499968
-0.00456946
-0.00318073
-0.000837344
0.00241579
0.00648281
0.00159397
-3.59777e-05
-0.00122794
-0.00193576
-0.00203607
-0.00141891
-3.67938e-05
0.00212664
0.00506158
0.00872131
0.00331098
0.00110636
-9.33908e-05
-0.000645848
-0.00062014
4.21964e-05
0.00137265
0.00339825
0.00614079
0.00959688
0.00447188
0.00161223
0.000238416
-0.000329298
-0.000318861
0.00028421
0.00149999
0.00337402
0.00597243
0.00935179
0.00452499
0.00114579
-0.000412755
-0.00106968
-0.00116845
-0.000720636
0.000300172
0.00197835
0.00445226
0.00788584
0.00310414
-0.000584753
-0.00229504
-0.00309178
-0.00338739
-0.00319985
-0.00247396
-0.00105941
0.00129615
0.00496872
3.21909e-05
-0.00372691
-0.00553378
-0.00650626
-0.00708258
-0.00727195
-0.00696992
-0.00593416
-0.0037521
0.000383231
-0.00469592
-0.00828416
-0.0101234
-0.0112963
-0.0122316
-0.0129248
-0.0132125
-0.0127487
-0.010945
-0.0061485
-0.0109135
-0.0141192
-0.0159255
-0.0173066
-0.0186575
-0.0199685
-0.0210233
-0.0213773
-0.0203453
-0.014716
-0.0183069
-0.0209725
-0.0226821
-0.0242497
-0.0260272
-0.0280352
-0.0300724
-0.0316988
-0.0326739
-0.0282753
-1.09542e-06
-0.00161988
-0.00330832
-0.0045589
-0.00504548
-0.00461744
-0.00322883
-0.00088354
0.00237384
0.00644775
0.00161116
-4.09008e-05
-0.00121083
-0.00190846
-0.00200365
-0.00138327
-1.0315e-06
0.00215989
0.00509075
0.00874648
0.00334112
0.00108005
-9.48389e-05
-0.000644974
-0.000621677
4.07693e-05
0.0013711
0.00339604
0.00613781
0.00959503
0.00451583
0.00157527
0.000238349
-0.000326242
-0.00032002
0.00028258
0.00149791
0.00337073
0.00596686
0.00934688
0.00457873
0.00110234
-0.000408068
-0.00105923
-0.00116219
-0.000714644
0.000305527
0.00198146
0.00444871
0.00787898
0.00316234
-0.00063292
-0.00228888
-0.00307846
-0.00337818
-0.00319067
-0.00246496
-0.00105217
0.0012901
0.0049498
8.89906e-05
-0.00377652
-0.0055272
-0.00649168
-0.00707146
-0.00726037
-0.00695705
-0.00591867
-0.00376
0.000335301
-0.00464218
-0.00833157
-0.0101173
-0.0112821
-0.01222
-0.012913
-0.013199
-0.0127247
-0.0109682
-0.00631522
-0.0108684
-0.0141621
-0.0159213
-0.0172947
-0.0186465
-0.0199566
-0.0210073
-0.0213208
-0.0203286
-0.0150902
-0.0182742
-0.0210095
-0.0226815
-0.0242429
-0.02602
-0.0280245
-0.0300496
-0.0315582
-0.0323451
-0.0283879
-1.07865e-06
-0.00161987
-0.00330832
-0.0045589
-0.00504548
-0.00461744
-0.00322883
-0.000883539
0.00237385
0.00644775
0.00161117
-4.08951e-05
-0.00121083
-0.00190846
-0.00200365
-0.00138327
-1.03083e-06
0.00215989
0.00509075
0.00874648
0.00334113
0.00108005
-9.4838e-05
-0.000644975
-0.000621679
4.07688e-05
0.0013711
0.00339604
0.00613781
0.00959503
0.00451583
0.00157528
0.000238349
-0.000326243
-0.000320022
0.00028258
0.00149791
0.00337073
0.00596686
0.00934688
0.00457873
0.00110234
-0.000408068
-0.00105923
-0.00116219
-0.000714643
0.00030553
0.00198146
0.00444871
0.00787898
0.00316234
-0.000632921
-0.00228888
-0.00307846
-0.00337818
-0.00319067
-0.00246496
-0.00105217
0.0012901
0.0049498
8.89894e-05
-0.00377652
-0.0055272
-0.00649168
-0.00707146
-0.00726037
-0.00695705
-0.00591867
-0.00376
0.0003353
-0.00464218
-0.00833157
-0.0101173
-0.0112821
-0.01222
-0.012913
-0.013199
-0.0127247
-0.0109682
-0.00631522
-0.0108684
-0.0141621
-0.0159213
-0.0172947
-0.0186465
-0.0199566
-0.0210073
-0.0213208
-0.0203286
-0.0150902
-0.0182742
-0.0210095
-0.0226815
-0.0242429
-0.02602
-0.0280245
-0.0300496
-0.0315582
-0.0323451
-0.0283879
1.28702e-07
-0.00159841
-0.00327665
-0.00451838
-0.00499967
-0.00456945
-0.00318072
-0.000837334
0.0024158
0.00648282
0.00159399
-3.59589e-05
-0.00122792
-0.00193575
-0.00203606
-0.0014189
-3.67852e-05
0.00212665
0.00506159
0.00872132
0.00331099
0.00110637
-9.33816e-05
-0.00064584
-0.000620132
4.22034e-05
0.00137265
0.00339825
0.0061408
0.00959688
0.00447189
0.00161224
0.000238423
-0.000329291
-0.000318856
0.000284215
0.0015
0.00337403
0.00597244
0.00935179
0.004525
0.00114579
-0.000412749
-0.00106967
-0.00116845
-0.000720631
0.000300178
0.00197835
0.00445227
0.00788584
0.00310415
-0.000584748
-0.00229504
-0.00309178
-0.00338738
-0.00319984
-0.00247395
-0.0010594
0.00129616
0.00496872
3.21936e-05
-0.00372691
-0.00553378
-0.00650625
-0.00708257
-0.00727194
-0.00696992
-0.00593415
-0.0037521
0.000383233
-0.00469592
-0.00828416
-0.0101234
-0.0112963
-0.0122316
-0.0129248
-0.0132125
-0.0127487
-0.010945
-0.0061485
-0.0109135
-0.0141192
-0.0159255
-0.0173066
-0.0186575
-0.0199685
-0.0210233
-0.0213772
-0.0203453
-0.014716
-0.0183069
-0.0209725
-0.0226821
-0.0242497
-0.0260272
-0.0280352
-0.0300724
-0.0316988
-0.0326739
-0.0282753
0.0112108
0.0164125
0.0219188
0.0276019
0.0333771
0.0391949
0.0450318
0.050882
0.0567538
0.062667
0.0686543
0.0747611
0.0810468
0.0875822
0.0944435
0.101699
0.109388
0.117492
0.125893
0.134353
0.0130091
0.017787
0.0229253
0.0283164
0.0338776
0.0395511
0.0453009
0.0511083
0.0569698
0.0628948
0.0689044
0.0750312
0.0813174
0.0878123
0.0945659
0.101619
0.108989
0.116642
0.124481
0.132312
0.0137013
0.0183155
0.0233166
0.0286013
0.0340857
0.0397079
0.0454261
0.0512158
0.0570671
0.0629825
0.0689754
0.075069
0.0812946
0.0876897
0.094294
0.101143
0.108256
0.115621
0.123173
0.130765
0.0134717
0.0181305
0.0231823
0.0285156
0.0340411
0.0396951
0.0454359
0.0512384
0.0570906
0.0629909
0.0689463
0.0749715
0.0810883
0.0873251
0.0937167
0.100303
0.107124
0.114208
0.121552
0.129085
0.0122775
0.0172295
0.0225401
0.0280845
0.0337689
0.0395358
0.0453518
0.0511984
0.0570667
0.0629537
0.0688611
0.0747948
0.0807655
0.0867911
0.0929005
0.0991406
0.105578
0.112303
0.119408
0.126961
0.0100688
0.0156664
0.0214814
0.0274017
0.0333487
0.0392906
0.0452179
0.0511285
0.0570222
0.0628976
0.0687519
0.0745812
0.0803829
0.0861598
0.0919293
0.0977384
0.103682
0.109915
0.116667
0.124281
0.00697683
0.0137082
0.0202768
0.0266919
0.0329463
0.0390735
0.0451099
0.0510797
0.056995
0.0628573
0.0686589
0.0743847
0.0800153
0.0855326
0.0909313
0.096242
0.101575
0.107143
0.11334
0.121018
0.00341635
0.0118814
0.019357
0.0262636
0.0327629
0.0390082
0.0451023
0.0510981
0.057018
0.0628632
0.0686192
0.0742575
0.079739
0.0850189
0.0900566
0.0948467
0.0994938
0.104224
0.109557
0.117155
0.00143274
0.0118662
0.0196612
0.0265968
0.0330352
0.03921
0.0452547
0.0512219
0.0571255
0.0629571
0.0686901
0.0742805
0.0796664
0.0847678
0.0894903
0.0937566
0.0976171
0.10109
0.104528
0.110844
0.00598075
0.0171891
0.0228306
0.0283614
0.034024
0.0397822
0.0456168
0.051491
0.057368
0.0632109
0.068974
0.0745938
0.0799798
0.0850015
0.0894726
0.0931313
0.0956238
0.0966567
0.095428
0.0969964
0.0111844
0.016394
0.0219065
0.0275941
0.0333723
0.0391919
0.0450297
0.0508803
0.0567519
0.0626647
0.0686512
0.0747571
0.0810417
0.0875762
0.0944371
0.101693
0.109384
0.117493
0.125901
0.134373
0.0130313
0.0178056
0.02294
0.0283276
0.033886
0.0395575
0.0453059
0.0511126
0.056974
0.0628993
0.0689094
0.0750366
0.0813231
0.0878174
0.0945693
0.101619
0.108983
0.116629
0.124458
0.132282
0.013704
0.0183203
0.0233218
0.0286063
0.03409
0.0397113
0.0454287
0.0512178
0.0570687
0.0629838
0.0689765
0.0750698
0.0812952
0.0876899
0.0942936
0.101141
0.108253
0.115616
0.123166
0.13076
0.013476
0.0181375
0.0231893
0.0285219
0.0340461
0.0396988
0.0454385
0.0512402
0.0570918
0.0629917
0.0689469
0.074972
0.0810886
0.0873253
0.0937166
0.100302
0.107122
0.114205
0.121546
0.129079
0.0122893
0.0172428
0.0225509
0.0280929
0.0337748
0.0395397
0.0453543
0.0512
0.0570677
0.0629545
0.0688618
0.0747955
0.0807663
0.086792
0.0929013
0.0991407
0.105578
0.1123
0.119397
0.126946
0.0100941
0.0156881
0.021495
0.0274108
0.0333541
0.0392934
0.0452193
0.0511292
0.0570224
0.0628977
0.068752
0.0745815
0.0803834
0.0861607
0.0919305
0.0977391
0.103682
0.109914
0.116649
0.124244
0.00704433
0.0137528
0.0202974
0.0267026
0.0329509
0.039075
0.0451101
0.0510794
0.0569947
0.0628571
0.068659
0.0743851
0.080016
0.0855339
0.090933
0.0962429
0.101574
0.107138
0.113297
0.120914
0.00353103
0.0119281
0.0193665
0.0262672
0.0327625
0.0390063
0.0451005
0.0510967
0.0570167
0.0628622
0.0686183
0.0742567
0.0797386
0.0850193
0.0900581
0.0948472
0.0994924
0.104229
0.109519
0.11699
0.00157604
0.0118027
0.0195901
0.0265664
0.0330195
0.0392005
0.0452487
0.0512173
0.0571211
0.0629522
0.0686842
0.0742734
0.0796584
0.0847603
0.089486
0.0937576
0.0976363
0.101178
0.104648
0.110665
0.00682015
0.017332
0.022841
0.0283843
0.034039
0.0397893
0.0456208
0.0514938
0.0573705
0.0632137
0.0689774
0.0745981
0.079985
0.0850073
0.089477
0.0931288
0.0956144
0.0966878
0.0953663
0.0959344
0.0111844
0.016394
0.0219065
0.0275941
0.0333723
0.0391919
0.0450297
0.0508803
0.0567519
0.0626647
0.0686512
0.0747571
0.0810417
0.0875762
0.0944371
0.101693
0.109384
0.117493
0.125901
0.134373
0.0130314
0.0178056
0.02294
0.0283276
0.033886
0.0395575
0.0453059
0.0511126
0.056974
0.0628993
0.0689094
0.0750366
0.0813231
0.0878174
0.0945693
0.101619
0.108983
0.116629
0.124458
0.132282
0.013704
0.0183203
0.0233218
0.0286063
0.03409
0.0397113
0.0454287
0.0512178
0.0570687
0.0629838
0.0689765
0.0750698
0.0812952
0.0876899
0.0942936
0.101141
0.108253
0.115616
0.123166
0.13076
0.013476
0.0181375
0.0231893
0.0285219
0.0340461
0.0396988
0.0454385
0.0512402
0.0570918
0.0629917
0.0689469
0.074972
0.0810886
0.0873253
0.0937166
0.100302
0.107122
0.114205
0.121546
0.129079
0.0122893
0.0172428
0.0225509
0.0280929
0.0337748
0.0395397
0.0453543
0.0512
0.0570677
0.0629545
0.0688618
0.0747955
0.0807663
0.086792
0.0929013
0.0991407
0.105578
0.1123
0.119397
0.126946
0.0100941
0.0156881
0.021495
0.0274108
0.0333541
0.0392934
0.0452193
0.0511292
0.0570224
0.0628977
0.068752
0.0745815
0.0803834
0.0861607
0.0919305
0.0977391
0.103682
0.109914
0.116649
0.124244
0.00704433
0.0137528
0.0202974
0.0267026
0.0329509
0.039075
0.0451101
0.0510794
0.0569947
0.0628571
0.068659
0.0743851
0.080016
0.0855339
0.090933
0.0962429
0.101574
0.107138
0.113297
0.120914
0.00353104
0.0119281
0.0193665
0.0262672
0.0327625
0.0390063
0.0451005
0.0510967
0.0570167
0.0628622
0.0686183
0.0742567
0.0797386
0.0850193
0.0900581
0.0948472
0.0994924
0.104229
0.109519
0.11699
0.00157604
0.0118027
0.0195901
0.0265664
0.0330195
0.0392005
0.0452487
0.0512173
0.0571211
0.0629522
0.0686842
0.0742734
0.0796584
0.0847603
0.089486
0.0937576
0.0976363
0.101178
0.104648
0.110665
0.00682016
0.017332
0.022841
0.0283843
0.034039
0.0397893
0.0456208
0.0514938
0.0573705
0.0632137
0.0689774
0.0745981
0.079985
0.0850073
0.089477
0.0931288
0.0956144
0.0966878
0.0953663
0.0959344
0.0112108
0.0164125
0.0219188
0.0276019
0.0333771
0.0391949
0.0450318
0.050882
0.0567538
0.062667
0.0686543
0.0747611
0.0810468
0.0875822
0.0944435
0.101699
0.109388
0.117492
0.125893
0.134353
0.0130091
0.017787
0.0229253
0.0283164
0.0338776
0.0395511
0.0453009
0.0511083
0.0569698
0.0628948
0.0689044
0.0750312
0.0813174
0.0878123
0.0945659
0.101619
0.108989
0.116642
0.124481
0.132312
0.0137013
0.0183155
0.0233166
0.0286013
0.0340857
0.0397079
0.0454261
0.0512158
0.0570671
0.0629825
0.0689754
0.075069
0.0812946
0.0876897
0.094294
0.101143
0.108256
0.115621
0.123172
0.130765
0.0134717
0.0181305
0.0231823
0.0285157
0.0340411
0.0396951
0.0454359
0.0512384
0.0570906
0.0629909
0.0689463
0.0749715
0.0810883
0.0873251
0.0937167
0.100303
0.107124
0.114208
0.121552
0.129085
0.0122775
0.0172295
0.0225401
0.0280845
0.0337689
0.0395358
0.0453518
0.0511984
0.0570667
0.0629537
0.0688611
0.0747948
0.0807655
0.0867911
0.0929005
0.0991406
0.105578
0.112303
0.119408
0.126961
0.0100688
0.0156664
0.0214814
0.0274017
0.0333487
0.0392906
0.0452179
0.0511285
0.0570222
0.0628976
0.0687519
0.0745812
0.0803829
0.0861598
0.0919293
0.0977384
0.103682
0.109915
0.116667
0.124281
0.00697684
0.0137082
0.0202768
0.0266919
0.0329463
0.0390735
0.0451099
0.0510797
0.056995
0.0628573
0.0686589
0.0743847
0.0800153
0.0855326
0.0909313
0.096242
0.101575
0.107143
0.11334
0.121018
0.00341635
0.0118814
0.019357
0.0262636
0.0327629
0.0390082
0.0451023
0.0510981
0.057018
0.0628632
0.0686192
0.0742575
0.079739
0.0850189
0.0900566
0.0948467
0.0994938
0.104224
0.109557
0.117155
0.00143274
0.0118662
0.0196612
0.0265968
0.0330352
0.03921
0.0452547
0.0512219
0.0571255
0.0629571
0.0686901
0.0742805
0.0796664
0.0847678
0.0894903
0.0937566
0.0976171
0.10109
0.104528
0.110844
0.00598075
0.0171891
0.0228306
0.0283614
0.034024
0.0397822
0.0456168
0.051491
0.057368
0.0632109
0.068974
0.0745938
0.0799798
0.0850015
0.0894726
0.0931313
0.0956238
0.0966567
0.095428
0.0969964
0.142504
0.1499
0.15612
0.160851
0.163928
0.165352
0.165302
0.164141
0.162424
0.160829
0.13984
0.146695
0.152533
0.157093
0.160238
0.161972
0.16244
0.161935
0.160793
0.159228
0.138131
0.144889
0.150693
0.155286
0.158528
0.160413
0.161066
0.160735
0.1596
0.157549
0.136563
0.143507
0.14952
0.154313
0.157731
0.159756
0.160499
0.160184
0.158893
0.156308
0.134785
0.142155
0.148583
0.153735
0.157435
0.159658
0.160511
0.160211
0.158795
0.155827
0.132777
0.140842
0.147887
0.153544
0.157621
0.160106
0.161116
0.160876
0.159415
0.15626
0.130738
0.139785
0.147596
0.153843
0.158346
0.161128
0.162334
0.162211
0.160803
0.157655
0.12911
0.139426
0.148055
0.154876
0.15976
0.162808
0.164213
0.164244
0.162975
0.160007
0.128133
0.140452
0.149852
0.157053
0.162114
0.165284
0.166818
0.166997
0.165923
0.163275
0.132526
0.146068
0.154636
0.16118
0.165784
0.168721
0.170207
0.170467
0.169601
0.167364
0.142537
0.149945
0.156174
0.16091
0.163987
0.165406
0.165346
0.164172
0.162441
0.160827
0.139804
0.146653
0.152486
0.157044
0.160191
0.161929
0.162404
0.161909
0.160788
0.159207
0.138132
0.144893
0.1507
0.155293
0.158534
0.160418
0.161066
0.160734
0.159618
0.157518
0.13657
0.143519
0.149534
0.154328
0.157744
0.159767
0.160502
0.160185
0.158921
0.156267
0.134793
0.142166
0.148595
0.153747
0.157444
0.159664
0.16051
0.16021
0.158827
0.155782
0.132787
0.140854
0.147899
0.153556
0.157631
0.160112
0.161114
0.160875
0.159451
0.156213
0.130761
0.139801
0.14761
0.153856
0.158355
0.161134
0.162333
0.16221
0.160839
0.157607
0.12925
0.139483
0.14808
0.154891
0.159767
0.162811
0.16421
0.164242
0.163009
0.159961
0.128461
0.140469
0.149829
0.157045
0.162108
0.165281
0.166813
0.166994
0.165952
0.163233
0.132414
0.145694
0.15447
0.161132
0.165765
0.168715
0.170202
0.170465
0.169626
0.167328
0.142537
0.149945
0.156174
0.16091
0.163987
0.165406
0.165346
0.164172
0.162441
0.160827
0.139804
0.146653
0.152486
0.157044
0.160191
0.161929
0.162404
0.161909
0.160788
0.159207
0.138132
0.144893
0.1507
0.155293
0.158534
0.160418
0.161066
0.160734
0.159618
0.157518
0.13657
0.143519
0.149534
0.154328
0.157744
0.159767
0.160502
0.160185
0.158921
0.156267
0.134793
0.142166
0.148595
0.153747
0.157444
0.159664
0.16051
0.16021
0.158827
0.155782
0.132787
0.140854
0.147899
0.153556
0.157631
0.160112
0.161114
0.160875
0.159451
0.156213
0.130761
0.139801
0.14761
0.153856
0.158355
0.161134
0.162333
0.16221
0.160839
0.157607
0.12925
0.139483
0.14808
0.154891
0.159767
0.162811
0.16421
0.164242
0.163008
0.159961
0.128461
0.140469
0.149829
0.157045
0.162108
0.165281
0.166813
0.166994
0.165952
0.163233
0.132414
0.145694
0.15447
0.161132
0.165765
0.168715
0.170202
0.170465
0.169626
0.167328
0.142504
0.1499
0.15612
0.160851
0.163928
0.165352
0.165302
0.164141
0.162424
0.160828
0.13984
0.146695
0.152532
0.157093
0.160238
0.161972
0.16244
0.161935
0.160793
0.159228
0.138131
0.144889
0.150693
0.155286
0.158528
0.160413
0.161066
0.160735
0.1596
0.157549
0.136563
0.143507
0.14952
0.154313
0.157731
0.159756
0.160499
0.160184
0.158893
0.156308
0.134785
0.142155
0.148583
0.153735
0.157435
0.159658
0.160511
0.160211
0.158795
0.155827
0.132777
0.140842
0.147887
0.153544
0.157621
0.160106
0.161116
0.160876
0.159415
0.15626
0.130738
0.139785
0.147596
0.153843
0.158346
0.161128
0.162334
0.162211
0.160803
0.157655
0.12911
0.139426
0.148055
0.154876
0.15976
0.162808
0.164213
0.164244
0.162975
0.160007
0.128133
0.140452
0.149852
0.157053
0.162113
0.165284
0.166818
0.166997
0.165923
0.163275
0.132526
0.146068
0.154636
0.16118
0.165784
0.168721
0.170207
0.170467
0.169601
0.167363
0.166734
0.162185
0.164179
0.167761
0.17088
0.173118
0.174338
0.17459
0.173913
0.172123
0.177881
0.172577
0.172616
0.174476
0.176472
0.178075
0.179012
0.179227
0.178723
0.177368
0.183458
0.180327
0.180061
0.181026
0.182282
0.183391
0.18408
0.184255
0.183899
0.182929
0.188916
0.187216
0.186938
0.187424
0.188197
0.188941
0.189429
0.189566
0.189331
0.188679
0.194501
0.193615
0.193415
0.193667
0.19414
0.194629
0.194965
0.19507
0.194929
0.194527
0.200189
0.199767
0.199658
0.199796
0.200083
0.200394
0.200617
0.200694
0.200623
0.200413
0.205981
0.205827
0.205785
0.20586
0.206021
0.2062
0.206331
0.20638
0.206356
0.206292
0.211864
0.211886
0.211878
0.211898
0.211956
0.212022
0.212067
0.212078
0.212079
0.212128
0.217866
0.217996
0.217993
0.217948
0.217896
0.217843
0.217788
0.217743
0.217746
0.217877
0.224025
0.224216
0.224182
0.224039
0.22385
0.223647
0.223464
0.223332
0.223306
0.223488
0.230407
0.230608
0.230494
0.230204
0.229825
0.229423
0.229063
0.228801
0.228708
0.228897
0.237104
0.237238
0.236975
0.236467
0.235827
0.235156
0.234556
0.234108
0.233894
0.234028
0.244233
0.244177
0.243666
0.242849
0.241859
0.240835
0.239919
0.239217
0.238811
0.238796
0.251938
0.251482
0.25059
0.249353
0.247912
0.246448
0.245137
0.244104
0.243418
0.243117
0.2604
0.259166
0.257722
0.255948
0.253963
0.251985
0.250212
0.248776
0.247707
0.24692
0.269727
0.267197
0.264948
0.262525
0.259942
0.257429
0.255171
0.253281
0.251708
0.250191
0.279981
0.275243
0.271924
0.268818
0.26569
0.262734
0.260067
0.257732
0.255544
0.252975
0.290837
0.282543
0.277945
0.274306
0.270889
0.26779
0.264965
0.262315
0.259443
0.255445
0.302279
0.288111
0.281841
0.278044
0.274929
0.272333
0.269907
0.267296
0.263779
0.257948
0.313291
0.288374
0.280415
0.277862
0.276551
0.275795
0.274851
0.273017
0.269122
0.261087
0.167573
0.162328
0.164294
0.167828
0.170905
0.173129
0.174343
0.174593
0.173936
0.172097
0.178024
0.172513
0.172663
0.17452
0.176494
0.178088
0.179019
0.179232
0.178741
0.177349
0.183468
0.180256
0.18007
0.181047
0.182295
0.183402
0.184087
0.18426
0.183913
0.182917
0.188938
0.187187
0.186941
0.187435
0.188206
0.18895
0.189435
0.189571
0.189341
0.188672
0.194515
0.193601
0.193415
0.193672
0.194146
0.194635
0.19497
0.195074
0.194936
0.194523
0.200195
0.199761
0.199657
0.199798
0.200086
0.200398
0.20062
0.200697
0.200626
0.200411
0.205983
0.205825
0.205784
0.20586
0.206022
0.206203
0.206334
0.206382
0.206357
0.206292
0.211863
0.211887
0.211877
0.211898
0.211957
0.212023
0.212068
0.212079
0.212078
0.21213
0.217864
0.217999
0.217993
0.217947
0.217897
0.217843
0.217789
0.217743
0.217743
0.21788
0.224021
0.22422
0.224182
0.224039
0.22385
0.223647
0.223464
0.223332
0.223302
0.223491
0.230402
0.230613
0.230494
0.230203
0.229825
0.229423
0.229063
0.228801
0.228703
0.228902
0.237098
0.237243
0.236974
0.236465
0.235826
0.235156
0.234556
0.234108
0.23389
0.234033
0.244227
0.244178
0.243664
0.242847
0.241857
0.240834
0.239919
0.239217
0.238809
0.238801
0.251934
0.251477
0.250586
0.24935
0.24791
0.246447
0.245137
0.244105
0.24342
0.243121
0.260399
0.259148
0.257716
0.255944
0.25396
0.251984
0.250212
0.248779
0.247716
0.246921
0.26974
0.267159
0.264941
0.262522
0.259938
0.257427
0.255171
0.253287
0.25173
0.250186
0.280032
0.275174
0.271917
0.268817
0.265685
0.262733
0.260067
0.257741
0.255583
0.252961
0.290902
0.282369
0.277921
0.274304
0.270882
0.26779
0.264967
0.262329
0.259507
0.255416
0.302395
0.287787
0.281846
0.278086
0.274944
0.272346
0.269916
0.267317
0.263877
0.257899
0.314622
0.288482
0.28071
0.278046
0.276619
0.275828
0.274867
0.273047
0.269265
0.26101
0.167573
0.162328
0.164294
0.167828
0.170905
0.173129
0.174343
0.174593
0.173936
0.172097
0.178024
0.172513
0.172663
0.17452
0.176494
0.178088
0.179019
0.179232
0.178741
0.177349
0.183468
0.180256
0.18007
0.181047
0.182295
0.183402
0.184087
0.18426
0.183913
0.182917
0.188938
0.187187
0.186941
0.187435
0.188206
0.18895
0.189435
0.189571
0.189341
0.188672
0.194515
0.193601
0.193415
0.193672
0.194146
0.194635
0.19497
0.195074
0.194936
0.194523
0.200195
0.199761
0.199657
0.199798
0.200086
0.200398
0.20062
0.200697
0.200626
0.200411
0.205983
0.205825
0.205784
0.20586
0.206022
0.206203
0.206334
0.206382
0.206357
0.206292
0.211863
0.211887
0.211877
0.211898
0.211957
0.212023
0.212068
0.212079
0.212078
0.21213
0.217864
0.217999
0.217993
0.217947
0.217897
0.217843
0.217789
0.217743
0.217743
0.21788
0.224021
0.22422
0.224182
0.224039
0.22385
0.223647
0.223464
0.223332
0.223302
0.223491
0.230402
0.230613
0.230494
0.230203
0.229825
0.229423
0.229063
0.228801
0.228703
0.228902
0.237098
0.237243
0.236974
0.236465
0.235826
0.235156
0.234556
0.234108
0.23389
0.234033
0.244227
0.244178
0.243664
0.242847
0.241857
0.240834
0.239919
0.239217
0.238809
0.238801
0.251934
0.251477
0.250586
0.24935
0.24791
0.246447
0.245137
0.244105
0.24342
0.243121
0.260399
0.259148
0.257716
0.255944
0.25396
0.251984
0.250212
0.248779
0.247716
0.246921
0.26974
0.267159
0.264941
0.262522
0.259938
0.257427
0.255171
0.253287
0.25173
0.250186
0.280032
0.275174
0.271917
0.268817
0.265685
0.262733
0.260067
0.257741
0.255583
0.252961
0.290902
0.282369
0.277921
0.274304
0.270882
0.26779
0.264967
0.262329
0.259507
0.255416
0.302395
0.287787
0.281846
0.278086
0.274944
0.272346
0.269916
0.267317
0.263877
0.257899
0.314622
0.288482
0.28071
0.278046
0.276619
0.275828
0.274867
0.273047
0.269265
0.26101
0.166734
0.162185
0.164179
0.167761
0.17088
0.173117
0.174338
0.17459
0.173913
0.172123
0.177881
0.172577
0.172616
0.174476
0.176472
0.178075
0.179012
0.179227
0.178723
0.177368
0.183458
0.180327
0.180061
0.181026
0.182282
0.183391
0.18408
0.184255
0.183899
0.182929
0.188916
0.187216
0.186938
0.187424
0.188197
0.188941
0.189429
0.189566
0.189331
0.188679
0.194501
0.193615
0.193415
0.193667
0.19414
0.194629
0.194965
0.19507
0.194929
0.194527
0.200189
0.199767
0.199658
0.199796
0.200083
0.200394
0.200617
0.200694
0.200623
0.200413
0.205981
0.205827
0.205785
0.20586
0.206021
0.2062
0.206331
0.20638
0.206356
0.206292
0.211864
0.211886
0.211878
0.211898
0.211956
0.212022
0.212067
0.212078
0.212079
0.212128
0.217866
0.217996
0.217993
0.217948
0.217896
0.217843
0.217788
0.217743
0.217746
0.217877
0.224025
0.224216
0.224182
0.224039
0.22385
0.223647
0.223464
0.223332
0.223306
0.223488
0.230407
0.230608
0.230494
0.230204
0.229825
0.229423
0.229063
0.228801
0.228708
0.228897
0.237104
0.237238
0.236975
0.236467
0.235827
0.235156
0.234556
0.234108
0.233894
0.234028
0.244233
0.244177
0.243666
0.242849
0.241859
0.240835
0.239919
0.239217
0.238811
0.238796
0.251938
0.251482
0.25059
0.249353
0.247912
0.246448
0.245137
0.244104
0.243418
0.243117
0.2604
0.259166
0.257722
0.255948
0.253963
0.251985
0.250212
0.248776
0.247707
0.24692
0.269727
0.267197
0.264948
0.262525
0.259942
0.257429
0.255171
0.253281
0.251708
0.250191
0.279981
0.275243
0.271924
0.268818
0.26569
0.262734
0.260067
0.257732
0.255544
0.252975
0.290837
0.282543
0.277945
0.274306
0.270889
0.26779
0.264965
0.262316
0.259443
0.255445
0.302279
0.288111
0.281841
0.278044
0.274929
0.272333
0.269908
0.267296
0.263779
0.257948
0.313291
0.288374
0.280415
0.277862
0.276551
0.275795
0.274851
0.273017
0.269122
0.261087
0.25281
0.261424
0.266663
0.270766
0.274328
0.277575
0.279787
0.279966
0.276324
0.26585
0.223685
0.239503
0.250732
0.260284
0.269369
0.278022
0.2851
0.288935
0.286653
0.27381
0.206212
0.221542
0.234905
0.248408
0.262873
0.277848
0.291498
0.301078
0.301943
0.287422
0.192704
0.206543
0.22074
0.237169
0.25661
0.278439
0.300291
0.318158
0.324889
0.310631
0.182875
0.19553
0.210206
0.228969
0.252972
0.281934
0.313528
0.342751
0.35947
0.3499
0.176977
0.189319
0.204826
0.225912
0.254361
0.290755
0.333692
0.378149
0.411271
0.415336
0.174824
0.187911
0.205008
0.228905
0.262147
0.306604
0.362845
0.427561
0.486795
0.52126
0.175531
0.190098
0.209355
0.236483
0.27494
0.328368
0.400429
0.491206
0.590993
0.694845
0.177469
0.193157
0.213852
0.243029
0.285106
0.345979
0.43396
0.557277
0.726112
1.00596
0.178827
0.194022
0.21353
0.240728
0.280305
0.339615
0.432652
0.586939
0.873297
1.49041
0.253149
0.26096
0.266536
0.270756
0.274326
0.277583
0.279792
0.28
0.27652
0.265738
0.224105
0.239429
0.250667
0.26025
0.269346
0.278016
0.285092
0.288972
0.286915
0.273657
0.206467
0.221559
0.234873
0.248367
0.262833
0.27782
0.291467
0.301111
0.302283
0.287227
0.192793
0.206527
0.220688
0.2371
0.256536
0.278371
0.300216
0.318174
0.3253
0.310392
0.182901
0.195497
0.210136
0.228872
0.252857
0.281811
0.313389
0.342727
0.359903
0.349645
0.176984
0.189282
0.204746
0.225792
0.254203
0.290555
0.333449
0.378031
0.411625
0.415288
0.174839
0.187889
0.20494
0.228782
0.261949
0.306291
0.362413
0.427226
0.486772
0.52175
0.175575
0.190132
0.209376
0.236484
0.274888
0.328166
0.400051
0.490859
0.589695
0.694526
0.177537
0.19327
0.214037
0.243319
0.285536
0.346539
0.434702
0.557879
0.72288
1.00367
0.178877
0.194061
0.213549
0.24073
0.280317
0.33969
0.433009
0.587373
0.869608
1.49967
0.253149
0.26096
0.266536
0.270756
0.274326
0.277583
0.279792
0.28
0.27652
0.265738
0.224105
0.239429
0.250667
0.26025
0.269346
0.278016
0.285092
0.288972
0.286915
0.273657
0.206467
0.221559
0.234873
0.248367
0.262833
0.27782
0.291467
0.301112
0.302283
0.287227
0.192793
0.206527
0.220688
0.2371
0.256537
0.278371
0.300216
0.318174
0.3253
0.310392
0.182901
0.195497
0.210136
0.228872
0.252857
0.281811
0.313389
0.342727
0.359903
0.349645
0.176984
0.189282
0.204746
0.225792
0.254203
0.290555
0.333449
0.378031
0.411625
0.415288
0.174839
0.187889
0.20494
0.228782
0.261949
0.306291
0.362413
0.427226
0.486772
0.52175
0.175575
0.190132
0.209376
0.236484
0.274888
0.328166
0.400051
0.490859
0.589695
0.694526
0.177537
0.19327
0.214037
0.243319
0.285536
0.346539
0.434702
0.557879
0.72288
1.00367
0.178877
0.194061
0.213549
0.24073
0.280317
0.33969
0.433009
0.587373
0.869608
1.49967
0.25281
0.261424
0.266663
0.270766
0.274328
0.277575
0.279787
0.279967
0.276324
0.26585
0.223685
0.239503
0.250732
0.260284
0.269369
0.278022
0.2851
0.288935
0.286653
0.27381
0.206212
0.221542
0.234905
0.248408
0.262873
0.277848
0.291498
0.301078
0.301943
0.287422
0.192704
0.206543
0.22074
0.237169
0.25661
0.278439
0.300291
0.318158
0.324889
0.310631
0.182875
0.19553
0.210206
0.228969
0.252972
0.281934
0.313528
0.342751
0.35947
0.3499
0.176977
0.189319
0.204826
0.225912
0.254361
0.290755
0.333692
0.378149
0.411271
0.415336
0.174824
0.187911
0.205008
0.228905
0.262147
0.306604
0.362845
0.427561
0.486795
0.52126
0.175531
0.190098
0.209355
0.236483
0.27494
0.328368
0.400429
0.491206
0.590993
0.694845
0.177469
0.193157
0.213852
0.243029
0.285106
0.345979
0.43396
0.557277
0.726112
1.00596
0.178827
0.194022
0.21353
0.240728
0.280305
0.339615
0.432652
0.586939
0.873297
1.49041
-0.153676
-0.133014
-0.114979
-0.0983433
-0.0817302
-0.0649328
-0.047943
-0.0307963
-0.0135533
0.00371482
0.0209314
0.0380244
0.0549274
0.0715916
0.0880434
0.10447
0.121356
0.139738
0.162919
0.200676
-0.139731
-0.126248
-0.11173
-0.0964807
-0.0805518
-0.0641531
-0.0474196
-0.0304483
-0.0133237
0.0038796
0.0210963
0.0382676
0.0553541
0.0723589
0.0893537
0.106545
0.12433
0.143331
0.165058
0.192964
-0.136529
-0.124534
-0.110835
-0.0959775
-0.080283
-0.0640153
-0.0473473
-0.030401
-0.0132705
0.00396957
0.0212583
0.0385467
0.0558013
0.0730156
0.0902281
0.107556
0.125211
0.143489
0.162944
0.184481
-0.137724
-0.12542
-0.111543
-0.096551
-0.0807527
-0.0643878
-0.0476256
-0.0305863
-0.0133577
0.00399337
0.0214139
0.0388588
0.0562876
0.0736647
0.0909632
0.108171
0.125289
0.142319
0.159317
0.176388
-0.140425
-0.127445
-0.113076
-0.0977039
-0.0816125
-0.0650175
-0.0480705
-0.0308762
-0.0135077
0.00398168
0.0215481
0.039148
0.0567288
0.0742199
0.0915235
0.108509
0.125003
0.140801
0.155733
0.169759
-0.142861
-0.129262
-0.114425
-0.0986895
-0.0823216
-0.0655161
-0.0484065
-0.0310814
-0.0135999
0.00399543
0.0216665
0.0393677
0.0570321
0.0745566
0.0917871
0.108514
0.124459
0.139332
0.152925
0.165297
-0.14337
-0.12953
-0.114557
-0.0987419
-0.0823271
-0.0654927
-0.0483629
-0.0310199
-0.0135192
0.00409803
0.0217915
0.0395085
0.0571682
0.0746449
0.0917541
0.108248
0.123829
0.138213
0.151261
0.163189
-0.141074
-0.127591
-0.112999
-0.0975332
-0.0814112
-0.0648089
-0.047856
-0.0306447
-0.013241
0.00430259
0.0219347
0.0395901
0.0571758
0.0745549
0.091536
0.107875
0.123302
0.137596
0.150723
0.16304
-0.135985
-0.123634
-0.110018
-0.0953417
-0.0798317
-0.0636875
-0.0470694
-0.0300998
-0.012871
0.0045433
0.0220763
0.0396474
0.0571544
0.0744591
0.0913771
0.107684
0.123148
0.137604
0.151087
0.164026
-0.127735
-0.117679
-0.105819
-0.0924435
-0.0778681
-0.062379
-0.0462114
-0.0295474
-0.0125239
0.0047534
0.0221944
0.039717
0.0572185
0.0745631
0.0915765
0.108046
0.123745
0.138496
0.152289
0.165445
-0.154057
-0.132896
-0.114964
-0.0983656
-0.0817429
-0.0649404
-0.0479483
-0.0307996
-0.013555
0.00371445
0.020932
0.0380252
0.0549274
0.0715886
0.0880336
0.10445
0.121333
0.139689
0.162588
0.200074
-0.139673
-0.126078
-0.111652
-0.0964438
-0.0805254
-0.0641346
-0.047407
-0.0304398
-0.0133182
0.003883
0.0210986
0.0382704
0.0553594
0.0723697
0.0893729
0.106577
0.124389
0.143402
0.164957
0.192706
-0.136589
-0.124509
-0.11081
-0.0959592
-0.0802682
-0.0640046
-0.0473399
-0.0303959
-0.0132669
0.00397195
0.0212598
0.0385476
0.055802
0.0730159
0.0902268
0.107551
0.125205
0.14347
0.162853
0.184396
-0.137769
-0.12542
-0.111533
-0.0965416
-0.0807442
-0.0643812
-0.0476209
-0.0305829
-0.0133554
0.00399501
0.0214151
0.0388596
0.056288
0.0736644
0.0909609
0.108165
0.125279
0.142297
0.159267
0.176358
-0.140452
-0.127452
-0.113078
-0.0977039
-0.0816114
-0.0650163
-0.0480696
-0.0308757
-0.0135074
0.00398192
0.0215484
0.0391484
0.0567295
0.0742208
0.0915242
0.108508
0.125001
0.140795
0.155717
0.169754
-0.142899
-0.129287
-0.114442
-0.0987016
-0.0823299
-0.0655219
-0.0484107
-0.0310844
-0.0136021
0.00399388
0.0216655
0.0393672
0.0570322
0.0745575
0.0917887
0.108515
0.124461
0.139334
0.152926
0.165304
-0.143412
-0.129562
-0.11458
-0.0987587
-0.0823392
-0.0655013
-0.048369
-0.0310243
-0.0135224
0.00409558
0.0217897
0.0395072
0.0571675
0.0746453
0.0917561
0.108252
0.123836
0.138225
0.151277
0.163208
-0.141111
-0.127616
-0.113016
-0.0975437
-0.0814177
-0.0648129
-0.0478585
-0.0306463
-0.0132423
0.0043012
0.0219329
0.039588
0.0571736
0.0745533
0.0915362
0.107879
0.123312
0.137615
0.150752
0.163079
-0.136085
-0.123697
-0.110055
-0.0953624
-0.0798424
-0.0636924
-0.0470713
-0.0301002
-0.012871
0.00454263
0.0220746
0.0396441
0.0571493
0.0744525
0.0913699
0.107678
0.123147
0.137612
0.15111
0.164069
-0.127677
-0.117639
-0.105792
-0.0924255
-0.0778562
-0.0623714
-0.0462069
-0.0295452
-0.0125233
0.00475293
0.0221933
0.0397161
0.0572186
0.0745659
0.0915845
0.108062
0.123772
0.138536
0.15234
0.1655
-0.154057
-0.132896
-0.114964
-0.0983656
-0.0817429
-0.0649404
-0.0479483
-0.0307996
-0.013555
0.00371445
0.020932
0.0380252
0.0549274
0.0715886
0.0880336
0.10445
0.121333
0.139689
0.162588
0.200074
-0.139673
-0.126078
-0.111652
-0.0964438
-0.0805254
-0.0641346
-0.047407
-0.0304398
-0.0133182
0.003883
0.0210986
0.0382704
0.0553594
0.0723697
0.0893729
0.106577
0.124389
0.143402
0.164957
0.192706
-0.136589
-0.124509
-0.11081
-0.0959592
-0.0802682
-0.0640046
-0.0473399
-0.0303959
-0.0132669
0.00397195
0.0212598
0.0385476
0.055802
0.0730159
0.0902268
0.107551
0.125205
0.14347
0.162853
0.184396
-0.137769
-0.12542
-0.111533
-0.0965416
-0.0807442
-0.0643812
-0.0476209
-0.0305829
-0.0133554
0.00399501
0.0214151
0.0388596
0.056288
0.0736644
0.0909609
0.108165
0.125279
0.142297
0.159267
0.176358
-0.140452
-0.127452
-0.113078
-0.0977039
-0.0816114
-0.0650163
-0.0480696
-0.0308757
-0.0135074
0.00398192
0.0215484
0.0391484
0.0567295
0.0742208
0.0915242
0.108508
0.125001
0.140795
0.155717
0.169754
-0.142899
-0.129287
-0.114442
-0.0987016
-0.08233
-0.0655219
-0.0484107
-0.0310844
-0.0136021
0.00399388
0.0216655
0.0393672
0.0570322
0.0745575
0.0917887
0.108515
0.124461
0.139334
0.152926
0.165304
-0.143412
-0.129562
-0.11458
-0.0987587
-0.0823392
-0.0655013
-0.048369
-0.0310243
-0.0135224
0.00409558
0.0217897
0.0395072
0.0571675
0.0746453
0.0917561
0.108252
0.123836
0.138225
0.151277
0.163208
-0.141111
-0.127616
-0.113016
-0.0975437
-0.0814177
-0.0648129
-0.0478585
-0.0306463
-0.0132423
0.00430119
0.0219329
0.039588
0.0571736
0.0745533
0.0915362
0.107879
0.123312
0.137615
0.150752
0.163079
-0.136085
-0.123697
-0.110055
-0.0953624
-0.0798424
-0.0636924
-0.0470713
-0.0301002
-0.012871
0.00454263
0.0220746
0.0396441
0.0571493
0.0744525
0.0913699
0.107678
0.123147
0.137612
0.15111
0.164069
-0.127677
-0.117639
-0.105792
-0.0924255
-0.0778562
-0.0623714
-0.0462069
-0.0295452
-0.0125233
0.00475293
0.0221933
0.0397161
0.0572186
0.0745659
0.0915845
0.108062
0.123772
0.138536
0.15234
0.1655
-0.153676
-0.133014
-0.114979
-0.0983433
-0.0817302
-0.0649328
-0.047943
-0.0307963
-0.0135533
0.00371482
0.0209314
0.0380244
0.0549274
0.0715916
0.0880434
0.10447
0.121356
0.139738
0.162919
0.200676
-0.139731
-0.126248
-0.11173
-0.0964807
-0.0805518
-0.0641531
-0.0474196
-0.0304483
-0.0133237
0.00387961
0.0210963
0.0382676
0.0553541
0.0723589
0.0893537
0.106545
0.12433
0.143331
0.165058
0.192964
-0.136529
-0.124534
-0.110835
-0.0959775
-0.080283
-0.0640153
-0.0473473
-0.030401
-0.0132705
0.00396957
0.0212583
0.0385467
0.0558013
0.0730156
0.0902281
0.107556
0.125211
0.143489
0.162944
0.184481
-0.137724
-0.12542
-0.111543
-0.096551
-0.0807527
-0.0643878
-0.0476256
-0.0305863
-0.0133577
0.00399337
0.0214139
0.0388588
0.0562876
0.0736647
0.0909632
0.108171
0.125289
0.142319
0.159317
0.176388
-0.140425
-0.127445
-0.113076
-0.0977039
-0.0816125
-0.0650175
-0.0480705
-0.0308762
-0.0135077
0.00398168
0.0215481
0.039148
0.0567288
0.0742199
0.0915235
0.108509
0.125003
0.140801
0.155733
0.169759
-0.142861
-0.129262
-0.114425
-0.0986895
-0.0823216
-0.0655161
-0.0484065
-0.0310814
-0.0135999
0.00399543
0.0216665
0.0393677
0.0570321
0.0745566
0.0917871
0.108514
0.124459
0.139332
0.152925
0.165297
-0.14337
-0.12953
-0.114557
-0.0987419
-0.0823271
-0.0654927
-0.0483629
-0.0310199
-0.0135192
0.00409802
0.0217915
0.0395085
0.0571682
0.0746449
0.0917541
0.108248
0.123829
0.138213
0.151261
0.163189
-0.141074
-0.127591
-0.112999
-0.0975333
-0.0814112
-0.0648089
-0.047856
-0.0306447
-0.013241
0.00430259
0.0219347
0.0395902
0.0571758
0.0745549
0.091536
0.107875
0.123302
0.137596
0.150723
0.16304
-0.135985
-0.123634
-0.110018
-0.0953417
-0.0798317
-0.0636875
-0.0470694
-0.0300998
-0.012871
0.00454329
0.0220763
0.0396475
0.0571544
0.0744591
0.0913771
0.107684
0.123148
0.137604
0.151087
0.164026
-0.127735
-0.117679
-0.105819
-0.0924435
-0.0778681
-0.062379
-0.0462114
-0.0295474
-0.0125239
0.0047534
0.0221944
0.039717
0.0572185
0.0745631
0.0915765
0.108046
0.123745
0.138496
0.152289
0.165445
-0.157112
-0.159841
-0.160296
-0.159226
-0.157165
-0.154577
-0.152023
-0.150064
-0.15035
-0.156412
-0.164536
-0.16835
-0.16874
-0.167013
-0.164005
-0.160239
-0.156191
-0.152168
-0.1487
-0.146367
-0.173722
-0.178788
-0.178849
-0.176141
-0.172005
-0.167091
-0.161838
-0.156415
-0.150877
-0.144989
-0.185997
-0.192266
-0.191365
-0.187048
-0.181401
-0.175225
-0.168892
-0.162382
-0.155447
-0.147602
-0.203664
-0.21039
-0.2071
-0.199957
-0.192013
-0.184147
-0.176556
-0.168953
-0.160806
-0.151511
-0.23114
-0.235493
-0.226714
-0.214575
-0.202989
-0.192646
-0.183381
-0.174524
-0.165256
-0.154859
-0.27731
-0.270824
-0.250355
-0.229717
-0.212531
-0.198685
-0.187298
-0.177089
-0.166894
-0.155815
-0.361256
-0.319135
-0.276776
-0.243006
-0.217932
-0.199771
-0.186189
-0.17497
-0.164393
-0.153297
-0.538237
-0.375422
-0.293517
-0.244022
-0.211504
-0.190666
-0.176833
-0.16635
-0.156869
-0.146989
-0.923238
-0.430243
-0.263151
-0.205324
-0.175804
-0.160357
-0.152418
-0.147215
-0.142126
-0.135836
-0.157083
-0.159902
-0.16031
-0.159228
-0.157164
-0.154574
-0.152034
-0.150061
-0.150178
-0.156546
-0.16449
-0.168436
-0.16875
-0.167001
-0.163986
-0.16021
-0.156156
-0.152098
-0.148503
-0.146228
-0.173658
-0.178909
-0.17885
-0.176111
-0.171973
-0.167054
-0.161803
-0.156375
-0.150819
-0.145009
-0.185917
-0.19243
-0.191346
-0.18699
-0.181352
-0.175182
-0.168857
-0.162355
-0.155428
-0.14763
-0.203577
-0.210592
-0.207041
-0.199865
-0.191949
-0.184101
-0.176528
-0.16894
-0.160805
-0.151532
-0.231102
-0.235669
-0.226562
-0.214439
-0.202917
-0.19261
-0.183372
-0.174537
-0.165284
-0.154897
-0.277549
-0.270762
-0.249977
-0.229481
-0.212421
-0.19864
-0.187291
-0.177111
-0.166932
-0.15586
-0.361586
-0.318396
-0.276354
-0.242896
-0.217925
-0.199807
-0.186242
-0.175026
-0.164446
-0.153343
-0.536122
-0.372968
-0.294273
-0.245138
-0.212272
-0.191233
-0.177262
-0.16666
-0.157086
-0.147139
-0.931155
-0.425966
-0.262924
-0.20552
-0.175446
-0.159992
-0.152176
-0.147045
-0.142003
-0.13575
-0.157083
-0.159902
-0.16031
-0.159228
-0.157164
-0.154574
-0.152034
-0.150061
-0.150178
-0.156546
-0.16449
-0.168436
-0.16875
-0.167001
-0.163986
-0.16021
-0.156156
-0.152098
-0.148503
-0.146228
-0.173658
-0.178909
-0.17885
-0.176111
-0.171973
-0.167054
-0.161803
-0.156375
-0.150819
-0.145009
-0.185917
-0.19243
-0.191346
-0.18699
-0.181352
-0.175182
-0.168857
-0.162355
-0.155428
-0.14763
-0.203577
-0.210592
-0.207041
-0.199865
-0.191949
-0.184101
-0.176528
-0.16894
-0.160805
-0.151532
-0.231102
-0.235669
-0.226562
-0.214439
-0.202917
-0.19261
-0.183372
-0.174537
-0.165284
-0.154897
-0.277549
-0.270762
-0.249977
-0.229481
-0.212421
-0.19864
-0.187291
-0.177111
-0.166932
-0.15586
-0.361586
-0.318396
-0.276354
-0.242896
-0.217925
-0.199807
-0.186242
-0.175026
-0.164446
-0.153343
-0.536122
-0.372968
-0.294273
-0.245138
-0.212272
-0.191233
-0.177262
-0.16666
-0.157086
-0.147139
-0.931155
-0.425966
-0.262924
-0.20552
-0.175446
-0.159992
-0.152176
-0.147045
-0.142003
-0.13575
-0.157112
-0.159841
-0.160296
-0.159226
-0.157165
-0.154577
-0.152023
-0.150064
-0.15035
-0.156412
-0.164536
-0.16835
-0.16874
-0.167013
-0.164005
-0.160239
-0.156191
-0.152168
-0.1487
-0.146367
-0.173722
-0.178788
-0.178849
-0.176141
-0.172005
-0.167091
-0.161838
-0.156415
-0.150877
-0.144989
-0.185997
-0.192266
-0.191365
-0.187048
-0.181401
-0.175225
-0.168892
-0.162382
-0.155447
-0.147602
-0.203664
-0.21039
-0.2071
-0.199957
-0.192013
-0.184147
-0.176556
-0.168953
-0.160806
-0.151511
-0.23114
-0.235493
-0.226714
-0.214575
-0.202989
-0.192646
-0.183381
-0.174524
-0.165256
-0.154859
-0.27731
-0.270824
-0.250355
-0.229717
-0.212531
-0.198685
-0.187298
-0.177089
-0.166894
-0.155815
-0.361256
-0.319135
-0.276776
-0.243006
-0.217932
-0.199771
-0.186189
-0.17497
-0.164393
-0.153297
-0.538237
-0.375422
-0.293517
-0.244022
-0.211504
-0.190666
-0.176833
-0.16635
-0.156869
-0.146989
-0.923238
-0.430243
-0.263151
-0.205324
-0.175804
-0.160357
-0.152418
-0.147215
-0.142126
-0.135836
-0.0264573
-0.0285001
-0.0300484
-0.0317287
-0.0338524
-0.0365329
-0.0397973
-0.0436622
-0.0499803
-0.0638478
-0.0349174
-0.0363319
-0.0376409
-0.0392618
-0.0414069
-0.0441485
-0.0474768
-0.0512621
-0.0562964
-0.0654074
-0.0433192
-0.0441715
-0.0451934
-0.0466068
-0.0485122
-0.0509008
-0.0536739
-0.0565953
-0.0597324
-0.0641712
-0.0514241
-0.0518256
-0.0525597
-0.0536922
-0.0552375
-0.057134
-0.0592413
-0.0613241
-0.0632032
-0.0652004
-0.0591133
-0.0591962
-0.0596744
-0.0605144
-0.0616759
-0.0630769
-0.064573
-0.0659692
-0.0670617
-0.0676904
-0.0663689
-0.0662512
-0.0665255
-0.0671027
-0.0679167
-0.068885
-0.0698813
-0.0707565
-0.0713257
-0.071348
-0.0732295
-0.0730071
-0.0731335
-0.0734974
-0.0740271
-0.0746528
-0.0752763
-0.0757902
-0.0760455
-0.0758192
-0.0797633
-0.0795056
-0.0795345
-0.0797393
-0.0800544
-0.0804271
-0.080788
-0.081064
-0.0811434
-0.0808424
-0.0860456
-0.0857975
-0.0857698
-0.0858646
-0.0860281
-0.0862246
-0.0864093
-0.0865359
-0.086524
-0.0862316
-0.0921467
-0.0919337
-0.0918794
-0.091904
-0.0919668
-0.0920471
-0.0921198
-0.0921581
-0.0921061
-0.0918578
-0.0981243
-0.0979592
-0.0978993
-0.0978831
-0.0978828
-0.0978902
-0.0978959
-0.0978873
-0.0978256
-0.0976328
-0.104022
-0.103911
-0.10386
-0.103823
-0.103784
-0.103747
-0.103715
-0.103687
-0.103635
-0.103498
-0.109871
-0.109819
-0.109786
-0.109741
-0.109677
-0.10961
-0.109558
-0.109529
-0.109501
-0.109419
-0.115687
-0.115707
-0.115701
-0.115652
-0.115564
-0.115468
-0.115404
-0.115389
-0.115403
-0.115382
-0.121483
-0.121595
-0.121626
-0.12157
-0.121448
-0.121313
-0.121233
-0.121243
-0.121334
-0.1214
-0.127259
-0.127507
-0.127586
-0.127512
-0.127329
-0.127125
-0.127014
-0.127071
-0.127287
-0.127537
-0.133023
-0.133474
-0.133617
-0.133503
-0.133209
-0.132877
-0.132697
-0.132813
-0.133246
-0.13393
-0.138791
-0.139551
-0.139776
-0.139578
-0.13909
-0.138529
-0.1382
-0.13835
-0.139121
-0.140995
-0.144619
-0.145836
-0.146156
-0.145801
-0.144993
-0.144048
-0.143421
-0.143531
-0.145002
-0.150465
-0.150637
-0.152501
-0.15291
-0.152285
-0.150976
-0.149403
-0.148168
-0.147968
-0.15084
-0.163375
-0.0264382
-0.0285309
-0.0300537
-0.031734
-0.0338673
-0.0365706
-0.0399008
-0.0438275
-0.0501588
-0.064911
-0.0349095
-0.0363542
-0.0376471
-0.0392678
-0.0414174
-0.0441663
-0.0475198
-0.0513001
-0.0561762
-0.065469
-0.0433187
-0.0441847
-0.0451979
-0.0466099
-0.0485152
-0.0509024
-0.0536793
-0.05659
-0.059644
-0.0641401
-0.0514278
-0.0518313
-0.0525626
-0.0536938
-0.0552383
-0.0571337
-0.0592424
-0.0613256
-0.063184
-0.0652098
-0.0591191
-0.0591964
-0.0596759
-0.0605152
-0.0616759
-0.0630763
-0.0645721
-0.0659687
-0.0670606
-0.067693
-0.0663753
-0.0662479
-0.066526
-0.0671029
-0.0679159
-0.0688839
-0.0698795
-0.070755
-0.0713299
-0.0713436
-0.0732355
-0.0730022
-0.0731334
-0.0734974
-0.0740263
-0.0746519
-0.0752749
-0.0757897
-0.0760529
-0.0758136
-0.0797683
-0.0795003
-0.0795342
-0.0797393
-0.0800537
-0.0804266
-0.0807871
-0.0810642
-0.0811512
-0.0808373
-0.0860496
-0.0857926
-0.0857694
-0.0858646
-0.0860276
-0.0862243
-0.0864087
-0.0865363
-0.0865307
-0.0862275
-0.0921497
-0.0919297
-0.0918791
-0.091904
-0.0919665
-0.0920469
-0.0921194
-0.0921586
-0.0921115
-0.0918547
-0.0981264
-0.0979562
-0.0978992
-0.0978833
-0.0978827
-0.09789
-0.0978955
-0.0978875
-0.0978296
-0.0976306
-0.104024
-0.103909
-0.10386
-0.103823
-0.103784
-0.103747
-0.103715
-0.103687
-0.103638
-0.103497
-0.109871
-0.109819
-0.109787
-0.109741
-0.109677
-0.109609
-0.109557
-0.109528
-0.109502
-0.109419
-0.115688
-0.115708
-0.115703
-0.115653
-0.115564
-0.115468
-0.115403
-0.115387
-0.115403
-0.115382
-0.121483
-0.121599
-0.121628
-0.121572
-0.121448
-0.121312
-0.12123
-0.121241
-0.121331
-0.1214
-0.127259
-0.127513
-0.12759
-0.127516
-0.127331
-0.127124
-0.12701
-0.127066
-0.12728
-0.127541
-0.133021
-0.133484
-0.133623
-0.133508
-0.133212
-0.132876
-0.132693
-0.132806
-0.133235
-0.133941
-0.138786
-0.139569
-0.139785
-0.139585
-0.139095
-0.13853
-0.138197
-0.138341
-0.139074
-0.140956
-0.14461
-0.145864
-0.146168
-0.14581
-0.145001
-0.144053
-0.143428
-0.143528
-0.144875
-0.150316
-0.15062
-0.152543
-0.152925
-0.152295
-0.150987
-0.149421
-0.148221
-0.148058
-0.150851
-0.163822
-0.0264382
-0.0285309
-0.0300537
-0.0317341
-0.0338673
-0.0365706
-0.0399008
-0.0438275
-0.0501588
-0.064911
-0.0349095
-0.0363542
-0.0376471
-0.0392678
-0.0414174
-0.0441663
-0.0475198
-0.0513001
-0.0561762
-0.065469
-0.0433187
-0.0441847
-0.0451979
-0.0466099
-0.0485152
-0.0509024
-0.0536793
-0.05659
-0.059644
-0.0641401
-0.0514278
-0.0518313
-0.0525626
-0.0536938
-0.0552383
-0.0571337
-0.0592424
-0.0613256
-0.063184
-0.0652098
-0.0591191
-0.0591964
-0.0596759
-0.0605152
-0.0616759
-0.0630763
-0.0645721
-0.0659687
-0.0670606
-0.067693
-0.0663753
-0.0662479
-0.066526
-0.0671029
-0.0679159
-0.0688839
-0.0698795
-0.070755
-0.0713299
-0.0713437
-0.0732355
-0.0730022
-0.0731334
-0.0734974
-0.0740263
-0.0746519
-0.0752749
-0.0757897
-0.0760529
-0.0758136
-0.0797683
-0.0795003
-0.0795342
-0.0797393
-0.0800537
-0.0804266
-0.0807871
-0.0810642
-0.0811512
-0.0808373
-0.0860496
-0.0857926
-0.0857694
-0.0858646
-0.0860276
-0.0862243
-0.0864087
-0.0865363
-0.0865307
-0.0862275
-0.0921497
-0.0919297
-0.0918791
-0.091904
-0.0919665
-0.0920469
-0.0921194
-0.0921586
-0.0921115
-0.0918547
-0.0981264
-0.0979562
-0.0978992
-0.0978833
-0.0978827
-0.09789
-0.0978955
-0.0978875
-0.0978296
-0.0976306
-0.104024
-0.103909
-0.10386
-0.103823
-0.103784
-0.103747
-0.103715
-0.103687
-0.103638
-0.103497
-0.109871
-0.109819
-0.109787
-0.109741
-0.109677
-0.109609
-0.109557
-0.109528
-0.109502
-0.109419
-0.115688
-0.115708
-0.115703
-0.115653
-0.115564
-0.115468
-0.115403
-0.115387
-0.115403
-0.115382
-0.121483
-0.121599
-0.121628
-0.121572
-0.121448
-0.121312
-0.12123
-0.121241
-0.121331
-0.1214
-0.127259
-0.127513
-0.12759
-0.127516
-0.127331
-0.127124
-0.12701
-0.127066
-0.12728
-0.127541
-0.133021
-0.133484
-0.133623
-0.133508
-0.133212
-0.132876
-0.132693
-0.132806
-0.133235
-0.133941
-0.138786
-0.139569
-0.139785
-0.139585
-0.139095
-0.13853
-0.138197
-0.138341
-0.139074
-0.140956
-0.14461
-0.145864
-0.146168
-0.14581
-0.145001
-0.144053
-0.143428
-0.143528
-0.144875
-0.150316
-0.15062
-0.152543
-0.152925
-0.152295
-0.150987
-0.149421
-0.148221
-0.148058
-0.150851
-0.163822
-0.0264573
-0.0285001
-0.0300484
-0.0317288
-0.0338524
-0.0365329
-0.0397973
-0.0436622
-0.0499803
-0.0638478
-0.0349174
-0.0363319
-0.0376409
-0.0392618
-0.0414069
-0.0441485
-0.0474768
-0.0512621
-0.0562964
-0.0654074
-0.0433192
-0.0441715
-0.0451934
-0.0466068
-0.0485122
-0.0509008
-0.0536739
-0.0565953
-0.0597324
-0.0641712
-0.0514241
-0.0518256
-0.0525597
-0.0536922
-0.0552375
-0.057134
-0.0592413
-0.0613241
-0.0632032
-0.0652004
-0.0591133
-0.0591962
-0.0596744
-0.0605144
-0.0616759
-0.0630769
-0.064573
-0.0659692
-0.0670617
-0.0676904
-0.0663689
-0.0662512
-0.0665255
-0.0671027
-0.0679167
-0.068885
-0.0698813
-0.0707565
-0.0713257
-0.071348
-0.0732295
-0.0730071
-0.0731335
-0.0734974
-0.0740271
-0.0746528
-0.0752763
-0.0757902
-0.0760455
-0.0758192
-0.0797633
-0.0795056
-0.0795345
-0.0797393
-0.0800544
-0.0804271
-0.080788
-0.081064
-0.0811434
-0.0808424
-0.0860456
-0.0857975
-0.0857698
-0.0858646
-0.0860281
-0.0862246
-0.0864093
-0.0865359
-0.086524
-0.0862316
-0.0921467
-0.0919337
-0.0918794
-0.091904
-0.0919668
-0.0920471
-0.0921198
-0.0921582
-0.0921061
-0.0918578
-0.0981243
-0.0979592
-0.0978993
-0.0978831
-0.0978828
-0.0978902
-0.0978959
-0.0978873
-0.0978256
-0.0976328
-0.104022
-0.103911
-0.10386
-0.103823
-0.103784
-0.103747
-0.103715
-0.103687
-0.103635
-0.103498
-0.109871
-0.109819
-0.109786
-0.109741
-0.109677
-0.109609
-0.109558
-0.109529
-0.109501
-0.109419
-0.115687
-0.115707
-0.115701
-0.115652
-0.115564
-0.115468
-0.115404
-0.115389
-0.115403
-0.115382
-0.121483
-0.121595
-0.121626
-0.12157
-0.121448
-0.121313
-0.121233
-0.121243
-0.121334
-0.1214
-0.127259
-0.127507
-0.127586
-0.127512
-0.127329
-0.127125
-0.127014
-0.127071
-0.127287
-0.127537
-0.133023
-0.133474
-0.133617
-0.133503
-0.133209
-0.132877
-0.132697
-0.132813
-0.133246
-0.13393
-0.138791
-0.139551
-0.139776
-0.139578
-0.13909
-0.138529
-0.1382
-0.13835
-0.139121
-0.140995
-0.144619
-0.145836
-0.146156
-0.145801
-0.144993
-0.144048
-0.143421
-0.143531
-0.145002
-0.150465
-0.150637
-0.152501
-0.15291
-0.152285
-0.150976
-0.149403
-0.148168
-0.147968
-0.15084
-0.163375
)
;

boundaryField
{
    carasuperior
    {
        type            zeroGradient;
    }
    lateralizquierda
    {
        type            zeroGradient;
    }
    lateralderecha
    {
        type            zeroGradient;
    }
    carainferior
    {
        type            zeroGradient;
    }
    carainteriores
    {
        type            zeroGradient;
    }
    defaultFaces
    {
        type            empty;
    }
}


// ************************************************************************* //
