/*--------------------------------*- C++ -*----------------------------------*\
| =========                 |                                                 |
| \\      /  F ield         | OpenFOAM: The Open Source CFD Toolbox           |
|  \\    /   O peration     | Version:  2.4.0                                 |
|   \\  /    A nd           | Web:      www.OpenFOAM.org                      |
|    \\/     M anipulation  |                                                 |
\*---------------------------------------------------------------------------*/
FoamFile
{
    version     2.0;
    format      ascii;
    class       volScalarField;
    location    "0.59";
    object      T;
}
// * * * * * * * * * * * * * * * * * * * * * * * * * * * * * * * * * * * * * //

dimensions      [0 0 0 1 0 0 0];

internalField   nonuniform List<scalar> 
1600
(
101.39
104.168
106.945
109.718
112.485
115.246
117.998
120.741
123.472
126.191
128.896
131.585
134.257
136.911
139.546
142.161
144.755
147.327
149.876
152.403
154.906
157.386
159.843
162.276
164.687
167.077
169.445
171.792
174.121
176.432
178.727
181.007
183.273
185.527
187.771
190.006
192.235
194.457
196.676
198.892
101.391
104.171
106.949
109.724
112.493
115.256
118.01
120.754
123.488
126.208
128.914
131.604
134.278
136.933
139.569
142.185
144.78
147.352
149.902
152.429
154.932
157.412
159.869
162.302
164.712
167.1
169.467
171.814
174.141
176.451
178.744
181.022
183.287
185.539
187.782
190.015
192.242
194.462
196.679
198.893
101.392
104.176
106.958
109.736
112.509
115.275
118.033
120.781
123.517
126.24
128.949
131.643
134.319
136.976
139.615
142.232
144.829
147.403
149.954
152.481
154.985
157.464
159.92
162.353
164.762
167.148
169.514
171.858
174.183
176.489
178.779
181.054
183.315
185.564
187.803
190.033
192.255
194.472
196.685
198.895
101.395
104.184
106.971
109.755
112.533
115.304
118.067
120.82
123.561
126.289
129.002
131.699
134.379
137.04
139.682
142.302
144.901
147.477
150.029
152.558
155.062
157.542
159.997
162.428
164.835
167.22
169.582
171.923
174.244
176.547
178.832
181.102
183.358
185.602
187.835
190.059
192.275
194.486
196.693
198.898
101.399
104.195
106.989
109.779
112.564
115.342
118.112
120.871
123.618
126.352
129.071
131.774
134.459
137.125
139.77
142.394
144.996
147.574
150.129
152.658
155.163
157.643
160.098
162.527
164.933
167.314
169.673
172.01
174.326
176.623
178.903
181.166
183.415
185.652
187.877
190.094
192.303
194.506
196.705
198.902
101.403
104.208
107.011
109.81
112.603
115.39
118.167
120.934
123.689
126.431
129.157
131.866
134.557
137.228
139.879
142.507
145.113
147.694
150.251
152.783
155.288
157.768
160.222
162.65
165.053
167.431
169.786
172.118
174.428
176.719
178.991
181.246
183.487
185.714
187.931
190.138
192.337
194.531
196.72
198.907
101.408
104.223
107.037
109.846
112.65
115.446
118.234
121.01
123.774
126.524
129.258
131.975
134.673
137.351
140.008
142.642
145.252
147.837
150.397
152.93
155.437
157.917
160.37
162.796
165.196
167.571
169.92
172.246
174.55
176.833
179.096
181.342
183.573
185.79
187.995
190.191
192.378
194.56
196.738
198.913
101.414
104.242
107.067
109.888
112.704
115.512
118.31
121.098
123.872
126.632
129.376
132.102
134.808
137.494
140.157
142.797
145.412
148.001
150.564
153.1
155.608
158.089
160.541
162.965
165.362
167.732
170.076
172.396
174.692
176.965
179.219
181.454
183.673
185.878
188.07
190.253
192.427
194.595
196.759
198.92
101.421
104.262
107.102
109.937
112.766
115.587
118.398
121.198
123.984
126.755
129.509
132.245
134.961
137.655
140.326
142.972
145.593
148.187
150.754
153.292
155.802
158.282
160.734
163.156
165.55
167.915
170.253
172.565
174.853
177.116
179.359
181.582
183.788
185.979
188.156
190.324
192.482
194.635
196.783
198.928
101.429
104.286
107.14
109.991
112.835
115.671
118.496
121.31
124.109
126.893
129.659
132.406
135.131
137.834
140.514
143.167
145.794
148.394
150.964
153.506
156.017
158.498
160.948
163.368
165.758
168.119
170.451
172.755
175.033
177.286
179.516
181.726
183.917
186.092
188.254
190.404
192.545
194.68
196.81
198.937
101.438
104.312
107.184
110.051
112.912
115.764
118.605
121.434
124.248
127.045
129.824
132.583
135.32
138.033
140.721
143.383
146.016
148.621
151.196
153.74
156.253
158.734
161.184
163.601
165.988
168.343
170.668
172.963
175.231
177.473
179.69
181.885
184.061
186.219
188.362
190.493
192.615
194.73
196.84
198.947
101.447
104.341
107.232
110.118
112.997
115.867
118.725
121.571
124.401
127.213
130.006
132.778
135.526
138.25
140.948
143.618
146.258
148.869
151.448
153.995
156.51
158.991
161.439
163.854
166.236
168.586
170.904
173.191
175.448
177.677
179.881
182.06
184.219
186.358
188.482
190.592
192.693
194.786
196.873
198.958
101.458
104.372
107.284
110.191
113.09
115.98
118.857
121.721
124.568
127.396
130.204
132.99
135.751
138.487
141.194
143.873
146.521
149.137
151.721
154.271
156.787
159.269
161.715
164.127
166.505
168.848
171.158
173.436
175.682
177.899
180.088
182.251
184.391
186.51
188.613
190.701
192.778
194.847
196.91
198.97
101.47
104.407
107.342
110.271
113.193
116.104
119.002
121.885
124.75
127.596
130.421
133.221
135.996
138.743
141.462
144.149
146.805
149.427
152.015
154.568
157.085
159.567
162.012
164.42
166.793
169.13
171.432
173.7
175.934
178.137
180.311
182.457
184.577
186.676
188.755
190.819
192.871
194.913
196.951
198.984
101.482
104.445
107.405
110.359
113.305
116.239
119.159
122.064
124.949
127.814
130.656
133.472
136.261
139.021
141.751
144.448
147.111
149.739
152.332
154.887
157.406
159.887
162.329
164.734
167.102
169.431
171.725
173.982
176.204
178.393
180.55
182.678
184.779
186.855
188.91
190.948
192.972
194.986
196.994
198.998
101.496
104.487
107.474
110.455
113.427
116.386
119.331
122.258
125.166
128.05
130.911
133.744
136.548
139.322
142.063
144.77
147.441
150.076
152.673
155.231
157.751
160.231
162.671
165.072
167.433
169.755
172.038
174.284
176.493
178.667
180.807
182.915
184.995
187.047
189.077
191.087
193.081
195.065
197.042
199.014
101.511
104.532
107.55
110.56
113.56
116.547
119.518
122.47
125.401
128.308
131.188
134.039
136.86
139.647
142.401
145.118
147.798
150.439
153.04
155.602
158.122
160.601
163.039
165.434
167.789
170.102
172.375
174.609
176.803
178.96
181.082
183.17
185.226
187.254
189.256
191.237
193.2
195.15
197.094
199.031
101.528
104.582
107.633
110.675
113.706
116.723
119.722
122.702
125.657
128.587
131.489
134.36
137.197
140
142.767
145.495
148.184
150.832
153.438
156.002
158.524
161.001
163.436
165.826
168.173
170.477
172.739
174.958
177.137
179.276
181.378
183.443
185.475
187.476
189.45
191.399
193.328
195.243
197.15
199.05
101.546
104.637
107.723
110.801
113.866
116.915
119.946
122.954
125.937
128.892
131.817
134.708
137.565
140.384
143.164
145.904
148.603
151.258
153.87
156.437
158.959
161.435
163.866
166.251
168.59
170.883
173.132
175.337
177.498
179.618
181.697
183.738
185.743
187.715
189.658
191.574
193.467
195.344
197.211
199.07
101.567
104.697
107.823
110.939
114.041
117.126
120.19
123.23
126.243
129.225
132.175
135.089
137.965
140.802
143.597
146.35
149.058
151.721
154.338
156.909
159.431
161.906
164.333
166.712
169.042
171.324
173.559
175.747
177.89
179.988
182.043
184.057
186.033
187.974
189.882
191.762
193.617
195.453
197.277
199.092
101.589
104.763
107.932
111.09
114.233
117.357
120.459
123.533
126.578
129.59
132.566
135.504
138.402
141.257
144.069
146.835
149.554
152.226
154.849
157.423
159.946
162.42
164.842
167.214
169.534
171.804
174.024
176.194
178.316
180.391
182.419
184.405
186.349
188.255
190.126
191.967
193.78
195.571
197.349
199.115
101.613
104.837
108.053
111.258
114.445
117.612
120.754
123.866
126.946
129.99
132.995
135.959
138.88
141.756
144.584
147.365
150.096
152.777
155.406
157.983
160.508
162.979
165.397
167.761
170.071
172.328
174.531
176.682
178.781
180.83
182.83
184.784
186.693
188.561
190.392
192.189
193.957
195.7
197.427
199.141
101.64
104.917
108.186
111.442
114.679
117.893
121.079
124.232
127.35
130.429
133.466
136.458
139.404
142.301
145.148
147.944
150.688
153.378
156.014
158.595
161.121
163.59
166.003
168.359
170.658
172.9
175.086
177.216
179.29
181.312
183.28
185.199
187.07
188.896
190.682
192.432
194.15
195.841
197.514
199.17
101.67
105.007
108.334
111.647
114.938
118.203
121.437
124.636
127.795
130.912
133.983
137.005
139.978
142.898
145.766
148.578
151.335
154.036
156.679
159.264
161.79
164.257
166.665
169.012
171.299
173.525
175.692
177.799
179.848
181.839
183.774
185.654
187.483
189.264
191.001
192.699
194.362
195.996
197.608
199.201
101.703
105.106
108.498
111.873
115.225
118.547
121.834
125.082
128.287
131.444
134.552
137.607
140.608
143.554
146.442
149.272
152.043
154.755
157.405
159.994
162.522
164.986
167.388
169.726
172
174.21
176.356
178.439
180.459
182.417
184.315
186.155
187.938
189.669
191.353
192.993
194.595
196.166
197.713
199.236
101.74
105.217
108.681
112.126
115.544
118.928
122.274
125.576
128.829
132.031
135.178
138.269
141.301
144.273
147.183
150.032
152.818
155.541
158.199
160.792
163.32
165.782
168.178
170.506
172.766
174.958
177.083
179.14
181.129
183.053
184.911
186.706
188.44
190.117
191.741
193.318
194.853
196.353
197.828
199.274
101.782
105.341
108.885
112.407
115.899
119.352
122.762
126.122
129.429
132.679
135.869
138.997
142.061
145.061
147.995
150.864
153.665
156.399
159.066
161.663
164.192
166.651
169.04
171.357
173.603
175.777
177.879
179.908
181.865
183.751
185.566
187.313
188.994
190.612
192.171
193.678
195.139
196.562
197.956
199.317
101.828
105.479
109.114
112.722
116.295
119.824
123.304
126.728
130.093
133.394
136.629
139.797
142.896
145.926
148.885
151.773
154.591
157.337
160.011
162.614
165.143
167.599
169.98
172.287
174.518
176.672
178.749
180.75
182.672
184.519
186.289
187.984
189.607
191.16
192.649
194.079
195.458
196.794
198.098
199.364
101.88
105.635
109.37
113.074
116.738
120.351
123.907
127.401
130.827
134.184
137.467
140.677
143.813
146.873
149.857
152.767
155.601
158.359
161.042
163.649
166.179
168.631
171.005
173.3
175.515
177.649
179.702
181.671
183.558
185.363
187.084
188.724
190.285
191.769
193.18
194.526
195.814
197.054
198.257
199.417
101.94
105.811
109.659
113.471
117.235
120.94
124.58
128.149
131.641
135.056
138.391
141.645
144.817
147.909
150.92
153.851
156.702
159.473
162.164
164.775
167.305
169.754
172.12
174.404
176.603
178.716
180.742
182.681
184.53
186.291
187.961
189.543
191.037
192.446
193.773
195.027
196.214
197.346
198.436
199.477
102.007
106.011
109.987
113.92
117.795
121.601
125.332
128.98
132.544
136.019
139.407
142.706
145.918
149.042
152.08
155.033
157.9
160.683
163.383
165.998
168.528
170.973
173.332
175.603
177.786
179.878
181.878
183.785
185.596
187.311
188.929
190.449
191.872
193.2
194.437
195.589
196.664
197.676
198.638
199.545
102.084
106.24
110.361
114.429
118.427
122.344
126.172
129.906
133.544
137.083
140.526
143.871
147.122
150.278
153.343
156.317
159.201
161.997
164.704
167.323
169.854
172.295
174.646
176.905
179.072
181.143
183.116
184.991
186.763
188.432
189.996
191.452
192.801
194.043
195.182
196.223
197.174
198.051
198.867
199.622
102.173
106.504
110.791
115.011
119.146
123.183
127.115
130.938
134.652
138.257
141.755
145.147
148.436
151.625
154.716
157.711
160.612
163.419
166.134
168.757
171.287
173.725
176.068
178.316
180.466
182.517
184.465
186.307
188.042
189.664
191.173
192.564
193.836
194.988
196.022
196.942
197.756
198.481
199.13
199.712
102.278
106.812
111.29
115.682
119.966
124.132
128.173
132.09
135.881
139.552
143.104
146.541
149.869
153.089
156.205
159.22
162.136
164.955
167.677
170.303
172.834
175.268
177.604
179.841
181.976
184.007
185.93
187.742
189.439
191.017
192.471
193.797
194.991
196.05
196.974
197.764
198.426
198.979
199.436
199.818
102.403
107.178
111.878
116.461
120.908
125.21
129.365
133.374
137.243
140.977
144.582
148.063
151.426
154.675
157.815
160.849
163.78
166.609
169.338
171.968
174.498
176.929
179.259
181.485
183.606
185.619
187.519
189.303
190.966
192.501
193.903
195.166
196.283
197.248
198.057
198.709
199.205
199.564
199.799
199.947
102.557
107.625
112.581
117.378
121.999
126.441
130.708
134.808
138.75
142.544
146.198
149.719
153.115
156.391
159.553
162.604
165.547
168.386
171.121
173.754
176.285
178.713
181.037
183.255
185.364
187.36
189.241
190.999
192.631
194.127
195.482
196.687
197.731
198.604
199.298
199.806
200.123
200.265
200.239
200.103
102.755
108.188
113.441
118.47
123.269
127.849
132.223
136.407
140.416
144.264
147.961
151.517
154.942
158.241
161.422
164.487
167.442
170.289
173.03
175.667
178.198
180.624
182.944
185.155
187.254
189.237
191.101
192.839
194.444
195.908
197.222
198.375
199.354
200.144
200.729
201.094
201.223
201.123
200.782
200.298
103.028
108.931
114.52
119.786
124.757
129.463
133.931
138.188
142.253
146.146
149.878
153.464
156.912
160.231
163.427
166.505
169.47
172.324
175.071
177.71
180.242
182.668
184.985
187.191
189.283
191.257
193.108
194.83
196.415
197.854
199.136
200.249
201.176
201.897
202.389
202.625
202.57
202.209
201.487
200.559
103.488
109.971
115.895
121.382
126.502
131.311
135.854
140.166
144.275
148.201
151.961
155.568
159.035
162.368
165.576
168.664
171.637
174.497
177.248
179.89
182.425
184.85
187.166
189.37
191.458
193.426
195.269
196.981
198.553
199.975
201.236
202.321
203.212
203.885
204.311
204.452
204.249
203.645
202.499
200.998
104.335
111.556
117.755
123.391
128.602
133.469
138.052
142.393
146.524
150.468
154.242
157.861
161.337
164.679
167.893
170.987
173.964
176.828
179.582
182.226
184.761
187.187
189.503
191.705
193.791
195.756
197.595
199.301
200.866
202.28
203.529
204.599
205.469
206.116
206.504
206.593
206.307
205.567
204.129
202.048
)
;

boundaryField
{
    carasuperior
    {
        type            fixedGradient;
        gradient        uniform 100;
    }
    lateralizquierda
    {
        type            fixedValue;
        value           uniform 100;
    }
    lateralderecha
    {
        type            fixedValue;
        value           uniform 200;
    }
    carainferior
    {
        type            zeroGradient;
    }
    frontAndBack
    {
        type            empty;
    }
}


// ************************************************************************* //
