/*--------------------------------*- C++ -*----------------------------------*\
| =========                 |                                                 |
| \\      /  F ield         | OpenFOAM: The Open Source CFD Toolbox           |
|  \\    /   O peration     | Version:  2.4.0                                 |
|   \\  /    A nd           | Web:      www.OpenFOAM.org                      |
|    \\/     M anipulation  |                                                 |
\*---------------------------------------------------------------------------*/
FoamFile
{
    version     2.0;
    format      ascii;
    class       volScalarField;
    location    "0.675";
    object      T;
}
// * * * * * * * * * * * * * * * * * * * * * * * * * * * * * * * * * * * * * //

dimensions      [0 0 0 1 0 0 0];

internalField   nonuniform List<scalar> 
1600
(
101.404
104.21
107.013
109.813
112.607
115.393
118.17
120.936
123.69
126.429
129.153
131.86
134.548
137.217
139.864
142.489
145.091
147.67
150.223
152.752
155.255
157.732
160.185
162.612
165.014
167.393
169.748
172.081
174.394
176.687
178.963
181.221
183.466
185.697
187.916
190.126
192.329
194.525
196.717
198.906
101.404
104.212
107.018
109.819
112.615
115.403
118.182
120.95
123.705
126.446
129.172
131.88
134.569
137.239
139.887
142.514
145.117
147.695
150.249
152.778
155.281
157.759
160.21
162.637
165.039
167.416
169.771
172.103
174.414
176.706
178.98
181.237
183.48
185.709
187.927
190.135
192.336
194.53
196.72
198.907
101.406
104.218
107.027
109.832
112.631
115.422
118.205
120.976
123.734
126.479
129.207
131.918
134.61
137.282
139.933
142.561
145.165
147.746
150.301
152.83
155.333
157.811
160.262
162.688
165.088
167.464
169.817
172.147
174.456
176.744
179.015
181.269
183.508
185.734
187.948
190.153
192.349
194.539
196.725
198.909
101.409
104.226
107.04
109.85
112.655
115.451
118.239
121.015
123.778
126.527
129.26
131.975
134.671
137.346
140
142.631
145.238
147.82
150.376
152.907
155.411
157.888
160.339
162.763
165.162
167.536
169.885
172.212
174.517
176.802
179.068
181.317
183.551
185.771
187.98
190.179
192.37
194.554
196.734
198.912
101.412
104.236
107.058
109.875
112.686
115.49
118.284
121.066
123.836
126.591
129.329
132.05
134.75
137.431
140.088
142.723
145.333
147.917
150.476
153.007
155.512
157.989
160.439
162.862
165.259
167.63
169.976
172.299
174.599
176.878
179.138
181.381
183.608
185.821
188.022
190.214
192.397
194.574
196.746
198.916
101.417
104.249
107.079
109.905
112.725
115.537
118.339
121.13
123.907
126.669
129.415
132.142
134.849
137.534
140.197
142.836
145.45
148.038
150.598
153.132
155.637
158.115
160.564
162.985
165.38
167.747
170.089
172.406
174.701
176.973
179.226
181.461
183.679
185.884
188.076
190.258
192.431
194.598
196.761
198.921
101.422
104.265
107.106
109.942
112.772
115.594
118.406
121.206
123.992
126.763
129.517
132.251
134.965
137.658
140.327
142.971
145.589
148.18
150.744
153.279
155.786
158.263
160.712
163.132
165.523
167.887
170.224
172.535
174.822
177.087
179.331
181.557
183.765
185.959
188.14
190.31
192.472
194.628
196.778
198.927
101.428
104.283
107.136
109.984
112.826
115.659
118.483
121.294
124.09
126.871
129.634
132.378
135.1
137.8
140.476
143.126
145.749
148.345
150.912
153.449
155.957
158.435
160.883
163.3
165.689
168.048
170.379
172.684
174.964
177.22
179.454
181.668
183.865
186.047
188.215
190.372
192.521
194.662
196.799
198.933
101.435
104.304
107.17
110.032
112.888
115.734
118.57
121.393
124.202
126.994
129.768
132.521
135.253
137.961
140.644
143.301
145.93
148.53
151.101
153.641
156.151
158.629
161.076
163.491
165.876
168.231
170.556
172.854
175.125
177.371
179.594
181.796
183.98
186.147
188.301
190.443
192.576
194.702
196.823
198.941
101.443
104.327
107.209
110.087
112.957
115.818
118.668
121.505
124.327
127.132
129.917
132.682
135.424
138.141
140.832
143.496
146.132
148.737
151.312
153.855
156.366
158.844
161.29
163.703
166.085
168.434
170.753
173.043
175.305
177.54
179.751
181.94
184.109
186.261
188.398
190.523
192.639
194.747
196.85
198.95
101.452
104.353
107.253
110.147
113.034
115.911
118.777
121.63
124.466
127.284
130.083
132.859
135.612
138.34
141.04
143.712
146.354
148.965
151.543
154.089
156.602
159.081
161.525
163.936
166.314
168.658
170.97
173.251
175.503
177.727
179.925
182.099
184.253
186.387
188.507
190.613
192.709
194.797
196.881
198.96
101.461
104.382
107.3
110.214
113.119
116.015
118.898
121.767
124.619
127.452
130.265
133.054
135.819
138.557
141.267
143.947
146.596
149.212
151.796
154.345
156.859
159.338
161.781
164.189
166.563
168.901
171.206
173.479
175.72
177.931
180.115
182.274
184.41
186.527
188.626
190.712
192.786
194.853
196.914
198.972
101.472
104.414
107.353
110.287
113.213
116.128
119.03
121.917
124.786
127.636
130.463
133.267
136.044
138.794
141.514
144.202
146.859
149.481
152.069
154.62
157.136
159.615
162.057
164.462
166.831
169.164
171.461
173.724
175.954
178.153
180.322
182.465
184.583
186.679
188.757
190.82
192.871
194.914
196.951
198.984
101.483
104.449
107.411
110.367
113.315
116.251
119.174
122.081
124.969
127.836
130.679
133.498
136.289
139.05
141.781
144.479
147.142
149.771
152.363
154.918
157.434
159.913
162.353
164.755
167.119
169.445
171.734
173.988
176.206
178.391
180.545
182.67
184.769
186.844
188.9
190.938
192.964
194.981
196.991
198.997
101.496
104.487
107.474
110.455
113.427
116.387
119.332
122.26
125.168
128.053
130.914
133.749
136.554
139.328
142.07
144.777
147.449
150.083
152.679
155.237
157.755
160.233
162.671
165.069
167.428
169.747
172.027
174.27
176.476
178.647
180.785
182.892
184.97
187.023
189.054
191.067
193.065
195.053
197.035
199.012
101.51
104.528
107.543
110.551
113.549
116.534
119.503
122.454
125.384
128.29
131.169
134.021
136.841
139.629
142.382
145.099
147.779
150.42
153.021
155.581
158.1
160.577
163.013
165.407
167.759
170.07
172.341
174.572
176.765
178.921
181.041
183.129
185.186
187.216
189.221
191.206
193.175
195.132
197.083
199.027
101.525
104.574
107.619
110.656
113.682
116.695
119.691
122.666
125.619
128.547
131.446
134.316
137.152
139.954
142.72
145.448
148.136
150.783
153.388
155.952
158.471
160.948
163.381
165.77
168.115
170.418
172.678
174.897
177.075
179.215
181.317
183.384
185.418
187.423
189.401
191.356
193.293
195.218
197.134
199.045
101.542
104.624
107.702
110.771
113.828
116.871
119.895
122.898
125.876
128.827
131.748
134.636
137.49
140.307
143.086
145.825
148.522
151.176
153.786
156.352
158.873
161.348
163.778
166.162
168.5
170.793
173.042
175.247
177.409
179.531
181.612
183.657
185.667
187.645
189.594
191.518
193.422
195.31
197.19
199.063
101.56
104.679
107.792
110.896
113.988
117.063
120.118
123.15
126.155
129.132
132.076
134.985
137.857
140.691
143.484
146.234
148.94
151.602
154.218
156.787
159.308
161.782
164.208
166.586
168.917
171.199
173.435
175.625
177.771
179.872
181.932
183.952
185.935
187.884
189.802
191.693
193.561
195.411
197.251
199.083
101.58
104.739
107.892
111.034
114.163
117.274
120.363
123.426
126.461
129.465
132.433
135.365
138.258
141.109
143.916
146.679
149.396
152.065
154.687
157.259
159.781
162.254
164.676
167.048
169.369
171.641
173.863
176.036
178.163
180.243
182.278
184.272
186.226
188.143
190.027
191.882
193.711
195.52
197.317
199.105
101.602
104.805
108.001
111.186
114.355
117.505
120.631
123.729
126.796
129.829
132.825
135.781
138.695
141.564
144.388
147.165
149.892
152.57
155.197
157.773
160.296
162.767
165.185
167.55
169.862
172.121
174.328
176.484
178.589
180.646
182.655
184.619
186.541
188.424
190.271
192.086
193.874
195.638
197.389
199.129
101.627
104.878
108.122
111.353
114.567
117.76
120.926
124.062
127.164
130.229
133.254
136.236
139.172
142.062
144.904
147.694
150.434
153.121
155.754
158.334
160.858
163.327
165.74
168.098
170.399
172.645
174.836
176.972
179.055
181.086
183.067
184.999
186.886
188.73
190.537
192.309
194.051
195.768
197.468
199.155
101.654
104.959
108.255
111.538
114.801
118.04
121.251
124.428
127.568
130.668
133.724
136.734
139.696
142.608
145.467
148.274
151.026
153.723
156.363
158.946
161.471
163.938
166.347
168.696
170.986
173.218
175.391
177.506
179.565
181.568
183.517
185.414
187.263
189.066
190.828
192.552
194.244
195.909
197.554
199.183
101.684
105.048
108.403
111.742
115.06
118.351
121.609
124.832
128.013
131.151
134.241
137.282
140.27
143.205
146.085
148.908
151.673
154.38
157.028
159.615
162.141
164.606
167.009
169.349
171.628
173.844
175.998
178.09
180.123
182.096
184.011
185.87
187.677
189.434
191.147
192.819
194.456
196.063
197.649
199.215
101.717
105.147
108.567
111.969
115.347
118.694
122.006
125.277
128.504
131.683
134.81
137.883
140.901
143.86
146.761
149.602
152.381
155.099
157.754
160.345
162.873
165.335
167.732
170.064
172.329
174.529
176.662
178.731
180.734
182.675
184.553
186.371
188.133
189.84
191.499
193.114
194.69
196.234
197.754
199.25
101.754
105.258
108.75
112.221
115.665
119.075
122.445
125.771
129.047
132.269
135.436
138.545
141.593
144.579
147.502
150.362
153.156
155.885
158.548
161.144
163.672
166.131
168.522
170.844
173.096
175.278
177.39
179.432
181.405
183.311
185.149
186.923
188.635
190.288
191.888
193.439
194.948
196.422
197.869
199.288
101.795
105.382
108.954
112.502
116.02
119.499
122.933
126.317
129.646
132.917
136.126
139.272
142.353
145.367
148.314
151.193
154.003
156.744
159.415
162.015
164.544
167.001
169.385
171.696
173.934
176.097
178.186
180.201
182.142
184.009
185.805
187.531
189.189
190.784
192.318
193.8
195.234
196.63
197.997
199.33
101.842
105.52
109.182
112.817
116.416
119.971
123.475
126.923
130.31
133.632
136.887
140.073
143.188
146.232
149.204
152.103
154.929
157.682
160.361
162.965
165.495
167.949
170.326
172.626
174.848
176.992
179.057
181.043
182.95
184.778
186.528
188.202
189.803
191.332
192.796
194.201
195.553
196.863
198.14
199.378
101.894
105.676
109.438
113.169
116.859
120.498
124.079
127.596
131.044
134.422
137.725
140.953
144.104
147.179
150.176
153.096
155.939
158.704
161.392
164
166.531
168.981
171.351
173.64
175.847
177.97
180.01
181.966
183.836
185.622
187.324
188.943
190.481
191.942
193.328
194.649
195.91
197.123
198.299
199.431
101.953
105.852
109.728
113.566
117.356
121.087
124.751
128.343
131.858
135.294
138.648
141.92
145.109
148.215
151.239
154.181
157.04
159.818
162.513
165.127
167.657
170.104
172.467
174.744
176.934
179.037
181.051
182.975
184.809
186.551
188.202
189.763
191.234
192.619
193.922
195.149
196.31
197.415
198.478
199.491
102.021
106.052
110.056
114.015
117.916
121.748
125.503
129.175
132.76
136.257
139.664
142.982
146.209
149.348
152.399
155.362
158.238
161.028
163.732
166.35
168.881
171.324
173.679
175.944
178.118
180.2
182.188
184.08
185.875
187.572
189.17
190.669
192.07
193.374
194.586
195.712
196.761
197.746
198.679
199.559
102.098
106.281
110.429
114.524
118.548
122.491
126.343
130.1
133.76
137.321
140.782
144.146
147.413
150.584
153.662
156.646
159.54
162.342
165.054
167.675
170.206
172.646
174.993
177.246
179.404
181.465
183.427
185.287
187.043
188.694
190.238
191.673
193
194.218
195.332
196.346
197.271
198.121
198.909
199.636
102.187
106.545
110.859
115.106
119.267
123.329
127.285
131.132
134.869
138.494
142.011
145.421
148.727
151.931
155.034
158.04
160.95
163.764
166.484
169.109
171.64
174.076
176.416
178.657
180.8
182.84
184.775
186.604
188.322
189.927
191.416
192.786
194.035
195.164
196.172
197.066
197.854
198.551
199.172
199.726
102.291
106.853
111.358
115.776
120.087
124.278
128.344
132.283
136.097
139.788
143.36
146.816
150.159
153.394
156.523
159.549
162.474
165.3
168.027
170.656
173.187
175.619
177.952
180.183
182.31
184.33
186.241
188.039
189.72
191.28
192.715
194.02
195.191
196.227
197.125
197.888
198.524
199.049
199.478
199.833
102.416
107.219
111.946
116.556
121.029
125.356
129.535
133.568
137.459
141.214
144.838
148.337
151.717
154.981
158.133
161.178
164.118
166.954
169.688
172.32
174.852
177.281
179.607
181.827
183.941
185.943
187.831
189.601
191.247
192.765
194.148
195.39
196.484
197.425
198.209
198.834
199.304
199.635
199.842
199.961
102.57
107.666
112.649
117.472
122.119
126.586
130.878
135.001
138.966
142.781
146.454
149.993
153.405
156.696
159.871
162.932
165.885
168.731
171.471
174.107
176.638
179.065
181.385
183.597
185.698
187.685
189.553
191.298
192.913
194.392
195.728
196.911
197.932
198.782
199.45
199.932
200.222
200.336
200.281
200.117
102.769
108.228
113.509
118.564
123.389
127.994
132.393
136.6
140.632
144.5
148.216
151.791
155.232
158.546
161.739
164.816
167.78
170.634
173.38
176.019
178.551
180.976
183.292
185.497
187.588
189.562
191.414
193.138
194.727
196.173
197.468
198.6
199.556
200.323
200.882
201.221
201.322
201.194
200.825
200.312
103.042
108.971
114.588
119.88
124.877
129.608
134.1
138.38
142.468
146.381
150.134
153.737
157.202
160.535
163.744
166.834
169.807
172.669
175.42
178.062
180.596
183.02
185.333
187.534
189.618
191.582
193.421
195.129
196.698
198.12
199.383
200.474
201.378
202.076
202.543
202.753
202.67
202.281
201.53
200.573
103.501
110.012
115.963
121.476
126.622
131.455
136.023
140.358
144.489
148.436
152.216
155.841
159.324
162.672
165.893
168.992
171.974
174.842
177.598
180.243
182.778
185.202
187.515
189.713
191.793
193.752
195.583
197.281
198.837
200.242
201.483
202.547
203.415
204.065
204.465
204.58
204.349
203.717
202.543
201.013
104.349
111.596
117.822
123.485
128.721
133.614
138.221
142.585
146.738
150.703
154.497
158.134
161.626
164.983
168.21
171.315
174.301
177.173
179.931
182.579
185.115
187.54
189.851
192.048
194.126
196.082
197.909
199.601
201.151
202.547
203.777
204.825
205.673
206.296
206.658
206.721
206.407
205.639
204.173
202.062
)
;

boundaryField
{
    carasuperior
    {
        type            fixedGradient;
        gradient        uniform 100;
    }
    lateralizquierda
    {
        type            fixedValue;
        value           uniform 100;
    }
    lateralderecha
    {
        type            fixedValue;
        value           uniform 200;
    }
    carainferior
    {
        type            zeroGradient;
    }
    frontAndBack
    {
        type            empty;
    }
}


// ************************************************************************* //
