/*--------------------------------*- C++ -*----------------------------------*\
| =========                 |                                                 |
| \\      /  F ield         | OpenFOAM: The Open Source CFD Toolbox           |
|  \\    /   O peration     | Version:  2.4.0                                 |
|   \\  /    A nd           | Web:      www.OpenFOAM.org                      |
|    \\/     M anipulation  |                                                 |
\*---------------------------------------------------------------------------*/
FoamFile
{
    version     2.0;
    format      ascii;
    class       volScalarField;
    location    "0.295";
    object      T;
}
// * * * * * * * * * * * * * * * * * * * * * * * * * * * * * * * * * * * * * //

dimensions      [0 0 0 1 0 0 0];

internalField   nonuniform List<scalar> 
1600
(
100.972
102.919
104.872
106.833
108.808
110.799
112.809
114.842
116.901
118.988
121.107
123.258
125.445
127.669
129.932
132.234
134.577
136.962
139.388
141.856
144.367
146.918
149.511
152.144
154.817
157.527
160.275
163.058
165.875
168.725
171.604
174.512
177.446
180.404
183.382
186.379
189.39
192.413
195.444
198.481
100.973
102.922
104.876
106.839
108.816
110.808
112.82
114.855
116.915
119.004
121.124
123.277
125.465
127.691
129.954
132.258
134.602
136.987
139.414
141.883
144.393
146.945
149.537
152.17
154.842
157.552
160.298
163.08
165.896
168.744
171.622
174.529
177.461
180.417
183.393
186.388
189.397
192.418
195.447
198.482
100.975
102.927
104.884
106.851
108.831
110.827
112.842
114.88
116.943
119.035
121.158
123.314
125.505
127.732
129.998
132.304
134.649
137.036
139.464
141.934
144.445
146.997
149.589
152.222
154.892
157.601
160.346
163.125
165.939
168.784
171.659
174.562
177.491
180.443
183.415
186.406
189.411
192.428
195.453
198.484
100.978
102.934
104.897
106.869
108.854
110.854
112.874
114.917
116.985
119.082
121.208
123.368
125.563
127.794
130.063
132.372
134.72
137.109
139.539
142.01
144.522
147.074
149.667
152.298
154.967
157.674
160.416
163.193
166.002
168.843
171.714
174.612
177.535
180.481
183.448
186.433
189.432
192.443
195.462
198.487
100.981
102.945
104.914
106.892
108.884
110.891
112.917
114.966
117.041
119.143
121.275
123.44
125.64
127.876
130.149
132.461
134.813
137.205
139.637
142.11
144.623
147.176
149.768
152.398
155.066
157.77
160.509
163.282
166.087
168.922
171.787
174.678
177.594
180.533
183.492
186.469
189.46
192.463
195.475
198.491
100.985
102.957
104.935
106.922
108.921
110.936
112.971
115.027
117.109
119.218
121.358
123.529
125.735
127.976
130.255
132.572
134.928
137.323
139.758
142.233
144.748
147.301
149.893
152.522
155.188
157.889
160.624
163.392
166.191
169.02
171.877
174.761
177.668
180.598
183.548
186.515
189.496
192.489
195.49
198.496
100.99
102.972
104.96
106.957
108.966
110.991
113.035
115.1
117.191
119.308
121.456
123.635
125.848
128.096
130.381
132.703
135.064
137.463
139.902
142.379
144.896
147.45
150.041
152.669
155.333
158.031
160.762
163.524
166.316
169.138
171.986
174.86
177.757
180.676
183.614
186.569
189.539
192.519
195.508
198.502
100.996
102.99
104.989
106.998
109.018
111.054
113.109
115.185
117.286
119.413
121.57
123.758
125.979
128.234
130.526
132.855
135.221
137.625
140.067
142.548
145.066
147.621
150.212
152.839
155.5
158.194
160.92
163.676
166.461
169.274
172.112
174.975
177.861
180.767
183.692
186.633
189.589
192.555
195.53
198.509
101.003
103.01
105.023
107.044
109.078
111.127
113.194
115.282
117.394
119.533
121.7
123.897
126.127
128.392
130.691
133.026
135.399
137.808
140.254
142.738
145.258
147.814
150.406
153.031
155.689
158.379
161.1
163.849
166.626
169.429
172.256
175.107
177.979
180.871
183.781
186.707
189.646
192.596
195.554
198.518
101.01
103.033
105.061
107.097
109.145
111.209
113.29
115.391
117.516
119.667
121.845
124.054
126.294
128.567
130.875
133.218
135.597
138.011
140.462
142.949
145.471
148.029
150.62
153.243
155.899
158.585
161.299
164.041
166.809
169.601
172.417
175.254
178.111
180.987
183.881
186.789
189.71
192.642
195.582
198.527
101.019
103.058
105.103
107.156
109.221
111.3
113.396
115.513
117.652
119.816
122.007
124.227
126.479
128.762
131.079
133.429
135.815
138.235
140.691
143.181
145.705
148.263
150.854
153.476
156.128
158.809
161.518
164.252
167.01
169.792
172.594
175.417
178.258
181.117
183.992
186.881
189.782
192.694
195.613
198.537
101.028
103.086
105.15
107.222
109.304
111.401
113.514
115.647
117.802
119.98
122.186
124.419
126.682
128.975
131.302
133.661
136.053
138.48
140.94
143.433
145.96
148.518
151.108
153.728
156.377
159.053
161.754
164.48
167.229
169.998
172.787
175.595
178.419
181.259
184.113
186.981
189.861
192.75
195.647
198.548
101.039
103.118
105.202
107.294
109.397
111.512
113.644
115.795
117.966
120.161
122.381
124.628
126.903
129.209
131.545
133.912
136.312
138.744
141.209
143.706
146.234
148.793
151.381
153.999
156.644
159.314
162.009
164.726
167.464
170.221
172.996
175.787
178.593
181.413
184.246
187.091
189.947
192.812
195.685
198.561
101.05
103.152
105.259
107.374
109.498
111.635
113.787
115.957
118.147
120.359
122.595
124.856
127.145
129.462
131.808
134.185
136.592
139.03
141.499
143.999
146.528
149.087
151.674
154.289
156.929
159.593
162.28
164.988
167.715
170.459
173.219
175.994
178.781
181.58
184.39
187.211
190.041
192.88
195.725
198.574
101.063
103.19
105.322
107.461
109.609
111.769
113.943
116.134
118.344
120.575
122.827
125.105
127.407
129.737
132.094
134.48
136.895
139.339
141.812
144.314
146.845
149.403
151.988
154.599
157.233
159.891
162.57
165.267
167.983
170.713
173.458
176.215
178.982
181.759
184.545
187.34
190.143
192.953
195.769
198.589
101.077
103.232
105.391
107.557
109.731
111.916
114.114
116.328
118.559
120.81
123.081
125.375
127.692
130.035
132.404
134.799
137.221
139.671
142.149
144.653
147.184
149.741
152.324
154.93
157.559
160.209
162.878
165.565
168.267
170.983
173.711
176.45
179.196
181.951
184.712
187.479
190.252
193.031
195.817
198.605
101.092
103.277
105.466
107.661
109.864
112.077
114.301
116.54
118.794
121.066
123.357
125.669
128.002
130.359
132.739
135.144
137.575
140.031
142.512
145.019
147.55
150.106
152.685
155.286
157.908
160.549
163.208
165.883
168.571
171.271
173.982
176.7
179.425
182.155
184.889
187.628
190.37
193.116
195.868
198.622
101.109
103.327
105.549
107.776
110.01
112.253
114.506
116.771
119.051
121.346
123.658
125.988
128.339
130.71
133.103
135.519
137.957
140.419
142.905
145.414
147.945
150.499
153.074
155.669
158.284
160.915
163.562
166.224
168.897
171.58
174.27
176.967
179.669
182.373
185.08
187.787
190.496
193.208
195.924
198.64
101.127
103.382
105.64
107.903
110.171
112.446
114.73
117.025
119.331
121.651
123.986
126.337
128.706
131.093
133.499
135.926
138.373
140.841
143.331
145.842
148.373
150.925
153.496
156.084
158.69
161.311
163.945
166.591
169.247
171.911
174.581
177.254
179.93
182.607
185.283
187.959
190.633
193.307
195.983
198.66
101.147
103.443
105.74
108.041
110.347
112.658
114.976
117.302
119.638
121.985
124.345
126.718
129.106
131.51
133.93
136.369
138.825
141.301
143.795
146.307
148.839
151.387
153.953
156.535
159.131
161.739
164.36
166.989
169.627
172.269
174.916
177.563
180.211
182.858
185.502
188.142
190.779
193.413
196.048
198.681
101.17
103.509
105.851
108.194
110.54
112.891
115.246
117.607
119.975
122.351
124.738
127.134
129.543
131.965
134.401
136.852
139.319
141.801
144.3
146.815
149.345
151.891
154.452
157.025
159.61
162.206
164.811
167.422
170.039
172.659
175.279
177.899
180.516
183.129
185.738
188.341
190.937
193.528
196.118
198.704
101.194
103.583
105.972
108.362
110.754
113.147
115.543
117.942
120.345
122.753
125.168
127.591
130.022
132.463
134.916
137.38
139.857
142.348
144.851
147.368
149.898
152.441
154.995
157.56
160.134
162.715
165.303
167.895
170.489
173.083
175.676
178.264
180.848
183.425
185.995
188.556
191.109
193.654
196.195
198.73
101.222
103.664
106.107
108.549
110.99
113.43
115.87
118.31
120.752
123.195
125.641
128.091
130.547
133.009
135.479
137.958
140.446
142.945
145.454
147.973
150.503
153.042
155.589
158.144
160.706
163.272
165.841
168.412
170.981
173.548
176.109
178.664
181.211
183.748
186.275
188.791
191.296
193.79
196.278
198.757
101.252
103.755
106.256
108.755
111.25
113.743
116.231
118.717
121.2
123.681
126.161
128.641
131.123
133.608
136.097
138.591
141.091
143.598
146.113
148.634
151.163
153.698
156.239
158.784
161.332
163.881
166.431
168.978
171.521
174.057
176.585
179.103
181.609
184.102
186.582
189.048
191.5
193.94
196.37
198.788
101.285
103.855
106.421
108.983
111.539
114.089
116.631
119.166
121.694
124.216
126.733
129.245
131.755
134.264
136.773
139.284
141.797
144.313
146.833
149.357
151.885
154.416
156.949
159.483
162.017
164.549
167.077
169.599
172.113
174.617
177.109
179.586
182.048
184.493
186.921
189.331
191.725
194.104
196.471
198.821
101.323
103.966
106.605
109.237
111.86
114.473
117.074
119.663
122.24
124.806
127.362
129.91
132.45
134.984
137.515
140.042
142.569
145.095
147.621
150.147
152.674
155.201
157.726
160.248
162.767
165.28
167.785
170.28
172.764
175.232
177.685
180.119
182.533
184.925
187.295
189.645
191.974
194.285
196.582
198.858
101.364
104.091
106.811
109.521
112.218
114.9
117.565
120.213
122.844
125.458
128.056
130.64
133.212
135.774
138.327
140.873
143.413
145.95
148.482
151.011
153.536
156.058
158.575
161.085
163.588
166.08
168.562
171.028
173.479
175.91
178.32
180.707
183.068
185.403
187.711
189.993
192.251
194.487
196.706
198.899
101.411
104.23
107.04
109.837
112.616
115.375
118.11
120.823
123.511
126.176
128.82
131.444
134.05
136.64
139.217
141.782
144.337
146.883
149.422
151.953
154.478
156.994
159.502
161.999
164.485
166.957
169.413
171.85
174.265
176.657
179.022
181.357
183.662
185.934
188.173
190.381
192.559
194.712
196.844
198.945
101.464
104.387
107.298
110.192
113.062
115.905
118.717
121.499
124.25
126.97
129.662
132.327
134.969
137.589
140.19
142.775
145.345
147.902
150.447
152.981
155.504
158.015
160.513
162.997
165.466
167.916
170.345
172.751
175.13
177.479
179.796
182.077
184.32
186.524
188.689
190.815
192.905
194.964
196.998
198.997
101.523
104.564
107.589
110.591
113.562
116.497
119.394
122.251
125.068
127.847
130.589
133.298
135.977
138.628
141.254
143.859
146.444
149.012
151.564
154.1
156.621
159.126
161.615
164.086
166.536
168.964
171.366
173.739
176.08
178.385
180.651
182.874
185.052
187.182
189.265
191.3
193.293
195.248
197.172
199.055
101.591
104.765
107.919
111.041
114.124
117.161
120.149
123.086
125.974
128.814
131.61
134.364
137.08
139.763
142.415
145.04
147.641
150.22
152.778
155.316
157.835
160.335
162.814
165.271
167.703
170.108
172.482
174.822
177.124
179.383
181.596
183.758
185.866
187.917
189.91
191.847
193.731
195.569
197.369
199.121
101.668
104.994
108.294
111.553
114.76
117.907
120.993
124.017
126.979
129.883
132.733
135.533
138.288
141.002
143.68
146.325
148.941
151.53
154.095
156.635
159.152
161.646
164.115
166.558
168.972
171.354
173.701
176.007
178.269
180.482
182.64
184.738
186.773
188.74
190.637
192.465
194.228
195.935
197.592
199.197
101.757
105.259
108.726
112.137
115.481
118.749
121.94
125.053
128.092
131.062
133.967
136.813
139.606
142.352
145.055
147.72
150.351
152.95
155.52
158.063
160.578
163.066
165.526
167.955
170.351
172.71
175.029
177.303
179.525
181.691
183.794
185.827
187.785
189.663
191.458
193.168
194.797
196.354
197.849
199.284
101.862
105.569
109.227
112.81
116.304
119.703
123.003
126.21
129.327
132.362
135.321
138.213
141.043
143.819
146.547
149.231
151.876
154.484
157.06
159.604
162.118
164.6
167.05
169.466
171.845
174.183
176.475
178.717
180.901
183.021
185.069
187.037
188.918
190.704
192.389
193.972
195.452
196.841
198.149
199.388
101.988
105.936
109.816
113.593
117.251
120.786
124.2
127.5
130.695
133.793
136.806
139.74
142.606
145.411
148.161
150.862
153.52
156.138
158.719
161.264
163.776
166.253
168.694
171.098
173.461
175.779
178.047
180.258
182.406
184.482
186.478
188.383
190.187
191.879
193.452
194.898
196.216
197.415
198.505
199.514
102.142
106.384
110.522
114.513
118.346
122.022
125.549
128.941
132.21
135.368
138.429
141.404
144.302
147.132
149.903
152.62
155.289
157.915
160.5
163.047
165.557
168.029
170.463
172.856
175.204
177.504
179.75
181.935
184.05
186.087
188.034
189.88
191.611
193.213
194.672
195.977
197.118
198.104
198.937
199.668
102.341
106.949
111.385
115.61
119.622
123.437
127.072
130.549
133.884
137.096
140.2
143.21
146.136
148.988
151.777
154.507
157.187
159.819
162.408
164.957
167.465
169.933
172.361
174.745
177.082
179.367
181.594
183.756
185.844
187.846
189.752
191.546
193.212
194.731
196.082
197.246
198.202
198.95
199.472
199.86
102.615
107.695
112.469
116.932
121.118
125.06
128.79
132.339
135.731
138.988
142.128
145.165
148.114
150.985
153.788
156.53
159.217
161.856
164.448
166.998
169.506
171.972
174.394
176.772
179.1
181.373
183.587
185.731
187.797
189.774
191.646
193.399
195.012
196.463
197.722
198.759
199.533
200.023
200.17
200.119
103.076
108.739
113.85
118.537
122.872
126.918
130.724
134.329
137.764
141.054
144.22
147.279
150.245
153.129
155.943
158.693
161.388
164.031
166.627
169.178
171.686
174.15
176.57
178.944
181.266
183.533
185.737
187.869
189.921
191.88
193.73
195.455
197.031
198.434
199.627
200.57
201.197
201.447
201.174
200.555
103.926
110.328
115.717
120.553
124.981
129.085
132.931
136.564
140.021
143.329
146.509
149.579
152.553
155.445
158.265
161.02
163.718
166.363
168.961
171.513
174.021
176.485
178.904
181.275
183.594
185.857
188.055
190.182
192.227
194.176
196.014
197.723
199.279
200.654
201.809
202.7
203.245
203.361
202.797
201.602
)
;

boundaryField
{
    carasuperior
    {
        type            fixedGradient;
        gradient        uniform 100;
    }
    lateralizquierda
    {
        type            fixedValue;
        value           uniform 100;
    }
    lateralderecha
    {
        type            fixedValue;
        value           uniform 200;
    }
    carainferior
    {
        type            zeroGradient;
    }
    frontAndBack
    {
        type            empty;
    }
}


// ************************************************************************* //
