/*--------------------------------*- C++ -*----------------------------------*\
| =========                 |                                                 |
| \\      /  F ield         | OpenFOAM: The Open Source CFD Toolbox           |
|  \\    /   O peration     | Version:  2.4.0                                 |
|   \\  /    A nd           | Web:      www.OpenFOAM.org                      |
|    \\/     M anipulation  |                                                 |
\*---------------------------------------------------------------------------*/
FoamFile
{
    version     2.0;
    format      ascii;
    class       volScalarField;
    location    "1.4";
    object      p;
}
// * * * * * * * * * * * * * * * * * * * * * * * * * * * * * * * * * * * * * //

dimensions      [0 2 -2 0 0 0 0];

internalField   nonuniform List<scalar> 
4800
(
3.55554e-08
-0.00149061
-0.00295695
-0.00395288
-0.00417972
-0.00350105
-0.00187821
0.000678807
0.00411988
0.00834611
0.00148819
-2.7125e-05
-0.00105318
-0.0015644
-0.00144951
-0.000607114
0.00100341
0.00339072
0.00653643
0.0103862
0.00298126
0.000957936
-7.20137e-05
-0.000441598
-0.00021208
0.000673136
0.0022412
0.00451028
0.00748968
0.0111631
0.00389514
0.00129487
0.000112701
-0.000267343
-4.58596e-05
0.000795717
0.00227475
0.00442536
0.00729507
0.0109193
0.00374346
0.0006965
-0.000643773
-0.00109692
-0.000961748
-0.000241563
0.0010867
0.00309075
0.00588048
0.00958476
0.00221851
-0.00108445
-0.00255079
-0.00311848
-0.00314223
-0.00262991
-0.00153305
0.000273583
0.00299937
0.00696075
-0.000817426
-0.00416495
-0.00570742
-0.00641934
-0.00667364
-0.00646967
-0.00571573
-0.00420529
-0.00158703
0.00284284
-0.0053529
-0.00853747
-0.0101005
-0.0109792
-0.0115354
-0.0117563
-0.0114987
-0.0104632
-0.00813903
-0.0030515
-0.0112356
-0.014076
-0.0156052
-0.0166625
-0.0175794
-0.0183402
-0.0187559
-0.0184371
-0.0167758
-0.0108485
-0.0181875
-0.0205508
-0.0219958
-0.0232221
-0.0245268
-0.0259261
-0.027251
-0.0281207
-0.0283166
-0.0234304
-1.08928e-06
-0.00151078
-0.00298691
-0.00399109
-0.00422272
-0.00354591
-0.00192301
0.00063596
0.00408116
0.00831394
0.00150451
-3.134e-05
-0.00103635
-0.00153836
-0.001419
-0.000573787
0.00103676
0.0034217
0.00656361
0.0104097
0.00300977
0.0009334
-7.32584e-05
-0.000440793
-0.000213635
0.000671636
0.00223959
0.00450811
0.00748688
0.0111614
0.00393594
0.00126091
0.000112469
-0.000264904
-4.74443e-05
0.000793625
0.00227222
0.00442178
0.00728951
0.0109145
0.00379261
0.000657091
-0.000639747
-0.00108792
-0.000956742
-0.000236915
0.00109071
0.00309273
0.00587651
0.00957801
0.00227153
-0.00112771
-0.00254555
-0.00310709
-0.00313474
-0.00262254
-0.00152593
0.00027911
0.00299298
0.00694296
-0.000764581
-0.00420904
-0.00570185
-0.00640691
-0.00666446
-0.00646015
-0.00570512
-0.00419239
-0.00159527
0.00279856
-0.00530426
-0.00857958
-0.0100954
-0.0109671
-0.0115256
-0.0117463
-0.0114873
-0.0104427
-0.00816228
-0.00320644
-0.0111949
-0.014114
-0.0156017
-0.0166522
-0.0175697
-0.0183293
-0.0187407
-0.0183851
-0.0167617
-0.0111962
-0.0181577
-0.0205836
-0.0219954
-0.0232163
-0.0245201
-0.0259154
-0.0272273
-0.0279864
-0.0280074
-0.0235252
-1.23682e-06
-0.00151092
-0.00298705
-0.00399124
-0.00422286
-0.00354603
-0.00192312
0.000635856
0.00408107
0.00831386
0.00150435
-3.14907e-05
-0.0010365
-0.00153851
-0.00141914
-0.000573917
0.00103664
0.00342159
0.00656351
0.0104096
0.00300961
0.000933246
-7.34114e-05
-0.000440941
-0.000213776
0.000671505
0.00223947
0.004508
0.00748679
0.0111613
0.00393578
0.00126075
0.000112314
-0.000265053
-4.75857e-05
0.000793494
0.0022721
0.00442167
0.00728942
0.0109145
0.00379244
0.000656932
-0.000639901
-0.00108807
-0.000956881
-0.000237044
0.00109059
0.00309263
0.00587643
0.00957794
0.00227136
-0.00112787
-0.0025457
-0.00310723
-0.00313487
-0.00262266
-0.00152604
0.000279014
0.0029929
0.00694289
-0.000764738
-0.00420919
-0.00570199
-0.00640704
-0.00666458
-0.00646026
-0.00570522
-0.00419247
-0.00159534
0.0027985
-0.0053044
-0.00857972
-0.0100955
-0.0109672
-0.0115257
-0.0117464
-0.0114874
-0.0104427
-0.00816233
-0.00320649
-0.011195
-0.0141141
-0.0156018
-0.0166523
-0.0175698
-0.0183293
-0.0187408
-0.0183851
-0.0167617
-0.0111963
-0.0181578
-0.0205837
-0.0219955
-0.0232163
-0.0245202
-0.0259155
-0.0272273
-0.0279865
-0.0280075
-0.0235252
-3.28145e-07
-0.00149096
-0.0029573
-0.00395323
-0.00418007
-0.00350137
-0.0018785
0.000678542
0.00411965
0.00834591
0.00148779
-2.75059e-05
-0.00105356
-0.00156477
-0.00144986
-0.000607446
0.0010031
0.00339044
0.00653619
0.010386
0.00298085
0.000957536
-7.24047e-05
-0.000441976
-0.000212441
0.000672799
0.00224089
0.00451
0.00748944
0.0111629
0.00389471
0.00129446
0.0001123
-0.000267726
-4.62224e-05
0.00079538
0.00227444
0.00442509
0.00729483
0.0109191
0.00374303
0.000696086
-0.000644174
-0.0010973
-0.000962104
-0.000241891
0.0010864
0.00309049
0.00588025
0.00958457
0.00221809
-0.00108486
-0.00255118
-0.00311884
-0.00314257
-0.00263022
-0.00153333
0.000273338
0.00299917
0.00696059
-0.000817826
-0.00416533
-0.00570779
-0.00641968
-0.00667395
-0.00646996
-0.00571598
-0.0042055
-0.0015872
0.0028427
-0.00535326
-0.00853782
-0.0101008
-0.0109795
-0.0115357
-0.0117566
-0.0114989
-0.0104634
-0.00813917
-0.00305161
-0.0112359
-0.0140763
-0.0156055
-0.0166628
-0.0175796
-0.0183404
-0.0187561
-0.0184372
-0.0167759
-0.0108486
-0.0181877
-0.020551
-0.0219961
-0.0232223
-0.024527
-0.0259263
-0.0272511
-0.0281209
-0.0283167
-0.0234305
0.0132052
0.018514
0.0241082
0.0298648
0.035703
0.0415766
0.0474639
0.0533596
0.0592707
0.0652139
0.0712159
0.0773143
0.0835575
0.0900041
0.0967166
0.103751
0.111141
0.118857
0.126803
0.134765
0.0148391
0.019757
0.0250118
0.030499
0.0361395
0.0418791
0.0476839
0.0535368
0.0594335
0.0653813
0.0713971
0.0775073
0.0837464
0.0901545
0.0967719
0.103631
0.110739
0.118071
0.125531
0.132947
0.0154567
0.0202304
0.0253622
0.0307523
0.0363212
0.0420113
0.0477843
0.0536175
0.0595017
0.0654378
0.0714366
0.0775165
0.0837031
0.0900268
0.0965196
0.103209
0.110106
0.117198
0.124419
0.131636
0.0152441
0.0200683
0.0252495
0.0306826
0.036285
0.041999
0.0477871
0.0536272
0.0595083
0.0654286
0.0713935
0.0774151
0.0835111
0.0897049
0.0960246
0.102502
0.109167
0.116038
0.123105
0.130294
0.0141806
0.019282
0.0246984
0.0303173
0.0360554
0.0418627
0.0477106
0.0535836
0.0594741
0.0653799
0.0713026
0.0772471
0.0832227
0.0892446
0.0953368
0.101537
0.107902
0.114499
0.121399
0.12865
0.0122316
0.0179268
0.0237937
0.0297407
0.0357028
0.0416555
0.047593
0.053515
0.0594224
0.0653148
0.0711907
0.0770474
0.0828836
0.0887026
0.0945199
0.100376
0.106349
0.112568
0.119222
0.126596
0.00951389
0.0162399
0.0227727
0.0291479
0.03537
0.041475
0.0474989
0.0534651
0.0593857
0.0652632
0.0710921
0.0768609
0.0825544
0.0881591
0.0936725
0.0991238
0.104603
0.110298
0.116543
0.124075
0.00639004
0.0146822
0.0220093
0.0288053
0.0352295
0.0414264
0.0474916
0.0534734
0.0593925
0.0652514
0.0710387
0.0767315
0.0822985
0.0877033
0.0929135
0.0979269
0.102841
0.107855
0.113425
0.121026
0.00473839
0.0147745
0.0223418
0.0291355
0.0354864
0.0416076
0.0476199
0.0535699
0.0594698
0.0653127
0.0710767
0.0767257
0.0822083
0.087458
0.0923958
0.0969573
0.101189
0.105131
0.109087
0.11572
0.00916948
0.0197622
0.0252695
0.0307445
0.0363717
0.0421055
0.0479221
0.0537832
0.0596538
0.0655008
0.071285
0.0769534
0.0824301
0.0876043
0.0923158
0.0963384
0.0993686
0.101119
0.100916
0.103495
0.0131812
0.0184974
0.0240973
0.0298581
0.035699
0.0415742
0.0474623
0.0533584
0.0592694
0.0652122
0.0712136
0.0773112
0.0835537
0.0899996
0.0967117
0.103747
0.111138
0.118859
0.126811
0.134782
0.0148598
0.0197742
0.0250253
0.0305092
0.036147
0.0418846
0.0476881
0.0535403
0.0594368
0.0653847
0.0714009
0.0775114
0.0837506
0.0901581
0.0967739
0.10363
0.110733
0.118059
0.125511
0.132919
0.0154593
0.0202349
0.025367
0.0307568
0.0363251
0.0420144
0.0477866
0.0536193
0.059503
0.0654389
0.0714374
0.0775172
0.0837035
0.0900269
0.096519
0.103207
0.110104
0.117194
0.124414
0.131632
0.0152481
0.0200747
0.0252558
0.0306882
0.0362894
0.0420022
0.0477894
0.0536288
0.0595093
0.0654293
0.071394
0.0774155
0.0835113
0.0897049
0.0960244
0.102501
0.109165
0.116035
0.123099
0.130289
0.0141915
0.0192941
0.0247081
0.0303248
0.0360607
0.0418661
0.0477128
0.053585
0.059475
0.0653806
0.0713031
0.0772476
0.0832233
0.0892453
0.0953373
0.101537
0.107901
0.114496
0.12139
0.128637
0.0122554
0.0179467
0.0238058
0.0297488
0.0357076
0.041658
0.0475942
0.0535156
0.0594226
0.065315
0.0711908
0.0770477
0.0828841
0.0887034
0.0945207
0.100376
0.106349
0.112566
0.119206
0.126562
0.00957802
0.0162812
0.0227913
0.0291576
0.0353741
0.0414762
0.047499
0.0534649
0.0593855
0.0652631
0.0710921
0.0768612
0.0825551
0.0881602
0.0936738
0.099124
0.104602
0.110293
0.116504
0.123982
0.00649956
0.0147254
0.0220176
0.0288086
0.0352291
0.0414248
0.04749
0.0534721
0.0593915
0.0652506
0.0710379
0.0767309
0.0822982
0.0877037
0.0929151
0.097928
0.10284
0.10786
0.113389
0.120876
0.00487613
0.0147142
0.0222755
0.0291081
0.0354725
0.0415993
0.047615
0.0535663
0.0594664
0.0653089
0.0710722
0.0767202
0.0822021
0.0874523
0.0923931
0.0969597
0.101207
0.105212
0.109194
0.115553
0.00996174
0.0198901
0.025277
0.0307652
0.036385
0.0421115
0.0479253
0.0537855
0.0596558
0.0655028
0.0712875
0.0769567
0.0824339
0.0876085
0.0923185
0.0963344
0.0993588
0.101146
0.100855
0.102516
0.0131812
0.0184974
0.0240973
0.029858
0.035699
0.0415742
0.0474623
0.0533584
0.0592694
0.0652122
0.0712137
0.0773112
0.0835537
0.0899996
0.0967118
0.103747
0.111138
0.118859
0.126811
0.134783
0.0148598
0.0197741
0.0250252
0.0305091
0.036147
0.0418846
0.0476881
0.0535403
0.0594368
0.0653847
0.0714009
0.0775114
0.0837506
0.0901581
0.096774
0.10363
0.110733
0.118059
0.125511
0.132919
0.0154593
0.0202348
0.025367
0.0307568
0.0363251
0.0420144
0.0477866
0.0536193
0.059503
0.0654389
0.0714375
0.0775172
0.0837036
0.0900269
0.096519
0.103207
0.110104
0.117194
0.124414
0.131632
0.015248
0.0200746
0.0252558
0.0306881
0.0362894
0.0420022
0.0477894
0.0536287
0.0595093
0.0654293
0.0713941
0.0774155
0.0835114
0.089705
0.0960244
0.102501
0.109165
0.116035
0.123099
0.130289
0.0141915
0.0192941
0.024708
0.0303247
0.0360607
0.0418661
0.0477128
0.053585
0.059475
0.0653806
0.0713031
0.0772476
0.0832234
0.0892453
0.0953374
0.101537
0.107901
0.114496
0.12139
0.128637
0.0122554
0.0179467
0.0238058
0.0297487
0.0357076
0.041658
0.0475942
0.0535156
0.0594226
0.065315
0.0711908
0.0770477
0.0828841
0.0887034
0.0945208
0.100376
0.106349
0.112566
0.119206
0.126562
0.00957798
0.0162812
0.0227913
0.0291576
0.0353741
0.0414762
0.047499
0.0534649
0.0593855
0.0652631
0.0710922
0.0768612
0.0825551
0.0881603
0.0936738
0.099124
0.104602
0.110293
0.116504
0.123982
0.00649953
0.0147254
0.0220176
0.0288085
0.0352291
0.0414248
0.04749
0.0534721
0.0593915
0.0652506
0.0710379
0.076731
0.0822982
0.0877037
0.0929151
0.097928
0.10284
0.10786
0.11339
0.120876
0.00487609
0.0147141
0.0222755
0.029108
0.0354725
0.0415993
0.047615
0.0535663
0.0594664
0.0653089
0.0710722
0.0767202
0.0822021
0.0874523
0.0923932
0.0969598
0.101207
0.105212
0.109194
0.115553
0.00996171
0.0198901
0.025277
0.0307652
0.036385
0.0421115
0.0479253
0.0537855
0.0596558
0.0655028
0.0712875
0.0769567
0.082434
0.0876085
0.0923185
0.0963344
0.0993589
0.101146
0.100855
0.102516
0.0132051
0.0185139
0.0241081
0.0298647
0.035703
0.0415766
0.0474638
0.0533596
0.0592707
0.0652139
0.071216
0.0773143
0.0835576
0.0900042
0.0967167
0.103751
0.111141
0.118857
0.126803
0.134765
0.0148389
0.0197568
0.0250116
0.0304989
0.0361394
0.041879
0.0476839
0.0535367
0.0594335
0.0653813
0.0713971
0.0775074
0.0837465
0.0901545
0.096772
0.103631
0.110739
0.118071
0.125531
0.132947
0.0154566
0.0202303
0.0253621
0.0307522
0.0363212
0.0420113
0.0477842
0.0536175
0.0595017
0.0654379
0.0714366
0.0775165
0.0837032
0.0900269
0.0965197
0.103209
0.110107
0.117198
0.124419
0.131636
0.015244
0.0200682
0.0252494
0.0306825
0.0362849
0.0419989
0.0477871
0.0536272
0.0595083
0.0654286
0.0713936
0.0774151
0.0835112
0.0897049
0.0960247
0.102502
0.109167
0.116039
0.123105
0.130294
0.0141805
0.0192819
0.0246983
0.0303172
0.0360554
0.0418627
0.0477106
0.0535836
0.0594741
0.06538
0.0713026
0.0772471
0.0832228
0.0892447
0.0953369
0.101537
0.107902
0.114499
0.1214
0.128651
0.0122314
0.0179267
0.0237936
0.0297406
0.0357028
0.0416555
0.047593
0.053515
0.0594224
0.0653149
0.0711907
0.0770475
0.0828837
0.0887027
0.09452
0.100376
0.106349
0.112569
0.119222
0.126596
0.00951378
0.0162398
0.0227727
0.0291479
0.03537
0.041475
0.0474989
0.0534651
0.0593858
0.0652633
0.0710922
0.0768609
0.0825545
0.0881592
0.0936726
0.099124
0.104603
0.110298
0.116544
0.124075
0.00638995
0.0146822
0.0220093
0.0288052
0.0352294
0.0414264
0.0474916
0.0534734
0.0593926
0.0652515
0.0710387
0.0767316
0.0822986
0.0877034
0.0929136
0.0979271
0.102841
0.107855
0.113425
0.121026
0.00473831
0.0147744
0.0223417
0.0291355
0.0354864
0.0416076
0.0476199
0.05357
0.0594698
0.0653127
0.0710768
0.0767258
0.0822083
0.0874581
0.0923959
0.0969574
0.101189
0.105131
0.109087
0.11572
0.00916941
0.0197621
0.0252695
0.0307445
0.0363717
0.0421055
0.0479221
0.0537832
0.0596539
0.0655008
0.071285
0.0769535
0.0824301
0.0876044
0.0923159
0.0963385
0.0993687
0.101119
0.100916
0.103495
0.142418
0.149372
0.155256
0.159794
0.162833
0.16436
0.164514
0.1636
0.162107
0.160618
0.140056
0.146532
0.152072
0.156447
0.159529
0.161312
0.161912
0.161576
0.160591
0.159127
0.138611
0.145002
0.150509
0.154904
0.158063
0.159972
0.16073
0.160546
0.159565
0.15766
0.137384
0.143944
0.149629
0.154191
0.157495
0.159519
0.160351
0.160177
0.159054
0.156664
0.136079
0.143026
0.149072
0.153936
0.157471
0.159654
0.160573
0.160408
0.159171
0.156439
0.134678
0.142264
0.148849
0.154139
0.157983
0.160375
0.161416
0.161296
0.160016
0.15712
0.133352
0.141846
0.149105
0.154891
0.159079
0.161704
0.162898
0.162868
0.161631
0.158747
0.13248
0.142161
0.150136
0.156399
0.160885
0.16371
0.165052
0.165142
0.164025
0.161311
0.132282
0.143817
0.152455
0.159014
0.16361
0.166502
0.167926
0.168129
0.16718
0.164763
0.137162
0.149734
0.157533
0.163438
0.16757
0.170209
0.171558
0.171813
0.171044
0.169005
0.142448
0.149413
0.155305
0.159848
0.162886
0.16441
0.164555
0.163629
0.162124
0.160617
0.140023
0.146494
0.15203
0.156403
0.159487
0.161274
0.161879
0.161552
0.160587
0.159107
0.138611
0.145006
0.150514
0.15491
0.158069
0.159977
0.16073
0.160545
0.159582
0.15763
0.13739
0.143955
0.149642
0.154204
0.157507
0.159529
0.160353
0.160179
0.159081
0.156627
0.136086
0.143037
0.149082
0.153946
0.157479
0.15966
0.160572
0.160407
0.159202
0.156396
0.134689
0.142275
0.14886
0.154149
0.157991
0.16038
0.161414
0.161295
0.16005
0.157075
0.133376
0.141861
0.149116
0.154902
0.159087
0.161709
0.162895
0.162866
0.161665
0.158702
0.132615
0.142213
0.150157
0.156412
0.160891
0.163712
0.165049
0.16514
0.164056
0.161268
0.132591
0.143831
0.152432
0.159006
0.163604
0.166498
0.167921
0.168127
0.167208
0.164724
0.137068
0.149387
0.157379
0.163394
0.167552
0.170202
0.171553
0.171812
0.171067
0.168973
0.142449
0.149413
0.155306
0.159848
0.162887
0.16441
0.164555
0.163629
0.162124
0.160617
0.140023
0.146494
0.15203
0.156403
0.159487
0.161274
0.161879
0.161552
0.160587
0.159107
0.138612
0.145006
0.150514
0.15491
0.158069
0.159977
0.16073
0.160546
0.159582
0.157631
0.13739
0.143955
0.149642
0.154205
0.157507
0.159529
0.160354
0.160179
0.159081
0.156627
0.136086
0.143037
0.149082
0.153946
0.157479
0.15966
0.160572
0.160407
0.159202
0.156396
0.134689
0.142275
0.14886
0.154149
0.157991
0.160381
0.161415
0.161295
0.16005
0.157075
0.133376
0.141862
0.149116
0.154902
0.159087
0.161709
0.162896
0.162866
0.161665
0.158702
0.132615
0.142214
0.150157
0.156412
0.160891
0.163712
0.165049
0.16514
0.164056
0.161268
0.132591
0.143831
0.152432
0.159006
0.163604
0.166498
0.167921
0.168127
0.167208
0.164724
0.137068
0.149387
0.157379
0.163394
0.167552
0.170202
0.171553
0.171812
0.171067
0.168973
0.142419
0.149372
0.155257
0.159795
0.162833
0.16436
0.164514
0.163601
0.162107
0.160618
0.140056
0.146532
0.152072
0.156447
0.15953
0.161313
0.161913
0.161576
0.160591
0.159127
0.138611
0.145003
0.150509
0.154904
0.158063
0.159972
0.16073
0.160546
0.159565
0.15766
0.137384
0.143945
0.14963
0.154192
0.157495
0.159519
0.160351
0.160178
0.159055
0.156665
0.136079
0.143027
0.149072
0.153937
0.157471
0.159655
0.160573
0.160408
0.159171
0.156439
0.134678
0.142264
0.14885
0.154139
0.157983
0.160376
0.161416
0.161296
0.160016
0.15712
0.133352
0.141846
0.149105
0.154891
0.159079
0.161705
0.162898
0.162868
0.161631
0.158747
0.13248
0.142161
0.150137
0.156399
0.160885
0.16371
0.165052
0.165142
0.164025
0.161311
0.132282
0.143817
0.152455
0.159014
0.16361
0.166502
0.167927
0.168129
0.16718
0.164763
0.137162
0.149734
0.157534
0.163438
0.16757
0.170209
0.171558
0.171813
0.171044
0.169005
0.169728
0.165298
0.166959
0.170099
0.172838
0.174808
0.175891
0.176121
0.175515
0.173888
0.180277
0.175304
0.175231
0.176814
0.178529
0.179914
0.180726
0.180911
0.180457
0.179229
0.185736
0.182839
0.182536
0.183334
0.184392
0.185334
0.185919
0.186062
0.185739
0.184866
0.191155
0.189599
0.189311
0.189697
0.190336
0.190957
0.191363
0.191471
0.191257
0.190673
0.196724
0.195922
0.195722
0.195913
0.196296
0.196697
0.196971
0.197052
0.196923
0.196567
0.202405
0.202031
0.201923
0.202024
0.202251
0.202501
0.20268
0.202739
0.202673
0.202492
0.208193
0.208064
0.208023
0.208075
0.208199
0.208339
0.208441
0.208478
0.208457
0.208407
0.214069
0.214103
0.214096
0.214106
0.214144
0.214189
0.214218
0.214224
0.214227
0.214284
0.220058
0.220193
0.220195
0.220149
0.220094
0.220036
0.21998
0.219936
0.219944
0.220078
0.226192
0.226389
0.226366
0.226234
0.226057
0.225866
0.225696
0.225576
0.22556
0.225745
0.232538
0.232752
0.232655
0.232389
0.23204
0.231669
0.231338
0.231099
0.231023
0.231222
0.239186
0.239346
0.23911
0.23864
0.238049
0.237429
0.236877
0.236466
0.236278
0.236433
0.246258
0.246244
0.245772
0.245007
0.244085
0.243136
0.242287
0.241636
0.241269
0.241291
0.253908
0.25351
0.252668
0.251495
0.250143
0.248777
0.247553
0.246586
0.245952
0.245706
0.262335
0.261163
0.259776
0.258077
0.256199
0.25434
0.252672
0.251317
0.250312
0.249597
0.271665
0.269197
0.266995
0.264649
0.262186
0.259808
0.257671
0.25587
0.254368
0.252945
0.28201
0.277293
0.273991
0.270957
0.267954
0.26514
0.262597
0.260352
0.258236
0.255774
0.292999
0.284669
0.280056
0.276487
0.273192
0.270229
0.267518
0.264944
0.262131
0.258241
0.304421
0.290348
0.284039
0.280313
0.277306
0.274818
0.272474
0.269903
0.266416
0.260675
0.316576
0.291338
0.282865
0.280294
0.27904
0.278335
0.277413
0.27556
0.271643
0.263656
0.17052
0.165436
0.167069
0.170164
0.172862
0.174819
0.175896
0.176123
0.175536
0.173864
0.180404
0.175244
0.175274
0.176855
0.178549
0.179926
0.180733
0.180916
0.180474
0.179213
0.185743
0.182773
0.182545
0.183353
0.184405
0.185344
0.185926
0.186067
0.185753
0.184855
0.191176
0.189573
0.189315
0.189707
0.190344
0.190964
0.191369
0.191475
0.191266
0.190667
0.196737
0.19591
0.195722
0.195918
0.196301
0.196702
0.196976
0.197055
0.196929
0.196564
0.20241
0.202025
0.201922
0.202025
0.202254
0.202505
0.202683
0.202741
0.202677
0.202491
0.208194
0.208063
0.208022
0.208076
0.2082
0.208341
0.208443
0.208479
0.208458
0.208407
0.214068
0.214104
0.214096
0.214106
0.214145
0.21419
0.21422
0.214224
0.214226
0.214285
0.220056
0.220196
0.220194
0.220149
0.220094
0.220036
0.21998
0.219937
0.219941
0.220081
0.226189
0.226394
0.226365
0.226233
0.226057
0.225866
0.225696
0.225576
0.225556
0.225748
0.232533
0.232757
0.232655
0.232388
0.232039
0.231668
0.231338
0.231099
0.231018
0.231226
0.23918
0.23935
0.239109
0.238638
0.238048
0.237429
0.236877
0.236466
0.236273
0.236438
0.246252
0.246246
0.24577
0.245005
0.244084
0.243135
0.242288
0.241637
0.241267
0.241296
0.253903
0.253506
0.252664
0.251492
0.250141
0.248775
0.247553
0.246588
0.245953
0.24571
0.262333
0.261146
0.259769
0.258073
0.256195
0.254338
0.252673
0.25132
0.250321
0.249599
0.271676
0.269161
0.266987
0.264646
0.262182
0.259807
0.257671
0.255875
0.254388
0.252941
0.282064
0.277227
0.273985
0.270957
0.267948
0.265139
0.262599
0.260361
0.258273
0.255761
0.293088
0.284503
0.280033
0.276485
0.273184
0.270228
0.267521
0.264957
0.262193
0.258214
0.304558
0.29001
0.284032
0.280353
0.277319
0.27483
0.272483
0.269925
0.266512
0.260627
0.317923
0.29142
0.283155
0.280482
0.27911
0.278369
0.277429
0.275591
0.271783
0.263581
0.17052
0.165436
0.167069
0.170164
0.172862
0.174819
0.175896
0.176123
0.175536
0.173864
0.180404
0.175244
0.175274
0.176855
0.17855
0.179926
0.180733
0.180916
0.180474
0.179213
0.185743
0.182773
0.182545
0.183353
0.184405
0.185344
0.185926
0.186067
0.185753
0.184855
0.191176
0.189573
0.189315
0.189707
0.190344
0.190964
0.191369
0.191475
0.191266
0.190667
0.196737
0.19591
0.195722
0.195918
0.196301
0.196702
0.196976
0.197056
0.196929
0.196564
0.20241
0.202025
0.201922
0.202025
0.202254
0.202505
0.202683
0.202741
0.202677
0.202491
0.208194
0.208063
0.208022
0.208076
0.2082
0.208341
0.208443
0.208479
0.208458
0.208407
0.214069
0.214104
0.214096
0.214106
0.214145
0.21419
0.21422
0.214224
0.214226
0.214285
0.220056
0.220196
0.220194
0.220149
0.220094
0.220036
0.21998
0.219937
0.219941
0.220081
0.226189
0.226394
0.226365
0.226233
0.226057
0.225866
0.225696
0.225576
0.225556
0.225748
0.232533
0.232757
0.232655
0.232388
0.232039
0.231668
0.231338
0.231099
0.231018
0.231226
0.23918
0.23935
0.239109
0.238638
0.238048
0.237429
0.236877
0.236466
0.236273
0.236438
0.246252
0.246246
0.24577
0.245005
0.244084
0.243135
0.242288
0.241637
0.241267
0.241296
0.253903
0.253506
0.252664
0.251492
0.250141
0.248775
0.247553
0.246588
0.245953
0.24571
0.262333
0.261146
0.259769
0.258073
0.256195
0.254338
0.252673
0.25132
0.250321
0.249599
0.271676
0.269161
0.266987
0.264646
0.262182
0.259807
0.257671
0.255875
0.254388
0.252941
0.282064
0.277227
0.273985
0.270957
0.267948
0.265139
0.262599
0.260361
0.258273
0.255761
0.293088
0.284503
0.280033
0.276485
0.273184
0.270228
0.26752
0.264957
0.262193
0.258214
0.304558
0.29001
0.284032
0.280353
0.277319
0.27483
0.272483
0.269925
0.266512
0.260627
0.317923
0.29142
0.283155
0.280482
0.27911
0.278369
0.277429
0.275591
0.271783
0.263581
0.169728
0.165298
0.166959
0.1701
0.172838
0.174808
0.175892
0.176121
0.175515
0.173888
0.180277
0.175304
0.175231
0.176814
0.17853
0.179914
0.180726
0.180911
0.180457
0.179229
0.185736
0.182839
0.182536
0.183334
0.184392
0.185334
0.185919
0.186062
0.18574
0.184866
0.191156
0.189599
0.189312
0.189698
0.190336
0.190957
0.191363
0.191471
0.191257
0.190673
0.196724
0.195922
0.195722
0.195913
0.196296
0.196697
0.196971
0.197052
0.196923
0.196567
0.202405
0.202031
0.201923
0.202024
0.202251
0.202501
0.20268
0.202739
0.202673
0.202492
0.208193
0.208064
0.208023
0.208076
0.208199
0.208339
0.208441
0.208478
0.208457
0.208407
0.214069
0.214103
0.214096
0.214106
0.214144
0.214189
0.214218
0.214224
0.214228
0.214284
0.220058
0.220193
0.220195
0.220149
0.220094
0.220036
0.21998
0.219936
0.219944
0.220078
0.226192
0.226389
0.226366
0.226234
0.226057
0.225866
0.225696
0.225576
0.22556
0.225745
0.232538
0.232752
0.232655
0.232389
0.23204
0.231669
0.231338
0.231099
0.231023
0.231222
0.239186
0.239346
0.23911
0.23864
0.238049
0.237429
0.236877
0.236466
0.236278
0.236433
0.246258
0.246244
0.245772
0.245007
0.244085
0.243136
0.242287
0.241636
0.241269
0.241291
0.253908
0.25351
0.252668
0.251495
0.250143
0.248777
0.247553
0.246586
0.245952
0.245706
0.262335
0.261163
0.259776
0.258077
0.256199
0.25434
0.252672
0.251317
0.250312
0.249597
0.271665
0.269197
0.266994
0.264649
0.262186
0.259808
0.257671
0.25587
0.254368
0.252945
0.28201
0.277293
0.273991
0.270957
0.267954
0.26514
0.262597
0.260352
0.258236
0.255774
0.292999
0.284669
0.280056
0.276487
0.273192
0.270229
0.267518
0.264944
0.262131
0.258241
0.304421
0.290348
0.284039
0.280313
0.277306
0.274818
0.272474
0.269903
0.266416
0.260675
0.316576
0.291338
0.282865
0.280294
0.27904
0.278335
0.277413
0.27556
0.271643
0.263656
0.254428
0.263117
0.268968
0.273264
0.27688
0.280126
0.282291
0.282379
0.278641
0.268146
0.225405
0.241605
0.253166
0.262823
0.271899
0.28048
0.287437
0.291109
0.28865
0.275685
0.208167
0.22381
0.237285
0.250785
0.26516
0.279994
0.293472
0.302845
0.303468
0.288705
0.194695
0.208621
0.222793
0.239092
0.258343
0.279969
0.301628
0.319293
0.32576
0.311138
0.184747
0.197277
0.21173
0.230189
0.25387
0.28255
0.313938
0.343002
0.359493
0.349475
0.178638
0.190659
0.205748
0.22633
0.254305
0.2903
0.332988
0.377321
0.410291
0.413901
0.176267
0.188885
0.205407
0.228658
0.261262
0.305179
0.361076
0.425623
0.484795
0.518866
0.176826
0.190848
0.20945
0.235848
0.273565
0.326332
0.397904
0.488385
0.588228
0.691693
0.178672
0.193859
0.2139
0.242335
0.28365
0.343816
0.431225
0.554166
0.722814
1.00254
0.180203
0.194881
0.213764
0.240248
0.279077
0.337674
0.430109
0.583965
0.87009
1.48706
0.254755
0.262645
0.268844
0.27325
0.276875
0.280134
0.282296
0.282413
0.278836
0.268034
0.225851
0.241576
0.253117
0.262791
0.271878
0.280475
0.28743
0.291146
0.288913
0.275532
0.208428
0.223809
0.237254
0.250747
0.265123
0.279969
0.293443
0.302881
0.303811
0.288509
0.194785
0.208602
0.222742
0.239026
0.258272
0.279904
0.301555
0.319311
0.326176
0.310898
0.184775
0.197244
0.211661
0.230094
0.253757
0.282428
0.3138
0.342981
0.359934
0.349217
0.178645
0.190621
0.205666
0.226213
0.254146
0.290099
0.332743
0.377204
0.410657
0.413848
0.176279
0.188861
0.205339
0.228535
0.261062
0.304862
0.360637
0.425288
0.48478
0.519347
0.176869
0.190881
0.209469
0.235845
0.273509
0.326126
0.39752
0.488032
0.586929
0.691368
0.178742
0.19397
0.214081
0.242622
0.284077
0.344371
0.431962
0.554762
0.719579
1.00024
0.180254
0.194924
0.213787
0.240256
0.279094
0.337753
0.43047
0.584405
0.866407
1.49631
0.254755
0.262645
0.268844
0.27325
0.276875
0.280134
0.282296
0.282413
0.278836
0.268034
0.225851
0.241576
0.253117
0.262791
0.271878
0.280475
0.28743
0.291146
0.288913
0.275532
0.208428
0.223809
0.237254
0.250747
0.265122
0.279969
0.293443
0.302881
0.303811
0.288509
0.194785
0.208602
0.222742
0.239026
0.258272
0.279904
0.301555
0.319311
0.326175
0.310898
0.184775
0.197244
0.211661
0.230094
0.253757
0.282428
0.3138
0.342981
0.359934
0.349217
0.178645
0.190621
0.205666
0.226213
0.254146
0.290099
0.332743
0.377204
0.410657
0.413847
0.176279
0.188861
0.205338
0.228534
0.261062
0.304862
0.360637
0.425288
0.48478
0.519347
0.176869
0.190881
0.209469
0.235845
0.273509
0.326126
0.39752
0.488032
0.586929
0.691368
0.178742
0.19397
0.21408
0.242622
0.284077
0.344371
0.431962
0.554762
0.719579
1.00024
0.180254
0.194924
0.213787
0.240256
0.279094
0.337753
0.43047
0.584405
0.866407
1.49631
0.254428
0.263117
0.268968
0.273264
0.27688
0.280126
0.282291
0.282379
0.278641
0.268145
0.225405
0.241605
0.253166
0.262822
0.271899
0.28048
0.287437
0.291108
0.28865
0.275685
0.208167
0.223809
0.237285
0.250784
0.26516
0.279994
0.293472
0.302845
0.303468
0.288704
0.194694
0.208621
0.222792
0.239091
0.258343
0.279968
0.301627
0.319293
0.32576
0.311138
0.184747
0.197276
0.21173
0.230189
0.25387
0.282549
0.313938
0.343002
0.359493
0.349475
0.178638
0.190659
0.205747
0.22633
0.254305
0.2903
0.332988
0.377321
0.410291
0.413901
0.176267
0.188885
0.205407
0.228658
0.261262
0.305178
0.361076
0.425623
0.484795
0.518866
0.176826
0.190848
0.209449
0.235847
0.273565
0.326332
0.397903
0.488385
0.588228
0.691693
0.178672
0.193859
0.2139
0.242335
0.28365
0.343816
0.431225
0.554166
0.722814
1.00254
0.180203
0.194881
0.213764
0.240248
0.279077
0.337674
0.430109
0.583965
0.87009
1.48706
-0.150488
-0.130029
-0.112297
-0.0958646
-0.0793854
-0.0626807
-0.0457594
-0.0286672
-0.0114718
0.00575043
0.0229194
0.0399553
0.0567759
0.0733357
0.0896457
0.10588
0.122506
0.14054
0.163251
0.200773
-0.137214
-0.123755
-0.10932
-0.0941402
-0.0782761
-0.0619366
-0.0452561
-0.0283331
-0.0112542
0.00590272
0.0230675
0.0401776
0.0571942
0.0741064
0.0909838
0.108031
0.125648
0.144467
0.166026
0.193995
-0.134337
-0.12228
-0.108573
-0.0937304
-0.0780666
-0.061837
-0.0452093
-0.0283036
-0.0112134
0.00598541
0.0232298
0.0404676
0.0576631
0.0748057
0.091933
0.109164
0.126721
0.144918
0.164352
0.186037
-0.135735
-0.123322
-0.109394
-0.0943865
-0.0785963
-0.0622534
-0.0455202
-0.0285128
-0.0113168
0.00600194
0.02339
0.0408007
0.0581922
0.0755275
0.0927793
0.109938
0.127014
0.144018
0.161034
0.178203
-0.138709
-0.125546
-0.111069
-0.0956413
-0.0795307
-0.0629389
-0.0460075
-0.0288342
-0.0114877
0.00598124
0.0235303
0.0411161
0.0586856
0.0761671
0.0934619
0.110438
0.126923
0.142713
0.157639
0.17166
-0.141496
-0.127623
-0.112605
-0.0967626
-0.0803387
-0.0635105
-0.0463974
-0.0290783
-0.0116054
0.0059835
0.0236533
0.0413601
0.0590369
0.0765793
0.0938302
0.11057
0.126519
0.141372
0.154907
0.16716
-0.142393
-0.128192
-0.112964
-0.0969823
-0.0804666
-0.0635758
-0.0464173
-0.0290609
-0.0115527
0.00607266
0.0237795
0.0415175
0.0592063
0.0767179
0.0938622
0.110381
0.125962
0.140302
0.153236
0.164955
-0.140465
-0.126555
-0.111644
-0.0959538
-0.079683
-0.0629864
-0.0459756
-0.0287286
-0.0113005
0.00626464
0.0239211
0.0416071
0.0592304
0.0766512
0.0936712
0.110034
0.125452
0.13968
0.152657
0.164715
-0.135704
-0.122876
-0.108883
-0.0939284
-0.0782221
-0.0619455
-0.0452407
-0.0282145
-0.0109466
0.00649886
0.0240618
0.041667
0.0592132
0.0765599
0.0935154
0.109843
0.125292
0.139675
0.152997
0.165658
-0.127803
-0.117204
-0.104896
-0.0911772
-0.0763523
-0.0606913
-0.0444102
-0.0276733
-0.0106023
0.00670947
0.024182
0.0417372
0.0592759
0.0766616
0.0937142
0.11021
0.125905
0.1406
0.154258
0.167176
-0.150816
-0.1299
-0.112281
-0.0958855
-0.0793973
-0.062688
-0.0457645
-0.0286705
-0.0114735
0.00575009
0.0229199
0.039956
0.056776
0.0733331
0.0896362
0.105859
0.122483
0.140493
0.162917
0.200108
-0.137157
-0.123594
-0.109248
-0.0941049
-0.0782503
-0.0619185
-0.0452437
-0.0283247
-0.0112489
0.00590587
0.0230696
0.04018
0.0571991
0.0741168
0.0910029
0.108063
0.12571
0.144545
0.165932
0.193727
-0.134393
-0.122254
-0.108549
-0.093712
-0.078052
-0.0618265
-0.045202
-0.0282985
-0.0112099
0.00598777
0.0232314
0.0404686
0.0576638
0.0748058
0.0919315
0.109159
0.126715
0.144901
0.164259
0.185944
-0.135774
-0.123319
-0.109383
-0.0943764
-0.0785875
-0.0622467
-0.0455155
-0.0285094
-0.0113145
0.00600355
0.0233911
0.0408015
0.0581925
0.0755271
0.0927771
0.109933
0.127003
0.143996
0.160981
0.178168
-0.138732
-0.125552
-0.11107
-0.0956407
-0.0795293
-0.0629376
-0.0460065
-0.0288336
-0.0114874
0.00598146
0.0235305
0.0411165
0.0586863
0.0761681
0.0934627
0.110438
0.126922
0.142707
0.157622
0.171653
-0.141532
-0.127647
-0.112622
-0.0967741
-0.0803467
-0.0635161
-0.0464015
-0.0290813
-0.0116076
0.00598192
0.0236523
0.0413596
0.0590371
0.0765801
0.0938316
0.110572
0.126521
0.141374
0.154907
0.167165
-0.142434
-0.128223
-0.112987
-0.0969988
-0.0804785
-0.0635843
-0.0464234
-0.0290653
-0.011556
0.00607013
0.0237775
0.0415161
0.0592056
0.0767182
0.0938641
0.110385
0.12597
0.140314
0.153252
0.164973
-0.140501
-0.126579
-0.11166
-0.0959643
-0.0796897
-0.0629905
-0.0459783
-0.0287304
-0.011302
0.00626303
0.0239191
0.0416047
0.0592279
0.0766493
0.093671
0.110037
0.125462
0.139699
0.152686
0.164754
-0.135799
-0.122935
-0.108918
-0.0939484
-0.0782328
-0.0619507
-0.0452429
-0.0282153
-0.0109471
0.0064979
0.0240597
0.0416633
0.0592078
0.0765528
0.0935074
0.109836
0.12529
0.139681
0.153019
0.165701
-0.127748
-0.117166
-0.10487
-0.0911596
-0.0763406
-0.0606836
-0.0444056
-0.0276709
-0.0106017
0.00670892
0.0241808
0.041736
0.0592756
0.076664
0.0937218
0.110226
0.125932
0.140641
0.15431
0.167233
-0.150816
-0.1299
-0.112281
-0.0958855
-0.0793973
-0.062688
-0.0457645
-0.0286705
-0.0114735
0.00575008
0.0229199
0.039956
0.0567759
0.0733331
0.0896362
0.105859
0.122483
0.140493
0.162917
0.200108
-0.137157
-0.123594
-0.109248
-0.0941049
-0.0782503
-0.0619185
-0.0452437
-0.0283247
-0.0112489
0.00590586
0.0230696
0.04018
0.0571991
0.0741167
0.0910029
0.108063
0.12571
0.144545
0.165932
0.193727
-0.134393
-0.122254
-0.108548
-0.093712
-0.0780519
-0.0618265
-0.045202
-0.0282985
-0.0112099
0.00598776
0.0232314
0.0404686
0.0576637
0.0748058
0.0919314
0.109159
0.126715
0.144901
0.164259
0.185944
-0.135774
-0.123319
-0.109383
-0.0943764
-0.0785875
-0.0622467
-0.0455154
-0.0285094
-0.0113145
0.00600354
0.0233911
0.0408014
0.0581925
0.0755271
0.092777
0.109933
0.127003
0.143996
0.160981
0.178168
-0.138732
-0.125552
-0.11107
-0.0956406
-0.0795293
-0.0629376
-0.0460065
-0.0288336
-0.0114874
0.00598145
0.0235305
0.0411165
0.0586863
0.076168
0.0934627
0.110438
0.126922
0.142707
0.157622
0.171653
-0.141532
-0.127647
-0.112622
-0.0967741
-0.0803467
-0.0635161
-0.0464015
-0.0290813
-0.0116076
0.00598191
0.0236523
0.0413596
0.0590371
0.0765801
0.0938316
0.110572
0.126521
0.141374
0.154907
0.167165
-0.142434
-0.128223
-0.112986
-0.0969988
-0.0804785
-0.0635843
-0.0464234
-0.0290653
-0.011556
0.00607011
0.0237775
0.0415161
0.0592055
0.0767182
0.0938641
0.110385
0.12597
0.140314
0.153252
0.164973
-0.140501
-0.126579
-0.11166
-0.0959643
-0.0796897
-0.0629906
-0.0459783
-0.0287305
-0.011302
0.00626301
0.0239191
0.0416047
0.0592278
0.0766492
0.093671
0.110037
0.125462
0.139699
0.152686
0.164754
-0.135799
-0.122935
-0.108918
-0.0939484
-0.0782328
-0.0619507
-0.0452429
-0.0282154
-0.0109471
0.00649789
0.0240597
0.0416633
0.0592077
0.0765527
0.0935074
0.109836
0.12529
0.139681
0.153019
0.165701
-0.127748
-0.117166
-0.10487
-0.0911596
-0.0763406
-0.0606836
-0.0444056
-0.027671
-0.0106017
0.00670891
0.0241808
0.041736
0.0592756
0.076664
0.0937218
0.110226
0.125932
0.140641
0.15431
0.167233
-0.150488
-0.130029
-0.112297
-0.0958645
-0.0793853
-0.0626807
-0.0457594
-0.0286672
-0.0114719
0.00575041
0.0229194
0.0399553
0.0567758
0.0733356
0.0896456
0.10588
0.122506
0.14054
0.163251
0.200773
-0.137214
-0.123754
-0.10932
-0.0941401
-0.078276
-0.0619366
-0.0452561
-0.0283331
-0.0112543
0.00590269
0.0230675
0.0401775
0.0571941
0.0741063
0.0909838
0.108031
0.125648
0.144467
0.166026
0.193995
-0.134337
-0.12228
-0.108573
-0.0937303
-0.0780666
-0.061837
-0.0452093
-0.0283036
-0.0112135
0.00598539
0.0232298
0.0404676
0.0576631
0.0748056
0.0919329
0.109164
0.126721
0.144918
0.164351
0.186037
-0.135735
-0.123322
-0.109394
-0.0943864
-0.0785962
-0.0622534
-0.0455202
-0.0285128
-0.0113168
0.00600192
0.0233899
0.0408007
0.0581921
0.0755274
0.0927792
0.109938
0.127014
0.144018
0.161033
0.178203
-0.138709
-0.125546
-0.111069
-0.0956413
-0.0795307
-0.0629389
-0.0460075
-0.0288342
-0.0114877
0.00598122
0.0235302
0.041116
0.0586856
0.076167
0.0934618
0.110438
0.126923
0.142713
0.157639
0.17166
-0.141496
-0.127623
-0.112605
-0.0967625
-0.0803387
-0.0635105
-0.0463975
-0.0290783
-0.0116054
0.00598348
0.0236533
0.04136
0.0590369
0.0765792
0.0938301
0.11057
0.126519
0.141372
0.154907
0.16716
-0.142392
-0.128192
-0.112964
-0.0969823
-0.0804666
-0.0635758
-0.0464173
-0.0290609
-0.0115527
0.00607263
0.0237794
0.0415174
0.0592062
0.0767179
0.0938621
0.11038
0.125962
0.140302
0.153236
0.164955
-0.140465
-0.126555
-0.111644
-0.0959538
-0.0796831
-0.0629864
-0.0459757
-0.0287286
-0.0113005
0.00626461
0.023921
0.0416071
0.0592303
0.0766511
0.0936711
0.110034
0.125452
0.13968
0.152657
0.164715
-0.135704
-0.122876
-0.108883
-0.0939284
-0.0782221
-0.0619455
-0.0452407
-0.0282145
-0.0109467
0.00649883
0.0240617
0.0416669
0.0592132
0.0765598
0.0935153
0.109843
0.125292
0.139675
0.152997
0.165658
-0.127803
-0.117204
-0.104896
-0.0911772
-0.0763523
-0.0606913
-0.0444102
-0.0276733
-0.0106024
0.00670944
0.0241819
0.0417372
0.0592759
0.0766616
0.0937142
0.11021
0.125905
0.1406
0.154257
0.167176
-0.153755
-0.15675
-0.15738
-0.156466
-0.154555
-0.152104
-0.14966
-0.147793
-0.148225
-0.154319
-0.161071
-0.165232
-0.165842
-0.16431
-0.161489
-0.157878
-0.153936
-0.149977
-0.146575
-0.144226
-0.170275
-0.175751
-0.17608
-0.173625
-0.169732
-0.165006
-0.15986
-0.154468
-0.148924
-0.142979
-0.182761
-0.189471
-0.188892
-0.184906
-0.179577
-0.173628
-0.167388
-0.160848
-0.153802
-0.1458
-0.200881
-0.208036
-0.205127
-0.198411
-0.190865
-0.183257
-0.175729
-0.16801
-0.15963
-0.150058
-0.229038
-0.233767
-0.225427
-0.213812
-0.202692
-0.192615
-0.183358
-0.174285
-0.16466
-0.153859
-0.276015
-0.269817
-0.249832
-0.22979
-0.213107
-0.19951
-0.188058
-0.177542
-0.166884
-0.155298
-0.360679
-0.318734
-0.276883
-0.243748
-0.219183
-0.201243
-0.187556
-0.175972
-0.164873
-0.15321
-0.538051
-0.375272
-0.293913
-0.245092
-0.213104
-0.1925
-0.178577
-0.167736
-0.15773
-0.147265
-0.922909
-0.430034
-0.263507
-0.206428
-0.177537
-0.162428
-0.154489
-0.14899
-0.1434
-0.13651
-0.153722
-0.156814
-0.157394
-0.156467
-0.154555
-0.1521
-0.149671
-0.147781
-0.148032
-0.15446
-0.16102
-0.165323
-0.165851
-0.164297
-0.16147
-0.157849
-0.153902
-0.149905
-0.146376
-0.14411
-0.170204
-0.175876
-0.176079
-0.173592
-0.169699
-0.164969
-0.159824
-0.154426
-0.148866
-0.143007
-0.182673
-0.189638
-0.18887
-0.184846
-0.179527
-0.173584
-0.167353
-0.160819
-0.153781
-0.145827
-0.200786
-0.208239
-0.205063
-0.198315
-0.1908
-0.18321
-0.175701
-0.167996
-0.159628
-0.150078
-0.228995
-0.233943
-0.225272
-0.213674
-0.20262
-0.19258
-0.183351
-0.174298
-0.164687
-0.153897
-0.276253
-0.269754
-0.249453
-0.229556
-0.213
-0.199469
-0.188056
-0.177568
-0.166924
-0.155343
-0.36101
-0.317995
-0.276464
-0.243643
-0.219182
-0.201284
-0.187614
-0.176032
-0.164928
-0.153257
-0.535936
-0.372818
-0.294671
-0.246211
-0.213874
-0.193067
-0.179003
-0.168041
-0.157943
-0.14741
-0.930824
-0.425748
-0.263275
-0.206625
-0.177183
-0.162069
-0.154253
-0.148825
-0.143282
-0.136428
-0.153722
-0.156814
-0.157394
-0.156467
-0.154555
-0.1521
-0.149671
-0.147781
-0.148032
-0.15446
-0.16102
-0.165323
-0.165851
-0.164297
-0.16147
-0.157849
-0.153901
-0.149905
-0.146376
-0.14411
-0.170204
-0.175876
-0.176079
-0.173592
-0.169699
-0.164969
-0.159824
-0.154426
-0.148866
-0.143007
-0.182673
-0.189638
-0.18887
-0.184846
-0.179527
-0.173583
-0.167353
-0.160819
-0.153781
-0.145827
-0.200786
-0.208239
-0.205063
-0.198315
-0.1908
-0.18321
-0.175701
-0.167996
-0.159628
-0.150078
-0.228995
-0.233943
-0.225272
-0.213674
-0.20262
-0.19258
-0.183351
-0.174298
-0.164687
-0.153897
-0.276253
-0.269754
-0.249453
-0.229556
-0.213
-0.199469
-0.188056
-0.177568
-0.166924
-0.155343
-0.36101
-0.317995
-0.276464
-0.243643
-0.219182
-0.201284
-0.187614
-0.176032
-0.164928
-0.153257
-0.535936
-0.372818
-0.294671
-0.24621
-0.213874
-0.193067
-0.179003
-0.168041
-0.157943
-0.14741
-0.930824
-0.425748
-0.263275
-0.206625
-0.177183
-0.162069
-0.154253
-0.148825
-0.143282
-0.136428
-0.153754
-0.156749
-0.15738
-0.156466
-0.154555
-0.152103
-0.14966
-0.147793
-0.148225
-0.154319
-0.161071
-0.165232
-0.165842
-0.16431
-0.161489
-0.157878
-0.153936
-0.149977
-0.146575
-0.144226
-0.170274
-0.175751
-0.17608
-0.173625
-0.169732
-0.165006
-0.15986
-0.154468
-0.148923
-0.142979
-0.182761
-0.189471
-0.188892
-0.184906
-0.179577
-0.173628
-0.167388
-0.160847
-0.153802
-0.1458
-0.20088
-0.208035
-0.205127
-0.19841
-0.190865
-0.183257
-0.175729
-0.168009
-0.15963
-0.150058
-0.229038
-0.233766
-0.225427
-0.213812
-0.202691
-0.192615
-0.183358
-0.174285
-0.164659
-0.153859
-0.276015
-0.269816
-0.249832
-0.22979
-0.213106
-0.19951
-0.188058
-0.177542
-0.166884
-0.155298
-0.360679
-0.318734
-0.276883
-0.243748
-0.219183
-0.201242
-0.187556
-0.175972
-0.164873
-0.15321
-0.538051
-0.375272
-0.293913
-0.245092
-0.213104
-0.1925
-0.178576
-0.167736
-0.15773
-0.147265
-0.922909
-0.430034
-0.263507
-0.206428
-0.177537
-0.162427
-0.154489
-0.14899
-0.1434
-0.136509
-0.0258406
-0.0276593
-0.0289698
-0.0303123
-0.0319553
-0.0340098
-0.0365304
-0.0395799
-0.0448896
-0.0571267
-0.0338022
-0.0350748
-0.0361868
-0.0375013
-0.0392065
-0.0413839
-0.0440634
-0.0471829
-0.051523
-0.0597009
-0.0417478
-0.0425346
-0.0434082
-0.0445678
-0.0461072
-0.0480381
-0.0503087
-0.0527527
-0.0554786
-0.0594936
-0.0494645
-0.0498672
-0.0505003
-0.0514397
-0.0527047
-0.0542577
-0.0560033
-0.0577659
-0.0594195
-0.0612414
-0.0568543
-0.0569761
-0.0573988
-0.0581051
-0.0590694
-0.0602304
-0.0614817
-0.0626792
-0.0636497
-0.06427
-0.0638892
-0.0638356
-0.0640889
-0.0645836
-0.0652702
-0.0660854
-0.0669318
-0.067691
-0.0682099
-0.0682916
-0.0706012
-0.070454
-0.0705834
-0.070905
-0.0713628
-0.0719016
-0.0724431
-0.072899
-0.0731463
-0.0730027
-0.0770462
-0.0768634
-0.0769102
-0.0771015
-0.0773855
-0.077719
-0.0780444
-0.0783006
-0.0783944
-0.0781778
-0.083286
-0.0831046
-0.0831019
-0.0832024
-0.0833628
-0.0835524
-0.0837324
-0.0838624
-0.0838752
-0.0836574
-0.0893771
-0.0892182
-0.0891908
-0.0892325
-0.0893102
-0.0894044
-0.0894916
-0.0895466
-0.089522
-0.0893331
-0.0953655
-0.0952399
-0.0952052
-0.0952125
-0.0952379
-0.095272
-0.0953036
-0.0953188
-0.0952832
-0.0951325
-0.101284
-0.101198
-0.101169
-0.101159
-0.101153
-0.10115
-0.101151
-0.101151
-0.101122
-0.10101
-0.107155
-0.107116
-0.107102
-0.107086
-0.107059
-0.107032
-0.107019
-0.107021
-0.107014
-0.106943
-0.112987
-0.113008
-0.113022
-0.113005
-0.112958
-0.11291
-0.11289
-0.112912
-0.112948
-0.112928
-0.11878
-0.118893
-0.118944
-0.118926
-0.118853
-0.118773
-0.118746
-0.118805
-0.118924
-0.118993
-0.12453
-0.124783
-0.124892
-0.124866
-0.124741
-0.124602
-0.124557
-0.124678
-0.124951
-0.125222
-0.130234
-0.130708
-0.130897
-0.130844
-0.130622
-0.13037
-0.130275
-0.130481
-0.131007
-0.131789
-0.135902
-0.136721
-0.137014
-0.136896
-0.136497
-0.136034
-0.135811
-0.136082
-0.137006
-0.139158
-0.141591
-0.142921
-0.143339
-0.143087
-0.142388
-0.14156
-0.141061
-0.141331
-0.143115
-0.149037
-0.147442
-0.149491
-0.150035
-0.149537
-0.148358
-0.146917
-0.14582
-0.145792
-0.149085
-0.162517
-0.0258229
-0.0276868
-0.0289748
-0.0303174
-0.0319692
-0.0340441
-0.0366241
-0.0397306
-0.0450571
-0.0581059
-0.0337944
-0.035095
-0.0361927
-0.0375072
-0.0392166
-0.0414008
-0.0441032
-0.0472185
-0.0514162
-0.0597614
-0.0417467
-0.0425471
-0.0434126
-0.0445711
-0.0461106
-0.0480403
-0.0503143
-0.052748
-0.0553976
-0.0594667
-0.0494672
-0.0498731
-0.0505031
-0.0514416
-0.0527059
-0.054258
-0.0560048
-0.0577668
-0.0594013
-0.0612513
-0.0568589
-0.0569772
-0.0574004
-0.0581062
-0.0590696
-0.0602303
-0.0614816
-0.0626782
-0.0636473
-0.0642741
-0.0638941
-0.0638337
-0.0640896
-0.064584
-0.0652698
-0.0660847
-0.0669306
-0.0676894
-0.0682126
-0.0682889
-0.0706058
-0.0704506
-0.0705835
-0.0709051
-0.0713623
-0.0719009
-0.072442
-0.0728986
-0.073152
-0.0729987
-0.0770501
-0.0768595
-0.0769099
-0.0771015
-0.0773851
-0.0777186
-0.0780437
-0.0783008
-0.0784006
-0.078174
-0.0832891
-0.0831009
-0.0831016
-0.0832024
-0.0833624
-0.0835522
-0.083732
-0.0838628
-0.0838806
-0.0836543
-0.0893795
-0.0892151
-0.0891905
-0.0892326
-0.08931
-0.0894042
-0.0894913
-0.089547
-0.0895264
-0.0893307
-0.0953672
-0.0952375
-0.0952052
-0.0952127
-0.0952378
-0.0952719
-0.0953033
-0.095319
-0.0952865
-0.0951308
-0.101286
-0.101197
-0.101169
-0.101159
-0.101153
-0.10115
-0.101151
-0.101151
-0.101124
-0.101009
-0.107156
-0.107115
-0.107103
-0.107086
-0.107059
-0.107032
-0.107018
-0.10702
-0.107016
-0.106942
-0.112988
-0.113009
-0.113023
-0.113006
-0.112959
-0.11291
-0.112888
-0.11291
-0.112949
-0.112928
-0.11878
-0.118896
-0.118947
-0.118928
-0.118854
-0.118772
-0.118743
-0.118802
-0.118922
-0.118993
-0.12453
-0.124789
-0.124896
-0.124869
-0.124743
-0.124602
-0.124554
-0.124673
-0.124944
-0.125226
-0.130232
-0.130719
-0.130903
-0.130849
-0.130626
-0.13037
-0.130271
-0.130474
-0.130995
-0.131799
-0.135897
-0.13674
-0.137024
-0.136903
-0.136503
-0.136035
-0.135809
-0.136072
-0.136954
-0.13912
-0.141581
-0.142951
-0.143352
-0.143096
-0.142397
-0.141566
-0.141071
-0.141327
-0.142976
-0.148895
-0.147423
-0.149535
-0.150051
-0.149548
-0.148371
-0.146937
-0.145878
-0.145888
-0.149095
-0.163013
-0.025823
-0.0276869
-0.0289748
-0.0303175
-0.0319692
-0.0340442
-0.0366241
-0.0397307
-0.0450571
-0.058106
-0.0337945
-0.0350951
-0.0361927
-0.0375073
-0.0392166
-0.0414009
-0.0441033
-0.0472186
-0.0514163
-0.0597614
-0.0417467
-0.0425471
-0.0434126
-0.0445712
-0.0461106
-0.0480404
-0.0503143
-0.052748
-0.0553976
-0.0594667
-0.0494672
-0.0498732
-0.0505032
-0.0514416
-0.0527059
-0.054258
-0.0560048
-0.0577668
-0.0594013
-0.0612513
-0.0568589
-0.0569773
-0.0574005
-0.0581062
-0.0590696
-0.0602303
-0.0614817
-0.0626782
-0.0636474
-0.0642741
-0.0638941
-0.0638337
-0.0640896
-0.0645841
-0.0652698
-0.0660847
-0.0669306
-0.0676895
-0.0682126
-0.0682889
-0.0706058
-0.0704506
-0.0705835
-0.0709051
-0.0713623
-0.071901
-0.072442
-0.0728986
-0.073152
-0.0729987
-0.0770501
-0.0768595
-0.07691
-0.0771015
-0.0773851
-0.0777186
-0.0780438
-0.0783008
-0.0784006
-0.078174
-0.0832891
-0.0831009
-0.0831016
-0.0832024
-0.0833624
-0.0835522
-0.083732
-0.0838628
-0.0838806
-0.0836544
-0.0893795
-0.0892151
-0.0891905
-0.0892326
-0.08931
-0.0894043
-0.0894913
-0.089547
-0.0895264
-0.0893307
-0.0953672
-0.0952375
-0.0952052
-0.0952127
-0.0952378
-0.0952719
-0.0953033
-0.095319
-0.0952865
-0.0951308
-0.101286
-0.101197
-0.101169
-0.101159
-0.101153
-0.10115
-0.101151
-0.101151
-0.101124
-0.101009
-0.107156
-0.107115
-0.107103
-0.107086
-0.107059
-0.107032
-0.107018
-0.10702
-0.107016
-0.106942
-0.112988
-0.113009
-0.113023
-0.113006
-0.112959
-0.11291
-0.112888
-0.11291
-0.112948
-0.112928
-0.11878
-0.118896
-0.118947
-0.118928
-0.118854
-0.118772
-0.118743
-0.118802
-0.118922
-0.118993
-0.12453
-0.124789
-0.124896
-0.124869
-0.124743
-0.124602
-0.124554
-0.124673
-0.124944
-0.125226
-0.130232
-0.130719
-0.130903
-0.130849
-0.130626
-0.13037
-0.130271
-0.130474
-0.130995
-0.131799
-0.135897
-0.13674
-0.137024
-0.136903
-0.136503
-0.136035
-0.135809
-0.136072
-0.136954
-0.13912
-0.141581
-0.142951
-0.143352
-0.143096
-0.142397
-0.141566
-0.141071
-0.141327
-0.142976
-0.148895
-0.147423
-0.149535
-0.150051
-0.149548
-0.148371
-0.146937
-0.145878
-0.145888
-0.149095
-0.163013
-0.0258408
-0.0276595
-0.02897
-0.0303124
-0.0319555
-0.03401
-0.0365305
-0.03958
-0.0448897
-0.0571268
-0.0338024
-0.0350749
-0.036187
-0.0375015
-0.0392067
-0.0413841
-0.0440635
-0.047183
-0.0515232
-0.059701
-0.0417479
-0.0425347
-0.0434084
-0.0445679
-0.0461073
-0.0480382
-0.0503088
-0.0527528
-0.0554787
-0.0594937
-0.0494646
-0.0498673
-0.0505004
-0.0514398
-0.0527048
-0.0542578
-0.0560034
-0.057766
-0.0594196
-0.0612415
-0.0568544
-0.0569762
-0.0573989
-0.0581052
-0.0590695
-0.0602305
-0.0614817
-0.0626793
-0.0636498
-0.06427
-0.0638892
-0.0638356
-0.064089
-0.0645837
-0.0652703
-0.0660855
-0.0669319
-0.067691
-0.06821
-0.0682916
-0.0706012
-0.0704541
-0.0705835
-0.070905
-0.0713629
-0.0719017
-0.0724431
-0.0728991
-0.0731463
-0.0730028
-0.0770463
-0.0768635
-0.0769102
-0.0771016
-0.0773856
-0.077719
-0.0780445
-0.0783006
-0.0783945
-0.0781778
-0.083286
-0.0831047
-0.0831019
-0.0832024
-0.0833628
-0.0835524
-0.0837324
-0.0838624
-0.0838752
-0.0836575
-0.0893771
-0.0892182
-0.0891908
-0.0892325
-0.0893102
-0.0894044
-0.0894916
-0.0895466
-0.089522
-0.0893331
-0.0953655
-0.0952399
-0.0952052
-0.0952125
-0.0952379
-0.095272
-0.0953036
-0.0953188
-0.0952832
-0.0951325
-0.101284
-0.101198
-0.101169
-0.101159
-0.101153
-0.10115
-0.101151
-0.101151
-0.101122
-0.10101
-0.107155
-0.107116
-0.107102
-0.107086
-0.107059
-0.107032
-0.107019
-0.107021
-0.107014
-0.106943
-0.112987
-0.113008
-0.113022
-0.113005
-0.112958
-0.11291
-0.11289
-0.112911
-0.112948
-0.112928
-0.11878
-0.118892
-0.118944
-0.118926
-0.118853
-0.118773
-0.118746
-0.118805
-0.118924
-0.118993
-0.12453
-0.124783
-0.124891
-0.124865
-0.124741
-0.124602
-0.124557
-0.124678
-0.124951
-0.125222
-0.130233
-0.130708
-0.130897
-0.130844
-0.130622
-0.13037
-0.130275
-0.130481
-0.131007
-0.131788
-0.135902
-0.136721
-0.137014
-0.136895
-0.136497
-0.136034
-0.135811
-0.136082
-0.137006
-0.139158
-0.14159
-0.142921
-0.143339
-0.143087
-0.142388
-0.14156
-0.141061
-0.14133
-0.143115
-0.149037
-0.147442
-0.149491
-0.150035
-0.149537
-0.148358
-0.146917
-0.14582
-0.145792
-0.149085
-0.162517
)
;

boundaryField
{
    carasuperior
    {
        type            zeroGradient;
    }
    lateralizquierda
    {
        type            zeroGradient;
    }
    lateralderecha
    {
        type            zeroGradient;
    }
    carainferior
    {
        type            zeroGradient;
    }
    carainteriores
    {
        type            zeroGradient;
    }
    defaultFaces
    {
        type            empty;
    }
}


// ************************************************************************* //
