/*--------------------------------*- C++ -*----------------------------------*\
| =========                 |                                                 |
| \\      /  F ield         | OpenFOAM: The Open Source CFD Toolbox           |
|  \\    /   O peration     | Version:  2.4.0                                 |
|   \\  /    A nd           | Web:      www.OpenFOAM.org                      |
|    \\/     M anipulation  |                                                 |
\*---------------------------------------------------------------------------*/
FoamFile
{
    version     2.0;
    format      ascii;
    class       volScalarField;
    location    "1.3";
    object      p;
}
// * * * * * * * * * * * * * * * * * * * * * * * * * * * * * * * * * * * * * //

dimensions      [0 2 -2 0 0 0 0];

internalField   nonuniform List<scalar> 
4800
(
2.051e-07
-0.00147003
-0.00289713
-0.0038485
-0.00403009
-0.00330805
-0.00164519
0.000947581
0.00441944
0.00867119
0.0014687
-2.5182e-05
-0.00102086
-0.00149671
-0.0013437
-0.000462001
0.00118782
0.00361317
0.00679428
0.0106756
0.00292071
0.000931099
-6.78783e-05
-0.000404665
-0.000139126
0.000784994
0.00239409
0.00470486
0.00772452
0.0114346
0.00379026
0.00123772
9.0372e-05
-0.000256102
2.6016e-06
0.000885767
0.00241032
0.00460847
0.00752455
0.0111904
0.00360266
0.000616173
-0.000684673
-0.00110153
-0.000925277
-0.000157735
0.00122363
0.00328373
0.00612755
0.00987792
0.00206032
-0.00117311
-0.0025957
-0.00312287
-0.00309918
-0.00253064
-0.0013699
0.000504073
0.00329326
0.00730379
-0.000967815
-0.00424198
-0.00573745
-0.00640365
-0.00660213
-0.00633045
-0.00549893
-0.00390714
-0.00121427
0.00326557
-0.00546821
-0.00858136
-0.0100957
-0.0109233
-0.0114141
-0.0115542
-0.0112032
-0.0100698
-0.00765674
-0.00252009
-0.0112911
-0.0140674
-0.0155483
-0.0165497
-0.0173922
-0.0180591
-0.0183656
-0.0179317
-0.0161628
-0.0101857
-0.018165
-0.0204758
-0.0218751
-0.0230429
-0.0242669
-0.0255625
-0.0267656
-0.0275058
-0.0275678
-0.0225996
-7.15751e-07
-0.00148986
-0.0029267
-0.00388626
-0.00407253
-0.00335231
-0.00168937
0.000905351
0.00438131
0.00863954
0.00148489
-2.92359e-05
-0.00100407
-0.00147092
-0.00131356
-0.00042911
0.00122072
0.00364373
0.00682109
0.0106988
0.00294891
0.000906899
-6.90769e-05
-0.000403871
-0.00014068
0.000783479
0.00239247
0.0047027
0.00772175
0.0114329
0.00383048
0.00120432
9.01196e-05
-0.00025377
9.42612e-07
0.000883591
0.00240771
0.00460484
0.007519
0.0111856
0.00365095
0.000577489
-0.000680769
-0.0010928
-0.000920499
-0.000153341
0.0012274
0.00328551
0.00612352
0.00987119
0.00211231
-0.00121552
-0.00259063
-0.00311184
-0.00309199
-0.00252361
-0.00136311
0.000509312
0.00328682
0.00728619
-0.00091604
-0.00428517
-0.00573207
-0.00639161
-0.00659331
-0.00632128
-0.00548871
-0.00389467
-0.00122256
0.00322193
-0.00542055
-0.00862257
-0.0100908
-0.0109115
-0.0114047
-0.0115445
-0.0111922
-0.0100499
-0.00767998
-0.00267293
-0.0112512
-0.0141046
-0.0155449
-0.0165397
-0.0173828
-0.0180483
-0.0183506
-0.0178805
-0.0161491
-0.0105288
-0.0181358
-0.0205079
-0.0218747
-0.0230372
-0.0242603
-0.0255517
-0.0267418
-0.0273726
-0.0272622
-0.0226914
-7.78313e-07
-0.00148997
-0.00292682
-0.00388639
-0.00407266
-0.00335243
-0.00168948
0.00090525
0.00438122
0.00863947
0.0014848
-2.93592e-05
-0.0010042
-0.00147105
-0.00131369
-0.000429239
0.0012206
0.00364363
0.006821
0.0106987
0.00294876
0.000906752
-6.92221e-05
-0.00040402
-0.000140821
0.000783344
0.00239235
0.00470259
0.00772166
0.0114328
0.00383032
0.00120416
8.99702e-05
-0.00025392
7.98601e-07
0.000883456
0.0024076
0.00460474
0.00751891
0.0111855
0.00365078
0.000577331
-0.000680923
-0.00109295
-0.000920641
-0.000153469
0.00122728
0.00328541
0.00612343
0.00987111
0.00211215
-0.00121567
-0.00259078
-0.00311198
-0.00309212
-0.00252373
-0.0013632
0.000509224
0.00328675
0.00728613
-0.000916183
-0.0042853
-0.00573221
-0.00639175
-0.00659343
-0.00632139
-0.0054888
-0.00389476
-0.00122263
0.00322188
-0.00542068
-0.00862269
-0.0100909
-0.0109116
-0.0114048
-0.0115446
-0.0111922
-0.01005
-0.00768003
-0.00267297
-0.0112513
-0.0141047
-0.015545
-0.0165398
-0.0173829
-0.0180484
-0.0183506
-0.0178805
-0.0161492
-0.0105288
-0.0181359
-0.020508
-0.0218748
-0.0230372
-0.0242604
-0.0255518
-0.0267419
-0.0273726
-0.0272622
-0.0226914
1.38595e-07
-0.0014703
-0.00289746
-0.00384885
-0.00403042
-0.00330837
-0.00164548
0.000947321
0.00441921
0.008671
0.00146848
-2.54987e-05
-0.00102121
-0.00149708
-0.00134406
-0.000462336
0.00118752
0.0036129
0.00679404
0.0106754
0.00292038
0.000930733
-6.82528e-05
-0.000405044
-0.000139494
0.000784648
0.00239378
0.00470459
0.00772428
0.0114344
0.00378987
0.00123733
8.99866e-05
-0.000256488
2.23273e-06
0.000885421
0.00241001
0.0046082
0.00752432
0.0111902
0.00360224
0.000615774
-0.00068506
-0.00110192
-0.000925644
-0.000158076
0.00122334
0.00328348
0.00612733
0.00987773
0.00205992
-0.0011735
-0.00259608
-0.00312325
-0.00309953
-0.00253096
-0.00137016
0.000503849
0.00329307
0.00730363
-0.000968197
-0.00424234
-0.0057378
-0.006404
-0.00660245
-0.00633072
-0.00549916
-0.00390734
-0.00121444
0.00326544
-0.00546855
-0.00858169
-0.010096
-0.0109236
-0.0114144
-0.0115544
-0.0112034
-0.01007
-0.00765688
-0.00252019
-0.0112914
-0.0140677
-0.0155486
-0.01655
-0.0173925
-0.0180593
-0.0183658
-0.0179319
-0.0161629
-0.0101858
-0.0181653
-0.020476
-0.0218753
-0.0230431
-0.0242671
-0.0255626
-0.0267658
-0.0275059
-0.0275679
-0.0225997
0.0135509
0.0188763
0.0244839
0.0302517
0.0360995
0.0419817
0.0478767
0.0537795
0.0596968
0.0656447
0.0716489
0.0777457
0.0839818
0.0904134
0.0971006
0.104097
0.111434
0.119085
0.126952
0.134827
0.0151556
0.0200963
0.0253698
0.0308724
0.0365256
0.0422755
0.048089
0.053949
0.0598512
0.0658024
0.071819
0.0779262
0.0841572
0.0905503
0.0971445
0.10397
0.111034
0.11831
0.125704
0.133047
0.0157598
0.0205599
0.0257132
0.0311205
0.036703
0.042404
0.0481856
0.0540257
0.0599149
0.0658541
0.0718535
0.0779308
0.0841106
0.090422
0.0968954
0.103557
0.110417
0.117462
0.124626
0.131778
0.0155497
0.0204015
0.0256041
0.0310535
0.0366684
0.0423919
0.0481876
0.0540335
0.059919
0.0658422
0.0718085
0.0778291
0.0839212
0.0901073
0.0964144
0.102873
0.109511
0.116345
0.123363
0.130493
0.0145082
0.0196346
0.0250685
0.0306994
0.0364462
0.0422598
0.0481127
0.0539897
0.0598835
0.0657921
0.0717169
0.0776628
0.0836388
0.0896596
0.0957484
0.101942
0.108293
0.114868
0.121733
0.128931
0.0126032
0.0183145
0.0241898
0.0301408
0.0361052
0.0420593
0.0479981
0.0539217
0.059831
0.0657259
0.0716049
0.0774658
0.0833073
0.0891329
0.0949578
0.100821
0.106798
0.113015
0.119651
0.126983
0.00994887
0.0166734
0.0231997
0.0295678
0.0357841
0.0418851
0.0479066
0.0538719
0.0597931
0.0656727
0.0715057
0.0772812
0.0829848
0.0886038
0.0941365
0.0996149
0.105115
0.11083
0.117083
0.12459
0.00689853
0.0151606
0.0224623
0.0292394
0.0356508
0.0418395
0.0478996
0.0538788
0.0597975
0.0656583
0.0714503
0.0771517
0.0827324
0.0881576
0.0933958
0.0984432
0.103406
0.108469
0.11408
0.121681
0.00530075
0.0152691
0.0227985
0.0295687
0.0359051
0.0420174
0.0480242
0.0539712
0.0598701
0.0657144
0.0714831
0.0771413
0.0826395
0.0879135
0.092887
0.0974979
0.101794
0.105816
0.109863
0.11655
0.00970443
0.0201947
0.025683
0.0311506
0.036773
0.0425032
0.0483168
0.0541757
0.0600449
0.065892
0.0716791
0.077355
0.082846
0.088045
0.0927964
0.0968804
0.100003
0.101878
0.101854
0.104608
0.0135273
0.01886
0.0244733
0.0302451
0.0360956
0.0419793
0.0478752
0.0537783
0.0596955
0.065643
0.0716468
0.0777428
0.0839782
0.0904091
0.097096
0.104093
0.111432
0.119087
0.12696
0.134845
0.0151761
0.0201133
0.0253832
0.0308824
0.0365329
0.0422809
0.0480931
0.0539524
0.0598544
0.0658057
0.0718225
0.0779301
0.0841611
0.0905537
0.0971462
0.103969
0.111028
0.118298
0.125684
0.133021
0.0157624
0.0205644
0.025718
0.0311249
0.0367068
0.042407
0.0481879
0.0540274
0.0599162
0.0658552
0.0718544
0.0779315
0.084111
0.090422
0.0968948
0.103555
0.110415
0.117458
0.12462
0.131773
0.0155536
0.0204077
0.0256103
0.031059
0.0366727
0.0423951
0.0481898
0.054035
0.05992
0.065843
0.071809
0.0778294
0.0839214
0.0901073
0.0964141
0.102872
0.109509
0.116342
0.123358
0.130488
0.014519
0.0196464
0.0250779
0.0307068
0.0364513
0.0422632
0.0481148
0.053991
0.0598844
0.0657927
0.0717174
0.0776633
0.0836394
0.0896602
0.0957489
0.101942
0.108292
0.114864
0.121723
0.128918
0.0126268
0.0183341
0.0242016
0.0301488
0.0361098
0.0420617
0.0479993
0.0539222
0.0598312
0.065726
0.071605
0.077466
0.0833077
0.0891336
0.0949584
0.100821
0.106798
0.113013
0.119635
0.12695
0.0100124
0.0167141
0.023218
0.0295773
0.0357882
0.0418863
0.0479067
0.0538717
0.0597928
0.0656726
0.0715058
0.0772815
0.0829854
0.0886048
0.0941376
0.099614
0.105113
0.110825
0.117044
0.124498
0.00700711
0.0152032
0.0224704
0.0292426
0.0356505
0.0418379
0.0478981
0.0538776
0.0597965
0.0656574
0.0714495
0.0771512
0.0827322
0.088158
0.0933975
0.0984451
0.103406
0.108474
0.114044
0.121533
0.00543747
0.0152094
0.0227331
0.0295417
0.0358915
0.0420093
0.0480194
0.0539677
0.0598669
0.0657108
0.0714788
0.0771361
0.0826336
0.0879081
0.0928848
0.0975008
0.101812
0.105896
0.109967
0.116384
0.0104881
0.0203201
0.02569
0.031171
0.036786
0.0425091
0.04832
0.0541779
0.0600468
0.065894
0.0716816
0.077358
0.0828496
0.088049
0.0927989
0.0968762
0.0999931
0.101904
0.101794
0.103645
0.0135273
0.0188599
0.0244732
0.0302451
0.0360956
0.0419793
0.0478752
0.0537783
0.0596955
0.065643
0.0716468
0.0777428
0.0839782
0.0904091
0.097096
0.104093
0.111432
0.119087
0.12696
0.134845
0.015176
0.0201132
0.0253831
0.0308824
0.0365329
0.0422809
0.0480931
0.0539523
0.0598543
0.0658057
0.0718226
0.0779301
0.0841611
0.0905537
0.0971463
0.103969
0.111028
0.118298
0.125684
0.133021
0.0157623
0.0205643
0.0257179
0.0311249
0.0367068
0.0424069
0.0481878
0.0540274
0.0599162
0.0658552
0.0718544
0.0779315
0.084111
0.090422
0.0968948
0.103555
0.110415
0.117458
0.12462
0.131773
0.0155535
0.0204077
0.0256102
0.0310589
0.0366726
0.0423951
0.0481898
0.054035
0.05992
0.065843
0.071809
0.0778294
0.0839214
0.0901074
0.0964142
0.102872
0.109509
0.116342
0.123358
0.130488
0.0145189
0.0196464
0.0250779
0.0307067
0.0364513
0.0422631
0.0481148
0.053991
0.0598844
0.0657927
0.0717174
0.0776633
0.0836394
0.0896603
0.0957489
0.101942
0.108292
0.114865
0.121723
0.128918
0.0126267
0.0183341
0.0242016
0.0301487
0.0361098
0.0420617
0.0479993
0.0539222
0.0598312
0.065726
0.071605
0.077466
0.0833077
0.0891336
0.0949585
0.100821
0.106798
0.113013
0.119635
0.12695
0.0100123
0.0167141
0.0232179
0.0295773
0.0357881
0.0418863
0.0479067
0.0538717
0.0597929
0.0656726
0.0715058
0.0772815
0.0829855
0.0886049
0.0941376
0.099614
0.105113
0.110825
0.117044
0.124498
0.00700708
0.0152032
0.0224704
0.0292426
0.0356505
0.0418379
0.0478981
0.0538776
0.0597965
0.0656574
0.0714496
0.0771512
0.0827322
0.088158
0.0933975
0.0984451
0.103406
0.108474
0.114044
0.121533
0.00543745
0.0152094
0.022733
0.0295417
0.0358915
0.0420093
0.0480194
0.0539677
0.0598669
0.0657108
0.0714788
0.0771361
0.0826336
0.0879081
0.0928848
0.0975008
0.101812
0.105896
0.109967
0.116384
0.010488
0.0203201
0.02569
0.031171
0.036786
0.042509
0.04832
0.0541779
0.0600468
0.065894
0.0716816
0.077358
0.0828497
0.088049
0.092799
0.0968762
0.0999931
0.101904
0.101794
0.103645
0.0135508
0.0188761
0.0244838
0.0302516
0.0360995
0.0419816
0.0478766
0.0537795
0.0596968
0.0656447
0.0716489
0.0777458
0.0839819
0.0904134
0.0971007
0.104098
0.111435
0.119085
0.126952
0.134827
0.0151555
0.0200961
0.0253697
0.0308723
0.0365255
0.0422755
0.048089
0.0539489
0.0598512
0.0658024
0.071819
0.0779263
0.0841573
0.0905504
0.0971445
0.10397
0.111034
0.11831
0.125704
0.133048
0.0157597
0.0205598
0.0257131
0.0311204
0.036703
0.0424039
0.0481855
0.0540257
0.0599149
0.0658542
0.0718535
0.0779309
0.0841107
0.0904221
0.0968955
0.103557
0.110418
0.117462
0.124626
0.131778
0.0155495
0.0204013
0.025604
0.0310535
0.0366683
0.0423919
0.0481876
0.0540335
0.059919
0.0658423
0.0718085
0.0778291
0.0839213
0.0901074
0.0964145
0.102873
0.109511
0.116345
0.123363
0.130493
0.0145081
0.0196344
0.0250684
0.0306994
0.0364461
0.0422598
0.0481126
0.0539896
0.0598835
0.0657921
0.0717169
0.0776628
0.0836389
0.0896597
0.0957485
0.101942
0.108293
0.114868
0.121733
0.128931
0.0126031
0.0183144
0.0241897
0.0301408
0.0361051
0.0420592
0.047998
0.0539217
0.059831
0.0657259
0.0716049
0.0774658
0.0833074
0.089133
0.0949579
0.100821
0.106798
0.113015
0.119651
0.126983
0.00994876
0.0166733
0.0231997
0.0295678
0.0357841
0.0418851
0.0479066
0.053872
0.0597931
0.0656727
0.0715058
0.0772813
0.0829849
0.0886038
0.0941366
0.099615
0.105115
0.110831
0.117083
0.12459
0.00689845
0.0151606
0.0224623
0.0292394
0.0356508
0.0418395
0.0478996
0.0538788
0.0597975
0.0656583
0.0714503
0.0771518
0.0827325
0.0881576
0.0933959
0.0984433
0.103406
0.108469
0.11408
0.121681
0.00530069
0.015269
0.0227984
0.0295687
0.0359051
0.0420174
0.0480242
0.0539712
0.0598701
0.0657144
0.0714832
0.0771413
0.0826395
0.0879136
0.0928871
0.097498
0.101794
0.105816
0.109863
0.11655
0.00970434
0.0201947
0.025683
0.0311506
0.036773
0.0425032
0.0483168
0.0541757
0.060045
0.0658921
0.0716792
0.077355
0.082846
0.0880451
0.0927965
0.0968805
0.100003
0.101878
0.101854
0.104608
0.142394
0.149269
0.155094
0.159596
0.162627
0.164172
0.164361
0.163492
0.16204
0.160571
0.140083
0.146493
0.151981
0.156322
0.159393
0.161184
0.161807
0.161502
0.160545
0.1591
0.138684
0.145012
0.150466
0.154826
0.15797
0.159883
0.16066
0.160503
0.15955
0.157672
0.137516
0.14401
0.149638
0.15416
0.157443
0.159467
0.160314
0.160167
0.159075
0.156721
0.136291
0.143166
0.149146
0.15396
0.157466
0.159643
0.160574
0.160433
0.159229
0.156541
0.134994
0.142498
0.149004
0.154231
0.158035
0.160411
0.161458
0.16136
0.160113
0.157265
0.13379
0.142189
0.149353
0.155061
0.159195
0.161794
0.162985
0.162972
0.161767
0.158932
0.133048
0.14262
0.150483
0.15665
0.161068
0.163855
0.165187
0.165288
0.164199
0.161531
0.132983
0.144383
0.152891
0.15934
0.163856
0.166701
0.168108
0.168315
0.167389
0.165014
0.137945
0.150351
0.158019
0.163814
0.167866
0.170454
0.17178
0.172035
0.171283
0.169281
0.142423
0.149309
0.155142
0.159649
0.16268
0.16422
0.164402
0.163521
0.162057
0.16057
0.140052
0.146456
0.15194
0.156279
0.159351
0.161146
0.161774
0.161478
0.160542
0.15908
0.138685
0.145016
0.150471
0.154832
0.157976
0.159888
0.16066
0.160502
0.159567
0.157643
0.137522
0.14402
0.14965
0.154172
0.157455
0.159476
0.160317
0.160168
0.159101
0.156684
0.136298
0.143176
0.149156
0.15397
0.157474
0.159649
0.160573
0.160432
0.15926
0.156499
0.135006
0.142509
0.149015
0.154241
0.158042
0.160416
0.161457
0.161359
0.160147
0.157221
0.133814
0.142205
0.149365
0.155072
0.159202
0.161798
0.162983
0.162971
0.161801
0.158888
0.133181
0.142671
0.150503
0.156663
0.161074
0.163857
0.165184
0.165286
0.16423
0.16149
0.133288
0.144397
0.152868
0.159332
0.16385
0.166697
0.168102
0.168313
0.167416
0.164976
0.137854
0.150008
0.157866
0.163771
0.167848
0.170448
0.171775
0.172034
0.171307
0.169249
0.142423
0.149309
0.155142
0.159649
0.16268
0.16422
0.164402
0.163521
0.162057
0.16057
0.140052
0.146456
0.15194
0.15628
0.159351
0.161146
0.161775
0.161478
0.160542
0.15908
0.138685
0.145016
0.150472
0.154832
0.157976
0.159888
0.16066
0.160502
0.159567
0.157643
0.137522
0.14402
0.14965
0.154172
0.157455
0.159476
0.160317
0.160168
0.159101
0.156684
0.136298
0.143176
0.149156
0.15397
0.157474
0.159649
0.160573
0.160432
0.15926
0.156499
0.135006
0.142509
0.149015
0.154241
0.158042
0.160417
0.161457
0.161359
0.160147
0.157221
0.133814
0.142205
0.149365
0.155072
0.159202
0.161798
0.162983
0.162971
0.161801
0.158888
0.133181
0.142671
0.150503
0.156663
0.161074
0.163858
0.165184
0.165287
0.16423
0.16149
0.133289
0.144397
0.152868
0.159332
0.16385
0.166697
0.168102
0.168313
0.167416
0.164976
0.137854
0.150008
0.157866
0.163771
0.167848
0.170448
0.171775
0.172034
0.171307
0.169249
0.142394
0.149269
0.155094
0.159597
0.162627
0.164172
0.164361
0.163492
0.16204
0.160571
0.140084
0.146493
0.151981
0.156322
0.159393
0.161185
0.161808
0.161502
0.160546
0.1591
0.138684
0.145012
0.150466
0.154827
0.157971
0.159884
0.16066
0.160503
0.15955
0.157673
0.137516
0.14401
0.149638
0.15416
0.157443
0.159467
0.160314
0.160167
0.159075
0.156722
0.136291
0.143167
0.149146
0.153961
0.157467
0.159644
0.160574
0.160434
0.159229
0.156541
0.134995
0.142498
0.149005
0.154231
0.158035
0.160412
0.161459
0.16136
0.160114
0.157265
0.13379
0.142189
0.149353
0.155061
0.159195
0.161794
0.162985
0.162973
0.161767
0.158932
0.133048
0.14262
0.150483
0.156651
0.161068
0.163855
0.165187
0.165288
0.164199
0.161532
0.132983
0.144383
0.152891
0.15934
0.163857
0.166701
0.168108
0.168315
0.167389
0.165014
0.137946
0.150351
0.158019
0.163814
0.167866
0.170454
0.17178
0.172035
0.171283
0.169281
0.170217
0.165816
0.167423
0.170489
0.173163
0.175088
0.176148
0.176373
0.175781
0.174183
0.180667
0.175756
0.175666
0.177203
0.178871
0.180218
0.181009
0.181189
0.180743
0.179539
0.18611
0.183255
0.182947
0.183717
0.184742
0.185655
0.186223
0.18636
0.186043
0.185186
0.191526
0.189995
0.189706
0.190075
0.19069
0.19129
0.191682
0.191784
0.191573
0.191001
0.197094
0.196306
0.196106
0.196286
0.196653
0.197038
0.197302
0.197378
0.19725
0.196902
0.202775
0.202408
0.202299
0.202393
0.20261
0.202849
0.203019
0.203074
0.203009
0.202831
0.208563
0.208437
0.208395
0.208443
0.208559
0.208692
0.208788
0.208821
0.208801
0.208751
0.214438
0.214472
0.214464
0.214472
0.214506
0.214546
0.214572
0.214575
0.214578
0.214633
0.220424
0.220558
0.220559
0.220513
0.220457
0.220397
0.22034
0.220296
0.220303
0.220436
0.226554
0.226749
0.226726
0.226595
0.22642
0.226232
0.226063
0.225945
0.225929
0.226112
0.23289
0.233104
0.23301
0.232747
0.232404
0.232039
0.231713
0.231479
0.231404
0.231603
0.239526
0.239688
0.239457
0.238994
0.238413
0.237805
0.237261
0.236857
0.236674
0.236831
0.246582
0.246574
0.246111
0.245357
0.24445
0.243517
0.242682
0.242041
0.241681
0.241709
0.254214
0.253829
0.252997
0.251839
0.250508
0.249162
0.247958
0.247005
0.246382
0.246146
0.262618
0.261474
0.260097
0.258416
0.256563
0.254731
0.253087
0.25175
0.25076
0.250058
0.271944
0.269498
0.267309
0.264986
0.262552
0.260205
0.258095
0.256315
0.25483
0.253427
0.282296
0.277596
0.274306
0.271294
0.268323
0.265543
0.26303
0.260807
0.258708
0.256272
0.293297
0.284979
0.280376
0.276831
0.27357
0.270641
0.267959
0.265405
0.262609
0.258746
0.304702
0.290681
0.284376
0.280678
0.277704
0.275245
0.272923
0.270366
0.266891
0.261175
0.317119
0.291879
0.283274
0.280705
0.279471
0.278782
0.277869
0.276019
0.272104
0.264135
0.171001
0.165952
0.167531
0.170553
0.173186
0.175099
0.176152
0.176376
0.175801
0.174159
0.180792
0.175697
0.175709
0.177243
0.17889
0.18023
0.181016
0.181194
0.18076
0.179522
0.186117
0.18319
0.182956
0.183736
0.184754
0.185665
0.186229
0.186365
0.186056
0.185175
0.191546
0.189969
0.189709
0.190084
0.190698
0.191297
0.191688
0.191789
0.191583
0.190995
0.197106
0.196294
0.196106
0.19629
0.196658
0.197043
0.197306
0.197381
0.197256
0.196898
0.20278
0.202402
0.202298
0.202395
0.202613
0.202852
0.203022
0.203077
0.203012
0.20283
0.208564
0.208435
0.208394
0.208443
0.20856
0.208694
0.20879
0.208823
0.208802
0.208751
0.214438
0.214473
0.214464
0.214472
0.214506
0.214547
0.214573
0.214576
0.214577
0.214635
0.220422
0.220561
0.220559
0.220512
0.220457
0.220397
0.220341
0.220297
0.220301
0.220438
0.22655
0.226753
0.226725
0.226595
0.22642
0.226232
0.226064
0.225945
0.225925
0.226116
0.232885
0.233109
0.233009
0.232746
0.232403
0.232039
0.231714
0.231479
0.2314
0.231607
0.23952
0.239693
0.239456
0.238993
0.238412
0.237804
0.237262
0.236858
0.236669
0.236836
0.246576
0.246577
0.246108
0.245355
0.244449
0.243516
0.242682
0.242042
0.241679
0.241714
0.254209
0.253825
0.252993
0.251836
0.250505
0.249161
0.247958
0.247007
0.246383
0.24615
0.262615
0.261459
0.26009
0.258412
0.25656
0.254729
0.253088
0.251753
0.250768
0.25006
0.271955
0.269462
0.267301
0.264982
0.262548
0.260204
0.258096
0.256321
0.254849
0.253424
0.28235
0.277531
0.2743
0.271294
0.268318
0.265542
0.263032
0.260816
0.258745
0.256259
0.293391
0.284816
0.280353
0.276829
0.273562
0.27064
0.267961
0.265418
0.26267
0.258719
0.304842
0.290339
0.284366
0.280717
0.277716
0.275256
0.272932
0.270387
0.266986
0.261128
0.318466
0.291958
0.283561
0.280893
0.279541
0.278816
0.277885
0.276049
0.272243
0.26406
0.171001
0.165952
0.167531
0.170553
0.173186
0.175099
0.176152
0.176376
0.175801
0.174159
0.180792
0.175697
0.175709
0.177243
0.17889
0.18023
0.181016
0.181194
0.18076
0.179522
0.186117
0.18319
0.182956
0.183736
0.184754
0.185665
0.186229
0.186365
0.186056
0.185175
0.191547
0.189969
0.189709
0.190084
0.190698
0.191297
0.191688
0.191789
0.191583
0.190995
0.197106
0.196294
0.196106
0.19629
0.196658
0.197043
0.197306
0.197381
0.197256
0.196898
0.20278
0.202402
0.202298
0.202395
0.202613
0.202852
0.203022
0.203077
0.203012
0.20283
0.208564
0.208435
0.208394
0.208443
0.20856
0.208694
0.20879
0.208823
0.208802
0.208751
0.214438
0.214473
0.214464
0.214472
0.214506
0.214547
0.214573
0.214576
0.214577
0.214635
0.220422
0.220561
0.220559
0.220512
0.220457
0.220397
0.220341
0.220297
0.220301
0.220438
0.22655
0.226753
0.226725
0.226595
0.22642
0.226232
0.226064
0.225945
0.225925
0.226116
0.232885
0.233109
0.233009
0.232746
0.232403
0.232039
0.231714
0.231479
0.2314
0.231607
0.23952
0.239693
0.239456
0.238993
0.238412
0.237804
0.237262
0.236858
0.236669
0.236836
0.246576
0.246577
0.246108
0.245355
0.244449
0.243516
0.242682
0.242042
0.241679
0.241714
0.254209
0.253825
0.252993
0.251836
0.250505
0.249161
0.247958
0.247007
0.246383
0.24615
0.262615
0.261459
0.26009
0.258412
0.25656
0.254729
0.253088
0.251753
0.250768
0.25006
0.271955
0.269462
0.267301
0.264982
0.262548
0.260204
0.258096
0.256321
0.254849
0.253424
0.28235
0.277531
0.2743
0.271294
0.268318
0.265542
0.263032
0.260816
0.258745
0.256259
0.29339
0.284816
0.280353
0.276829
0.273562
0.27064
0.267961
0.265418
0.26267
0.258719
0.304842
0.290339
0.284366
0.280717
0.277716
0.275256
0.272932
0.270387
0.266986
0.261128
0.318466
0.291958
0.283561
0.280893
0.27954
0.278816
0.277885
0.276049
0.272243
0.26406
0.170218
0.165816
0.167423
0.170489
0.173163
0.175088
0.176148
0.176373
0.175781
0.174183
0.180667
0.175756
0.175666
0.177203
0.178871
0.180218
0.181009
0.181189
0.180743
0.179539
0.18611
0.183255
0.182948
0.183717
0.184742
0.185656
0.186223
0.18636
0.186043
0.185186
0.191526
0.189995
0.189706
0.190075
0.19069
0.19129
0.191682
0.191785
0.191573
0.191001
0.197094
0.196306
0.196106
0.196286
0.196653
0.197038
0.197302
0.197378
0.19725
0.196902
0.202775
0.202408
0.202299
0.202393
0.20261
0.202849
0.203019
0.203074
0.203009
0.202831
0.208563
0.208437
0.208395
0.208443
0.208559
0.208692
0.208788
0.208821
0.208801
0.208751
0.214438
0.214472
0.214464
0.214472
0.214506
0.214546
0.214572
0.214575
0.214578
0.214633
0.220424
0.220558
0.220559
0.220513
0.220457
0.220397
0.22034
0.220296
0.220303
0.220436
0.226554
0.226749
0.226725
0.226595
0.22642
0.226232
0.226063
0.225945
0.225929
0.226112
0.23289
0.233104
0.23301
0.232747
0.232404
0.232039
0.231713
0.231479
0.231404
0.231603
0.239525
0.239688
0.239457
0.238994
0.238413
0.237805
0.237261
0.236857
0.236674
0.236831
0.246582
0.246574
0.246111
0.245357
0.24445
0.243517
0.242682
0.242041
0.241681
0.241709
0.254214
0.253828
0.252997
0.251839
0.250508
0.249162
0.247958
0.247005
0.246382
0.246146
0.262618
0.261474
0.260097
0.258416
0.256563
0.254731
0.253087
0.25175
0.25076
0.250058
0.271944
0.269498
0.267309
0.264986
0.262552
0.260205
0.258095
0.256315
0.25483
0.253427
0.282296
0.277596
0.274306
0.271294
0.268323
0.265543
0.26303
0.260807
0.258708
0.256272
0.293296
0.284979
0.280376
0.276831
0.27357
0.270641
0.267959
0.265405
0.262609
0.258746
0.304702
0.290681
0.284376
0.280678
0.277703
0.275245
0.272923
0.270366
0.26689
0.261175
0.317119
0.291879
0.283274
0.280705
0.279471
0.278782
0.277869
0.276019
0.272103
0.264135
0.254717
0.263365
0.269365
0.273709
0.277341
0.280591
0.282749
0.282823
0.279073
0.268582
0.22575
0.242038
0.253633
0.263306
0.272382
0.280948
0.28788
0.29152
0.289031
0.276051
0.208557
0.224233
0.237762
0.251267
0.265624
0.280426
0.293865
0.303194
0.303771
0.288967
0.195105
0.209055
0.223236
0.239514
0.258727
0.280305
0.301917
0.319535
0.325947
0.311259
0.185139
0.197661
0.212088
0.230494
0.254111
0.282726
0.314062
0.343085
0.359524
0.349421
0.178989
0.190969
0.206004
0.226477
0.254368
0.290276
0.332901
0.3772
0.410133
0.413653
0.176574
0.189122
0.205551
0.228682
0.261162
0.304963
0.360779
0.42529
0.48443
0.518428
0.1771
0.191037
0.209526
0.235789
0.273362
0.325992
0.39746
0.487911
0.587664
0.691096
0.178932
0.194033
0.213959
0.242257
0.283424
0.343444
0.430731
0.553594
0.722179
1.0019
0.180473
0.195075
0.213852
0.240206
0.278892
0.337346
0.429654
0.583418
0.869484
1.48643
0.255039
0.262882
0.269239
0.273693
0.277335
0.280598
0.282753
0.282857
0.279267
0.268471
0.226197
0.241991
0.253583
0.263275
0.272361
0.280943
0.287873
0.291558
0.289294
0.275899
0.208824
0.224253
0.237737
0.25123
0.265587
0.280402
0.293836
0.30323
0.304114
0.288771
0.195198
0.209042
0.223188
0.23945
0.258657
0.280241
0.301845
0.319554
0.326364
0.311019
0.185168
0.19763
0.21202
0.230401
0.254
0.282605
0.313924
0.343064
0.359967
0.349162
0.178996
0.190931
0.20592
0.226363
0.254211
0.290075
0.332655
0.377083
0.4105
0.413598
0.176586
0.189098
0.205481
0.228559
0.260963
0.304645
0.360339
0.424954
0.484418
0.518909
0.177143
0.19107
0.209546
0.235787
0.273305
0.325784
0.397074
0.487555
0.586368
0.690771
0.179002
0.194143
0.214139
0.242543
0.283849
0.343998
0.431466
0.554189
0.718946
0.999594
0.180526
0.195118
0.213876
0.240214
0.278909
0.337425
0.430017
0.583859
0.865803
1.49568
0.255039
0.262882
0.269239
0.273693
0.277335
0.280598
0.282753
0.282857
0.279267
0.268471
0.226197
0.241991
0.253583
0.263275
0.272361
0.280943
0.287873
0.291558
0.289294
0.275899
0.208824
0.224253
0.237737
0.25123
0.265587
0.280401
0.293836
0.30323
0.304114
0.288771
0.195198
0.209042
0.223188
0.23945
0.258656
0.280241
0.301845
0.319554
0.326364
0.311019
0.185168
0.19763
0.21202
0.230401
0.254
0.282605
0.313924
0.343064
0.359967
0.349162
0.178996
0.190931
0.20592
0.226363
0.25421
0.290075
0.332655
0.377083
0.4105
0.413598
0.176586
0.189098
0.205481
0.228559
0.260963
0.304645
0.360339
0.424954
0.484418
0.518909
0.177143
0.19107
0.209546
0.235787
0.273305
0.325783
0.397074
0.487555
0.586368
0.690771
0.179002
0.194143
0.214139
0.242543
0.283849
0.343998
0.431466
0.554189
0.718946
0.999594
0.180526
0.195118
0.213876
0.240214
0.278909
0.337425
0.430016
0.583859
0.865803
1.49568
0.254717
0.263365
0.269365
0.273709
0.27734
0.280591
0.282749
0.282823
0.279073
0.268582
0.22575
0.242038
0.253633
0.263306
0.272382
0.280948
0.28788
0.29152
0.289031
0.276051
0.208557
0.224233
0.237762
0.251267
0.265624
0.280426
0.293865
0.303194
0.303771
0.288967
0.195105
0.209055
0.223236
0.239514
0.258726
0.280305
0.301917
0.319535
0.325947
0.311259
0.185139
0.197661
0.212088
0.230494
0.254111
0.282726
0.314062
0.343085
0.359524
0.349421
0.178989
0.190969
0.206004
0.226476
0.254367
0.290276
0.3329
0.3772
0.410133
0.413653
0.176574
0.189122
0.205551
0.228682
0.261162
0.304963
0.360779
0.42529
0.48443
0.518428
0.1771
0.191037
0.209526
0.235789
0.273362
0.325991
0.39746
0.487911
0.587664
0.691096
0.178932
0.194033
0.213959
0.242257
0.283423
0.343444
0.430731
0.553594
0.722179
1.0019
0.180473
0.195075
0.213852
0.240206
0.278891
0.337346
0.429654
0.583417
0.869484
1.48643
-0.14994
-0.129507
-0.111822
-0.0954213
-0.0789625
-0.062272
-0.0453614
-0.0282782
-0.011091
0.00612319
0.0232839
0.04031
0.0571186
0.073664
0.0899553
0.106164
0.122756
0.140741
0.163382
0.200859
-0.136781
-0.123321
-0.108896
-0.093724
-0.0778677
-0.061536
-0.0448628
-0.027947
-0.0108754
0.00627398
0.0234302
0.0405309
0.0575367
0.0744354
0.0912966
0.108324
0.125919
0.144713
0.166249
0.194229
-0.133961
-0.121888
-0.108175
-0.0933312
-0.0776693
-0.0614435
-0.0448206
-0.0279204
-0.0108362
0.00635609
0.0235932
0.0408228
0.0580089
0.0751406
0.0922555
0.109473
0.127018
0.145206
0.164642
0.186359
-0.135391
-0.122956
-0.109015
-0.0940012
-0.0782089
-0.0618669
-0.0451365
-0.0281329
-0.0109414
0.00637226
0.0237547
0.0411594
0.0585442
0.0758724
0.0931171
0.11027
0.127341
0.144347
0.161373
0.178571
-0.13841
-0.125213
-0.110713
-0.0952728
-0.0791555
-0.0625613
-0.0456301
-0.0284586
-0.0111148
0.00635098
0.0238967
0.0414791
0.0590455
0.0765242
0.0938168
0.110792
0.127279
0.143073
0.158007
0.172041
-0.141257
-0.127335
-0.112282
-0.0964171
-0.0799802
-0.0631449
-0.0460287
-0.0287087
-0.011236
0.00635198
0.024021
0.0417272
0.0594042
0.0769476
0.0942002
0.110942
0.126894
0.14175
0.155285
0.167531
-0.142222
-0.127956
-0.11268
-0.0966663
-0.0801297
-0.0632259
-0.0460597
-0.0286988
-0.0111881
0.00643898
0.0241474
0.0418874
0.059579
0.0770941
0.0942424
0.110764
0.126348
0.140686
0.15361
0.165305
-0.14036
-0.126373
-0.111403
-0.0956704
-0.0793703
-0.0626539
-0.0456303
-0.0283748
-0.010941
0.00662837
0.0242885
0.0419784
0.0596059
0.0770315
0.0940561
0.110422
0.12584
0.140062
0.153021
0.165045
-0.135658
-0.122744
-0.108683
-0.0936759
-0.0779319
-0.0616287
-0.0449059
-0.0278673
-0.010591
0.00686083
0.0244288
0.0420387
0.0595899
0.0769416
0.0939016
0.110232
0.12568
0.140053
0.153355
0.165978
-0.127822
-0.117125
-0.104736
-0.0909533
-0.0760812
-0.0603864
-0.0440821
-0.0273296
-0.0102482
0.00707098
0.0245493
0.0421097
0.0596534
0.0770441
0.0941013
0.1106
0.126294
0.140982
0.15462
0.167504
-0.150259
-0.129376
-0.111806
-0.095442
-0.0789743
-0.0622792
-0.0453665
-0.0282814
-0.0110926
0.00612285
0.0232844
0.0403106
0.0571187
0.0736615
0.0899459
0.106143
0.122733
0.140695
0.163046
0.200183
-0.136725
-0.123162
-0.108825
-0.0936891
-0.0778421
-0.061518
-0.0448505
-0.0279387
-0.0108701
0.0062771
0.0234323
0.0405334
0.0575415
0.0744458
0.0913156
0.108356
0.12598
0.144791
0.166156
0.193959
-0.134016
-0.121862
-0.108151
-0.0933129
-0.0776547
-0.061433
-0.0448133
-0.0279153
-0.0108327
0.00635845
0.0235948
0.0408238
0.0580095
0.0751407
0.092254
0.109468
0.127012
0.145189
0.164549
0.186264
-0.135429
-0.122952
-0.109004
-0.093991
-0.0782001
-0.0618602
-0.0451317
-0.0281295
-0.0109391
0.00637387
0.0237558
0.0411601
0.0585446
0.075872
0.0931148
0.110264
0.127331
0.144325
0.16132
0.178535
-0.138433
-0.125218
-0.110714
-0.095272
-0.079154
-0.0625599
-0.0456291
-0.028458
-0.0111145
0.0063512
0.0238969
0.0414795
0.0590462
0.0765252
0.0938177
0.110792
0.127277
0.143067
0.157991
0.172034
-0.141293
-0.127358
-0.112298
-0.0964285
-0.079988
-0.0631505
-0.0460327
-0.0287116
-0.0112382
0.00635041
0.0240199
0.0417268
0.0594044
0.0769484
0.0942017
0.110944
0.126897
0.141752
0.155285
0.167536
-0.142263
-0.127987
-0.112703
-0.0966828
-0.0801415
-0.0632344
-0.0460657
-0.0287032
-0.0111914
0.00643644
0.0241454
0.041886
0.0595783
0.0770944
0.0942443
0.110769
0.126356
0.140698
0.153625
0.165323
-0.140397
-0.126397
-0.111419
-0.095681
-0.079377
-0.0626581
-0.0456329
-0.0283766
-0.0109425
0.00662673
0.0242865
0.041976
0.0596034
0.0770295
0.0940559
0.110426
0.12585
0.14008
0.15305
0.165084
-0.135753
-0.122803
-0.108718
-0.0936957
-0.0779425
-0.061634
-0.0449081
-0.0278682
-0.0105915
0.00685982
0.0244267
0.042035
0.0595844
0.0769344
0.0938935
0.110225
0.125677
0.140059
0.153376
0.16602
-0.127767
-0.117087
-0.10471
-0.0909358
-0.0760694
-0.0603788
-0.0440775
-0.0273273
-0.0102475
0.00707044
0.0245481
0.0421085
0.059653
0.0770464
0.0941088
0.110616
0.126321
0.141022
0.154673
0.167562
-0.150259
-0.129376
-0.111806
-0.095442
-0.0789743
-0.0622792
-0.0453665
-0.0282814
-0.0110926
0.00612284
0.0232844
0.0403106
0.0571187
0.0736614
0.0899458
0.106143
0.122733
0.140695
0.163046
0.200183
-0.136725
-0.123162
-0.108825
-0.093689
-0.0778421
-0.061518
-0.0448505
-0.0279387
-0.0108701
0.0062771
0.0234323
0.0405334
0.0575415
0.0744458
0.0913156
0.108356
0.12598
0.144791
0.166156
0.193959
-0.134016
-0.121862
-0.108151
-0.0933129
-0.0776547
-0.061433
-0.0448133
-0.0279153
-0.0108327
0.00635844
0.0235948
0.0408238
0.0580095
0.0751407
0.0922539
0.109468
0.127012
0.145189
0.164548
0.186264
-0.135429
-0.122952
-0.109004
-0.093991
-0.0782001
-0.0618602
-0.0451317
-0.0281295
-0.0109391
0.00637386
0.0237558
0.0411601
0.0585446
0.075872
0.0931148
0.110264
0.127331
0.144325
0.16132
0.178535
-0.138433
-0.125218
-0.110714
-0.095272
-0.079154
-0.0625599
-0.0456291
-0.028458
-0.0111145
0.00635119
0.0238969
0.0414795
0.0590462
0.0765251
0.0938177
0.110792
0.127277
0.143067
0.157991
0.172034
-0.141293
-0.127358
-0.112298
-0.0964285
-0.079988
-0.0631505
-0.0460327
-0.0287116
-0.0112382
0.00635039
0.0240199
0.0417268
0.0594044
0.0769484
0.0942017
0.110944
0.126897
0.141752
0.155285
0.167536
-0.142263
-0.127987
-0.112703
-0.0966828
-0.0801415
-0.0632344
-0.0460657
-0.0287033
-0.0111914
0.00643643
0.0241454
0.041886
0.0595782
0.0770944
0.0942443
0.110769
0.126356
0.140698
0.153625
0.165323
-0.140397
-0.126397
-0.111419
-0.095681
-0.079377
-0.0626581
-0.0456329
-0.0283767
-0.0109425
0.00662671
0.0242864
0.041976
0.0596034
0.0770295
0.0940559
0.110426
0.12585
0.14008
0.15305
0.165083
-0.135753
-0.122803
-0.108718
-0.0936957
-0.0779425
-0.061634
-0.0449082
-0.0278682
-0.0105915
0.0068598
0.0244266
0.042035
0.0595844
0.0769344
0.0938935
0.110225
0.125677
0.140059
0.153376
0.16602
-0.127767
-0.117087
-0.10471
-0.0909358
-0.0760694
-0.0603788
-0.0440775
-0.0273273
-0.0102475
0.00707043
0.0245481
0.0421085
0.059653
0.0770464
0.0941088
0.110616
0.126321
0.141022
0.154673
0.167562
-0.14994
-0.129507
-0.111822
-0.0954213
-0.0789625
-0.062272
-0.0453614
-0.0282782
-0.011091
0.00612317
0.0232839
0.0403099
0.0571186
0.073664
0.0899552
0.106164
0.122756
0.140741
0.163381
0.200859
-0.136781
-0.12332
-0.108896
-0.0937239
-0.0778677
-0.061536
-0.0448628
-0.027947
-0.0108754
0.00627396
0.0234302
0.0405309
0.0575366
0.0744354
0.0912965
0.108324
0.125919
0.144713
0.166249
0.194229
-0.13396
-0.121888
-0.108175
-0.0933312
-0.0776693
-0.0614435
-0.0448206
-0.0279204
-0.0108362
0.00635607
0.0235932
0.0408228
0.0580089
0.0751405
0.0922554
0.109473
0.127018
0.145206
0.164642
0.186359
-0.135391
-0.122956
-0.109015
-0.0940011
-0.0782089
-0.0618669
-0.0451365
-0.0281329
-0.0109414
0.00637224
0.0237547
0.0411594
0.0585442
0.0758724
0.093117
0.11027
0.127341
0.144347
0.161373
0.178571
-0.13841
-0.125213
-0.110713
-0.0952728
-0.0791555
-0.0625613
-0.0456301
-0.0284586
-0.0111148
0.00635096
0.0238966
0.0414791
0.0590455
0.0765241
0.0938168
0.110792
0.127279
0.143073
0.158007
0.172041
-0.141257
-0.127335
-0.112282
-0.0964171
-0.0799802
-0.0631449
-0.0460287
-0.0287087
-0.0112361
0.00635194
0.0240209
0.0417272
0.0594042
0.0769475
0.0942002
0.110942
0.126894
0.14175
0.155285
0.167531
-0.142222
-0.127956
-0.11268
-0.0966663
-0.0801297
-0.0632259
-0.0460597
-0.0286989
-0.0111881
0.00643894
0.0241474
0.0418874
0.0595789
0.0770941
0.0942423
0.110764
0.126348
0.140686
0.15361
0.165305
-0.14036
-0.126373
-0.111403
-0.0956704
-0.0793703
-0.0626539
-0.0456303
-0.0283748
-0.010941
0.00662833
0.0242884
0.0419783
0.0596059
0.0770314
0.094056
0.110422
0.12584
0.140062
0.153021
0.165045
-0.135658
-0.122744
-0.108683
-0.0936759
-0.0779319
-0.0616288
-0.0449059
-0.0278674
-0.010591
0.00686079
0.0244287
0.0420387
0.0595899
0.0769415
0.0939016
0.110232
0.12568
0.140053
0.153355
0.165978
-0.127822
-0.117125
-0.104736
-0.0909533
-0.0760812
-0.0603864
-0.0440822
-0.0273296
-0.0102482
0.00707095
0.0245493
0.0421097
0.0596533
0.0770441
0.0941013
0.1106
0.126294
0.140982
0.15462
0.167504
-0.15314
-0.156184
-0.156848
-0.155965
-0.154086
-0.151664
-0.149247
-0.147403
-0.147868
-0.153971
-0.160433
-0.164658
-0.165309
-0.163815
-0.161032
-0.157455
-0.153539
-0.149599
-0.146214
-0.143865
-0.169637
-0.175189
-0.175568
-0.173161
-0.169316
-0.16463
-0.159509
-0.154129
-0.148589
-0.142637
-0.18216
-0.188951
-0.188432
-0.184508
-0.17924
-0.173337
-0.16712
-0.160579
-0.153517
-0.14549
-0.200362
-0.207595
-0.204757
-0.19812
-0.190649
-0.183092
-0.17558
-0.167844
-0.159427
-0.149806
-0.228644
-0.233441
-0.225181
-0.213663
-0.202629
-0.192604
-0.183352
-0.174244
-0.164557
-0.153686
-0.275767
-0.269621
-0.249725
-0.229792
-0.213202
-0.199654
-0.188193
-0.177625
-0.166886
-0.15521
-0.360562
-0.318648
-0.276889
-0.24387
-0.2194
-0.201502
-0.1878
-0.176154
-0.164963
-0.153199
-0.538004
-0.37523
-0.29397
-0.245272
-0.213382
-0.192824
-0.178888
-0.167986
-0.157888
-0.14732
-0.922834
-0.42998
-0.263556
-0.206613
-0.177838
-0.162793
-0.154858
-0.149309
-0.143632
-0.136636
-0.153106
-0.156249
-0.156862
-0.155966
-0.154085
-0.15166
-0.149258
-0.14739
-0.147671
-0.154114
-0.160381
-0.164749
-0.165318
-0.163801
-0.161013
-0.157426
-0.153505
-0.149526
-0.146016
-0.143753
-0.169565
-0.175315
-0.175566
-0.173128
-0.169283
-0.164593
-0.159473
-0.154087
-0.148531
-0.142666
-0.182071
-0.189119
-0.188409
-0.184447
-0.179189
-0.173292
-0.167084
-0.16055
-0.153496
-0.145517
-0.200266
-0.207799
-0.204692
-0.198024
-0.190584
-0.183045
-0.175551
-0.16783
-0.159424
-0.149826
-0.2286
-0.233617
-0.225026
-0.213525
-0.202558
-0.19257
-0.183346
-0.174258
-0.164584
-0.153724
-0.276005
-0.269558
-0.249346
-0.229559
-0.213096
-0.199613
-0.188192
-0.177651
-0.166926
-0.155256
-0.360893
-0.317909
-0.27647
-0.243766
-0.2194
-0.201544
-0.187859
-0.176214
-0.165018
-0.153246
-0.535889
-0.372776
-0.294729
-0.246391
-0.214153
-0.193391
-0.179314
-0.16829
-0.1581
-0.147464
-0.93075
-0.425693
-0.263323
-0.20681
-0.177485
-0.162435
-0.154623
-0.149146
-0.143515
-0.136555
-0.153106
-0.156249
-0.156862
-0.155966
-0.154085
-0.15166
-0.149258
-0.14739
-0.147671
-0.154114
-0.160381
-0.164749
-0.165318
-0.163801
-0.161013
-0.157426
-0.153505
-0.149526
-0.146016
-0.143753
-0.169564
-0.175315
-0.175566
-0.173128
-0.169283
-0.164592
-0.159473
-0.154087
-0.148531
-0.142666
-0.182071
-0.189119
-0.188409
-0.184447
-0.179189
-0.173292
-0.167084
-0.16055
-0.153496
-0.145517
-0.200266
-0.207799
-0.204692
-0.198024
-0.190584
-0.183045
-0.175551
-0.16783
-0.159424
-0.149826
-0.228599
-0.233617
-0.225026
-0.213525
-0.202558
-0.19257
-0.183345
-0.174258
-0.164584
-0.153724
-0.276005
-0.269558
-0.249346
-0.229559
-0.213096
-0.199613
-0.188192
-0.177651
-0.166926
-0.155256
-0.360893
-0.317909
-0.27647
-0.243766
-0.2194
-0.201544
-0.187859
-0.176214
-0.165018
-0.153246
-0.535889
-0.372776
-0.294729
-0.246391
-0.214153
-0.193391
-0.179314
-0.16829
-0.1581
-0.147464
-0.930749
-0.425693
-0.263323
-0.20681
-0.177485
-0.162435
-0.154623
-0.149146
-0.143515
-0.136555
-0.153139
-0.156184
-0.156848
-0.155965
-0.154085
-0.151664
-0.149247
-0.147403
-0.147868
-0.153971
-0.160432
-0.164658
-0.165309
-0.163815
-0.161032
-0.157455
-0.153539
-0.149599
-0.146214
-0.143865
-0.169636
-0.175189
-0.175568
-0.173161
-0.169316
-0.164629
-0.159509
-0.154129
-0.148589
-0.142637
-0.18216
-0.188951
-0.188432
-0.184507
-0.179239
-0.173336
-0.167119
-0.160579
-0.153517
-0.14549
-0.200361
-0.207595
-0.204757
-0.19812
-0.190649
-0.183091
-0.17558
-0.167844
-0.159426
-0.149806
-0.228644
-0.23344
-0.225181
-0.213662
-0.202629
-0.192604
-0.183352
-0.174244
-0.164557
-0.153686
-0.275767
-0.269621
-0.249725
-0.229792
-0.213202
-0.199653
-0.188193
-0.177625
-0.166886
-0.15521
-0.360562
-0.318648
-0.276889
-0.24387
-0.2194
-0.201502
-0.1878
-0.176153
-0.164963
-0.153199
-0.538004
-0.37523
-0.29397
-0.245272
-0.213382
-0.192824
-0.178888
-0.167986
-0.157888
-0.14732
-0.922834
-0.42998
-0.263556
-0.206613
-0.177838
-0.162793
-0.154858
-0.149309
-0.143632
-0.136636
-0.025731
-0.0275111
-0.0287809
-0.0300657
-0.0316271
-0.0335749
-0.035968
-0.038877
-0.0440114
-0.0559633
-0.0336059
-0.0348543
-0.0359328
-0.0371953
-0.0388258
-0.0409072
-0.0434755
-0.0464801
-0.0506993
-0.0587133
-0.0414727
-0.0422483
-0.043097
-0.0442136
-0.0456909
-0.047544
-0.0497286
-0.0520905
-0.0547448
-0.0586857
-0.0491238
-0.0495246
-0.0501416
-0.0510485
-0.0522659
-0.0537605
-0.0554439
-0.0571527
-0.0587664
-0.0605585
-0.0564612
-0.0565894
-0.0570029
-0.0576868
-0.0586171
-0.0597372
-0.0609438
-0.0621142
-0.0630608
-0.0636793
-0.0634582
-0.0634155
-0.0636652
-0.0641459
-0.0648108
-0.0656
-0.0664203
-0.0671609
-0.0676706
-0.0677623
-0.0701451
-0.0700104
-0.0701402
-0.0704544
-0.0709
-0.0714239
-0.0719512
-0.0723973
-0.0726429
-0.0725133
-0.0765752
-0.0764046
-0.0764541
-0.0766429
-0.0769214
-0.077248
-0.0775672
-0.0778198
-0.0779158
-0.0777131
-0.0828078
-0.0826371
-0.0826382
-0.0827393
-0.0828988
-0.083087
-0.0832659
-0.0833961
-0.0834128
-0.083207
-0.0888971
-0.0887466
-0.0887232
-0.0887674
-0.0888472
-0.0889435
-0.0890328
-0.0890903
-0.0890699
-0.0888902
-0.094887
-0.0947671
-0.0947362
-0.0947471
-0.0947765
-0.0948149
-0.0948506
-0.0948694
-0.0948377
-0.0946932
-0.100809
-0.100726
-0.1007
-0.100694
-0.100693
-0.100696
-0.100703
-0.100707
-0.100681
-0.100573
-0.106683
-0.106644
-0.106634
-0.106622
-0.106601
-0.106581
-0.106574
-0.106582
-0.106578
-0.106508
-0.112516
-0.112536
-0.112552
-0.112541
-0.112502
-0.112462
-0.11245
-0.112478
-0.112518
-0.112497
-0.118306
-0.118418
-0.118473
-0.118462
-0.118398
-0.118328
-0.118311
-0.118379
-0.118504
-0.118572
-0.124049
-0.124302
-0.124416
-0.124399
-0.124286
-0.12416
-0.124128
-0.124261
-0.124545
-0.124819
-0.129739
-0.130217
-0.130414
-0.130373
-0.130166
-0.12993
-0.129853
-0.130076
-0.130621
-0.13142
-0.135385
-0.136215
-0.136521
-0.136419
-0.136039
-0.135596
-0.135396
-0.135691
-0.136644
-0.138849
-0.141045
-0.142396
-0.142833
-0.142601
-0.141926
-0.141122
-0.140652
-0.140954
-0.142796
-0.148811
-0.146861
-0.148944
-0.149515
-0.149042
-0.14789
-0.146478
-0.145412
-0.145422
-0.148795
-0.162403
-0.0257136
-0.0275382
-0.0287858
-0.0300709
-0.0316407
-0.0336086
-0.0360601
-0.0390252
-0.0441768
-0.0569276
-0.0335981
-0.0348743
-0.0359387
-0.0372012
-0.0388358
-0.0409239
-0.0435148
-0.0465154
-0.0505948
-0.0587735
-0.0414715
-0.0422606
-0.0431013
-0.0442169
-0.0456944
-0.0475463
-0.0497343
-0.052086
-0.0546651
-0.0586594
-0.0491263
-0.0495305
-0.0501444
-0.0510504
-0.0522672
-0.0537609
-0.0554456
-0.0571535
-0.0587484
-0.0605683
-0.0564654
-0.0565907
-0.0570046
-0.0576879
-0.0586175
-0.0597373
-0.0609447
-0.0621125
-0.063058
-0.0636836
-0.0634628
-0.0634138
-0.063666
-0.0641464
-0.0648105
-0.0655994
-0.0664193
-0.0671592
-0.0676729
-0.0677598
-0.0701494
-0.0700072
-0.0701403
-0.0704545
-0.0708995
-0.0714232
-0.0719501
-0.0723969
-0.0726484
-0.0725094
-0.0765789
-0.0764009
-0.0764539
-0.0766429
-0.076921
-0.0772476
-0.0775665
-0.07782
-0.0779217
-0.0777095
-0.0828107
-0.0826335
-0.0826379
-0.0827393
-0.0828985
-0.0830867
-0.0832655
-0.0833965
-0.083418
-0.0832041
-0.0888994
-0.0887436
-0.0887229
-0.0887675
-0.088847
-0.0889434
-0.0890325
-0.0890907
-0.0890741
-0.0888879
-0.0948887
-0.0947649
-0.0947362
-0.0947473
-0.0947764
-0.0948147
-0.0948503
-0.0948697
-0.094841
-0.0946915
-0.10081
-0.100725
-0.1007
-0.100695
-0.100693
-0.100696
-0.100702
-0.100707
-0.100684
-0.100572
-0.106684
-0.106644
-0.106634
-0.106622
-0.106601
-0.106581
-0.106573
-0.106581
-0.10658
-0.106507
-0.112517
-0.112537
-0.112554
-0.112542
-0.112503
-0.112462
-0.112448
-0.112476
-0.112519
-0.112497
-0.118306
-0.118421
-0.118476
-0.118464
-0.118399
-0.118327
-0.118308
-0.118375
-0.118501
-0.118572
-0.124049
-0.124308
-0.124421
-0.124403
-0.124288
-0.12416
-0.124125
-0.124256
-0.124538
-0.124823
-0.129737
-0.130228
-0.130421
-0.130378
-0.13017
-0.12993
-0.129849
-0.13007
-0.130609
-0.13143
-0.135381
-0.136234
-0.136531
-0.136426
-0.136044
-0.135597
-0.135394
-0.135681
-0.136591
-0.138811
-0.141035
-0.142426
-0.142846
-0.142611
-0.141934
-0.141128
-0.140662
-0.140951
-0.142655
-0.14867
-0.146842
-0.148989
-0.14953
-0.149052
-0.147903
-0.146499
-0.145471
-0.145519
-0.148805
-0.162907
-0.0257137
-0.0275382
-0.0287859
-0.0300709
-0.0316407
-0.0336086
-0.0360601
-0.0390253
-0.0441769
-0.0569276
-0.0335982
-0.0348743
-0.0359387
-0.0372012
-0.0388359
-0.0409239
-0.0435148
-0.0465154
-0.0505948
-0.0587735
-0.0414715
-0.0422607
-0.0431014
-0.044217
-0.0456944
-0.0475464
-0.0497343
-0.052086
-0.0546651
-0.0586594
-0.0491264
-0.0495306
-0.0501445
-0.0510504
-0.0522672
-0.053761
-0.0554457
-0.0571535
-0.0587484
-0.0605684
-0.0564654
-0.0565907
-0.0570046
-0.0576879
-0.0586175
-0.0597373
-0.0609447
-0.0621125
-0.0630581
-0.0636837
-0.0634629
-0.0634138
-0.063666
-0.0641464
-0.0648105
-0.0655994
-0.0664193
-0.0671592
-0.067673
-0.0677598
-0.0701494
-0.0700072
-0.0701403
-0.0704546
-0.0708995
-0.0714233
-0.0719502
-0.0723969
-0.0726484
-0.0725094
-0.0765789
-0.0764009
-0.0764539
-0.0766429
-0.076921
-0.0772476
-0.0775665
-0.07782
-0.0779217
-0.0777095
-0.0828107
-0.0826335
-0.0826379
-0.0827393
-0.0828985
-0.0830867
-0.0832655
-0.0833965
-0.083418
-0.0832041
-0.0888994
-0.0887436
-0.0887229
-0.0887675
-0.088847
-0.0889434
-0.0890325
-0.0890907
-0.0890741
-0.0888879
-0.0948887
-0.0947649
-0.0947362
-0.0947473
-0.0947764
-0.0948147
-0.0948503
-0.0948697
-0.0948409
-0.0946915
-0.10081
-0.100725
-0.1007
-0.100695
-0.100693
-0.100696
-0.100702
-0.100707
-0.100684
-0.100572
-0.106684
-0.106644
-0.106634
-0.106622
-0.106601
-0.106581
-0.106573
-0.106581
-0.10658
-0.106507
-0.112517
-0.112537
-0.112554
-0.112542
-0.112503
-0.112462
-0.112448
-0.112476
-0.112519
-0.112497
-0.118306
-0.118421
-0.118476
-0.118464
-0.118399
-0.118327
-0.118308
-0.118375
-0.118501
-0.118572
-0.124049
-0.124308
-0.12442
-0.124403
-0.124288
-0.12416
-0.124125
-0.124256
-0.124538
-0.124823
-0.129737
-0.130228
-0.130421
-0.130378
-0.13017
-0.12993
-0.129849
-0.13007
-0.130609
-0.13143
-0.135381
-0.136234
-0.136531
-0.136426
-0.136044
-0.135597
-0.135394
-0.135681
-0.136591
-0.138811
-0.141034
-0.142426
-0.142846
-0.142611
-0.141934
-0.141128
-0.140662
-0.140951
-0.142655
-0.14867
-0.146842
-0.148989
-0.14953
-0.149052
-0.147903
-0.146499
-0.145471
-0.145519
-0.148805
-0.162907
-0.0257312
-0.0275113
-0.028781
-0.0300659
-0.0316272
-0.033575
-0.0359682
-0.0388771
-0.0440115
-0.0559634
-0.033606
-0.0348545
-0.035933
-0.0371955
-0.038826
-0.0409073
-0.0434756
-0.0464802
-0.0506994
-0.0587134
-0.0414728
-0.0422484
-0.0430971
-0.0442137
-0.045691
-0.0475441
-0.0497287
-0.0520906
-0.0547449
-0.0586858
-0.0491239
-0.0495247
-0.0501416
-0.0510485
-0.0522659
-0.0537606
-0.0554439
-0.0571528
-0.0587665
-0.0605586
-0.0564612
-0.0565895
-0.057003
-0.0576869
-0.0586172
-0.0597372
-0.0609439
-0.0621142
-0.0630609
-0.0636794
-0.0634582
-0.0634155
-0.0636653
-0.064146
-0.0648108
-0.0656
-0.0664204
-0.0671609
-0.0676707
-0.0677623
-0.0701451
-0.0700104
-0.0701402
-0.0704545
-0.0709
-0.0714239
-0.0719512
-0.0723974
-0.072643
-0.0725133
-0.0765752
-0.0764046
-0.0764541
-0.0766429
-0.0769215
-0.077248
-0.0775672
-0.0778198
-0.0779158
-0.0777131
-0.0828078
-0.0826371
-0.0826382
-0.0827393
-0.0828988
-0.083087
-0.0832659
-0.0833961
-0.0834128
-0.083207
-0.0888971
-0.0887466
-0.0887232
-0.0887674
-0.0888473
-0.0889435
-0.0890328
-0.0890903
-0.0890699
-0.0888902
-0.094887
-0.0947671
-0.0947362
-0.0947471
-0.0947765
-0.0948149
-0.0948506
-0.0948694
-0.0948377
-0.0946932
-0.100809
-0.100726
-0.1007
-0.100694
-0.100693
-0.100696
-0.100703
-0.100707
-0.100681
-0.100573
-0.106683
-0.106644
-0.106633
-0.106622
-0.106601
-0.106581
-0.106574
-0.106582
-0.106578
-0.106508
-0.112516
-0.112536
-0.112552
-0.112541
-0.112502
-0.112462
-0.11245
-0.112478
-0.112518
-0.112497
-0.118306
-0.118418
-0.118473
-0.118462
-0.118398
-0.118328
-0.118311
-0.118379
-0.118504
-0.118572
-0.124049
-0.124302
-0.124416
-0.124399
-0.124286
-0.12416
-0.124128
-0.124261
-0.124545
-0.124819
-0.129738
-0.130217
-0.130414
-0.130373
-0.130166
-0.12993
-0.129853
-0.130076
-0.130621
-0.13142
-0.135385
-0.136215
-0.136521
-0.136418
-0.136038
-0.135596
-0.135396
-0.135691
-0.136644
-0.138849
-0.141044
-0.142396
-0.142833
-0.142601
-0.141925
-0.141122
-0.140652
-0.140954
-0.142796
-0.148811
-0.146861
-0.148944
-0.149515
-0.149042
-0.14789
-0.146478
-0.145412
-0.145422
-0.148795
-0.162403
)
;

boundaryField
{
    carasuperior
    {
        type            zeroGradient;
    }
    lateralizquierda
    {
        type            zeroGradient;
    }
    lateralderecha
    {
        type            zeroGradient;
    }
    carainferior
    {
        type            zeroGradient;
    }
    carainteriores
    {
        type            zeroGradient;
    }
    defaultFaces
    {
        type            empty;
    }
}


// ************************************************************************* //
