/*--------------------------------*- C++ -*----------------------------------*\
| =========                 |                                                 |
| \\      /  F ield         | OpenFOAM: The Open Source CFD Toolbox           |
|  \\    /   O peration     | Version:  2.4.0                                 |
|   \\  /    A nd           | Web:      www.OpenFOAM.org                      |
|    \\/     M anipulation  |                                                 |
\*---------------------------------------------------------------------------*/
FoamFile
{
    version     2.0;
    format      ascii;
    class       volScalarField;
    location    "0.805";
    object      T;
}
// * * * * * * * * * * * * * * * * * * * * * * * * * * * * * * * * * * * * * //

dimensions      [0 0 0 1 0 0 0];

internalField   nonuniform List<scalar> 
1600
(
101.411
104.233
107.052
109.867
112.676
115.477
118.268
121.047
123.813
126.565
129.3
132.017
134.714
137.39
140.045
142.676
145.283
147.864
150.42
152.95
155.453
157.929
160.379
162.802
165.2
167.572
169.92
172.246
174.549
176.832
179.096
181.343
183.575
185.793
187.999
190.195
192.382
194.563
196.74
198.914
101.412
104.236
107.057
109.874
112.684
115.487
118.279
121.061
123.829
126.582
129.318
132.036
134.735
137.413
140.068
142.7
145.308
147.89
150.447
152.976
155.479
157.955
160.405
162.827
165.224
167.596
169.943
172.267
174.569
176.851
179.114
181.359
183.589
185.805
188.009
190.203
192.389
194.568
196.743
198.915
101.414
104.241
107.066
109.886
112.7
115.506
118.302
121.087
123.858
126.614
129.354
132.075
134.776
137.456
140.114
142.748
145.357
147.94
150.498
153.028
155.532
158.008
160.456
162.878
165.274
167.644
169.989
172.311
174.611
176.889
179.149
181.391
183.617
185.83
188.03
190.221
192.403
194.578
196.748
198.917
101.417
104.249
107.079
109.905
112.724
115.535
118.336
121.126
123.902
126.663
129.406
132.131
134.837
137.52
140.181
142.818
145.429
148.015
150.573
153.105
155.609
158.085
160.533
162.954
165.348
167.715
170.058
172.376
174.672
176.947
179.202
181.439
183.66
185.867
188.062
190.247
192.423
194.593
196.757
198.919
101.42
104.26
107.097
109.929
112.755
115.573
118.381
121.177
123.96
126.726
129.476
132.206
134.916
137.604
140.269
142.91
145.524
148.112
150.673
153.206
155.71
158.186
160.634
163.053
165.445
167.81
170.149
172.463
174.754
177.023
179.272
181.503
183.717
185.917
188.105
190.282
192.45
194.612
196.769
198.923
101.425
104.273
107.119
109.96
112.794
115.621
118.437
121.241
124.031
126.805
129.561
132.298
135.015
137.708
140.378
143.023
145.641
148.233
150.796
153.33
155.835
158.311
160.758
163.176
165.565
167.927
170.261
172.57
174.855
177.118
179.36
181.583
183.789
185.98
188.158
190.326
192.485
194.637
196.784
198.928
101.43
104.288
107.145
109.996
112.841
115.678
118.503
121.317
124.116
126.899
129.663
132.408
135.131
137.832
140.507
143.157
145.78
148.375
150.941
153.478
155.984
158.46
160.906
163.322
165.708
168.066
170.396
172.699
174.977
177.232
179.465
181.678
183.874
186.055
188.222
190.379
192.526
194.666
196.802
198.934
101.436
104.307
107.175
110.038
112.895
115.743
118.58
121.405
124.214
127.007
129.781
132.535
135.266
137.974
140.657
143.313
145.941
148.54
151.109
153.648
156.155
158.632
161.077
163.491
165.874
168.227
170.552
172.848
175.119
177.364
179.588
181.79
183.975
186.143
188.297
190.44
192.574
194.701
196.822
198.941
101.443
104.327
107.209
110.087
112.957
115.818
118.668
121.505
124.326
127.13
129.915
132.678
135.419
138.135
140.825
143.488
146.122
148.726
151.298
153.84
156.349
158.826
161.27
163.681
166.061
168.41
170.728
173.018
175.279
177.515
179.727
181.918
184.089
186.243
188.383
190.511
192.63
194.741
196.846
198.949
101.451
104.351
107.248
110.141
113.026
115.902
118.766
121.617
124.451
127.268
130.064
132.839
135.59
138.315
141.014
143.683
146.323
148.932
151.509
154.053
156.564
159.041
161.484
163.894
166.27
168.613
170.925
173.207
175.459
177.684
179.884
182.062
184.218
186.357
188.48
190.591
192.692
194.785
196.873
198.958
101.459
104.377
107.292
110.201
113.103
115.995
118.875
121.741
124.59
127.42
130.23
133.016
135.778
138.514
141.221
143.899
146.545
149.16
151.741
154.288
156.8
159.277
161.72
164.127
166.499
168.837
171.142
173.415
175.658
177.871
180.058
182.221
184.362
186.483
188.589
190.681
192.762
194.836
196.904
198.968
101.469
104.406
107.34
110.268
113.188
116.098
118.996
121.878
124.743
127.588
130.412
133.211
135.985
138.731
141.448
144.134
146.788
149.408
151.993
154.543
157.057
159.534
161.975
164.38
166.748
169.08
171.378
173.642
175.874
178.076
180.249
182.396
184.519
186.622
188.708
190.779
192.839
194.891
196.937
198.979
101.48
104.437
107.392
110.341
113.282
116.212
119.128
122.028
124.91
127.772
130.61
133.424
136.21
138.968
141.695
144.39
147.05
149.676
152.266
154.819
157.334
159.812
162.251
164.653
167.016
169.343
171.633
173.888
176.108
178.297
180.456
182.586
184.691
186.775
188.839
190.888
192.924
194.952
196.974
198.991
101.491
104.472
107.45
110.422
113.384
116.335
119.272
122.192
125.093
127.972
130.826
133.655
136.455
139.225
141.962
144.666
147.334
149.966
152.56
155.116
157.633
160.11
162.548
164.946
167.304
169.624
171.906
174.151
176.36
178.536
180.679
182.792
184.878
186.94
188.982
191.006
193.017
195.019
197.014
199.005
101.504
104.51
107.513
110.51
113.496
116.471
119.43
122.371
125.292
128.189
131.061
133.906
136.72
139.503
142.251
144.964
147.641
150.278
152.877
155.436
157.953
160.43
162.866
165.26
167.613
169.926
172.199
174.434
176.63
178.791
180.918
183.013
185.079
187.119
189.136
191.135
193.118
195.091
197.058
199.019
101.518
104.552
107.582
110.606
113.618
116.618
119.601
122.566
125.508
128.426
131.316
134.178
137.007
139.803
142.564
145.287
147.971
150.615
153.218
155.779
158.298
160.774
163.207
165.597
167.945
170.25
172.513
174.736
176.919
179.065
181.175
183.25
185.295
187.311
189.303
191.274
193.228
195.17
197.106
199.035
101.533
104.597
107.658
110.71
113.752
116.779
119.789
122.778
125.743
128.683
131.593
134.473
137.319
140.129
142.901
145.635
148.328
150.978
153.586
156.15
158.67
161.145
163.575
165.96
168.301
170.597
172.85
175.061
177.23
179.359
181.45
183.505
185.527
187.518
189.483
191.424
193.347
195.256
197.157
199.052
101.55
104.647
107.741
110.825
113.898
116.955
119.993
123.009
126
128.963
131.895
134.793
137.656
140.482
143.268
146.012
148.714
151.371
153.984
156.551
159.072
161.546
163.973
166.352
168.686
170.973
173.214
175.411
177.564
179.675
181.746
183.779
185.776
187.741
189.676
191.586
193.475
195.349
197.213
199.071
101.568
104.702
107.831
110.951
114.057
117.147
120.216
123.261
126.279
129.267
132.223
135.142
138.024
140.865
143.665
146.421
149.132
151.798
154.415
156.986
159.507
161.98
164.403
166.777
169.102
171.379
173.608
175.79
177.925
180.017
182.065
184.074
186.044
187.98
189.884
191.761
193.614
195.449
197.274
199.091
101.588
104.762
107.931
111.089
114.232
117.358
120.46
123.537
126.585
129.6
132.58
135.522
138.424
141.283
144.098
146.866
149.588
152.261
154.884
157.458
159.98
162.451
164.871
167.239
169.555
171.82
174.035
176.201
178.318
180.387
182.412
184.394
186.335
188.239
190.109
191.95
193.764
195.558
197.34
199.113
101.61
104.828
108.04
111.24
114.425
117.589
120.729
123.84
126.92
129.965
132.972
135.938
138.861
141.739
144.569
147.352
150.084
152.766
155.395
157.972
160.495
162.965
165.38
167.741
170.048
172.301
174.501
176.648
178.745
180.791
182.789
184.741
186.651
188.52
190.353
192.154
193.927
195.677
197.413
199.137
101.635
104.901
108.161
111.407
114.636
117.843
121.023
124.173
127.288
130.364
133.4
136.392
139.339
142.237
145.085
147.882
150.626
153.316
155.952
158.533
161.057
163.525
165.935
168.289
170.586
172.825
175.009
177.137
179.211
181.231
183.201
185.121
186.995
188.827
190.619
192.377
194.104
195.806
197.491
199.163
101.662
104.982
108.294
111.592
114.87
118.124
121.348
124.539
127.692
130.803
133.871
136.891
139.862
142.782
145.649
148.461
151.218
153.918
156.561
159.145
161.67
164.136
166.542
168.887
171.173
173.398
175.564
177.671
179.72
181.713
183.651
185.537
187.373
189.162
190.91
192.621
194.298
195.947
197.578
199.191
101.692
105.072
108.442
111.796
115.129
118.434
121.707
124.942
128.137
131.286
134.388
137.438
140.436
143.379
146.266
149.095
151.865
154.576
157.226
159.814
162.34
164.804
167.204
169.541
171.815
174.025
176.171
178.256
180.279
182.241
184.145
185.993
187.787
189.531
191.23
192.888
194.51
196.102
197.672
199.223
101.725
105.171
108.606
112.023
115.416
118.778
122.103
125.388
128.628
131.818
134.956
138.04
141.066
144.034
146.942
149.789
152.573
155.295
157.952
160.545
163.072
165.533
167.928
170.256
172.516
174.71
176.836
178.896
180.891
182.821
184.688
186.495
188.243
189.937
191.582
193.182
194.744
196.272
197.777
199.257
101.762
105.282
108.789
112.275
115.734
119.159
122.543
125.881
129.17
132.405
135.583
138.701
141.759
144.753
147.684
150.549
153.348
156.081
158.746
161.343
163.871
166.33
168.718
171.036
173.283
175.459
177.564
179.598
181.562
183.457
185.285
187.047
188.746
190.385
191.971
193.508
195.002
196.46
197.892
199.296
101.803
105.405
108.992
112.556
116.089
119.582
123.03
126.428
129.77
133.052
136.273
139.429
142.519
145.541
148.495
151.38
154.195
156.94
159.613
162.214
164.743
167.199
169.581
171.889
174.121
176.278
178.36
180.367
182.299
184.156
185.941
187.655
189.3
190.881
192.402
193.869
195.288
196.669
198.021
199.338
101.85
105.544
109.221
112.871
116.485
120.054
123.572
127.034
130.433
133.767
137.033
140.229
143.354
146.406
149.385
152.29
155.121
157.877
160.559
163.165
165.694
168.147
170.522
172.819
175.036
177.174
179.232
181.21
183.107
184.925
186.664
188.326
189.914
191.43
192.88
194.27
195.608
196.902
198.163
199.386
101.902
105.7
109.477
113.223
116.928
120.581
124.176
127.706
131.167
134.557
137.871
141.109
144.27
147.353
150.357
153.283
156.131
158.9
161.59
164.2
166.73
169.18
171.547
173.833
176.035
178.152
180.185
182.132
183.994
185.77
187.461
189.068
190.593
192.04
193.412
194.718
195.964
197.162
198.322
199.439
101.961
105.875
109.766
113.62
117.425
121.17
124.848
128.453
131.981
135.429
138.794
142.076
145.274
148.389
151.42
154.368
157.232
160.014
162.712
165.326
167.857
170.303
172.663
174.937
177.123
179.22
181.227
183.143
184.967
186.699
188.339
189.888
191.346
192.718
194.006
195.219
196.365
197.454
198.501
199.499
102.028
106.075
110.094
114.069
117.984
121.831
125.6
129.285
132.883
136.392
139.81
143.138
146.375
149.522
152.579
155.549
158.43
161.224
163.931
166.55
169.081
171.523
173.875
176.137
178.307
180.383
182.363
184.248
186.034
187.72
189.307
190.794
192.182
193.473
194.671
195.782
196.815
197.785
198.703
199.567
102.105
106.304
110.468
114.578
118.617
122.574
126.44
130.211
133.883
137.455
140.928
144.302
147.578
150.758
153.842
156.833
159.731
162.538
165.252
167.875
170.406
172.845
175.19
177.44
179.593
181.648
183.603
185.455
187.202
188.843
190.376
191.799
193.112
194.317
195.417
196.417
197.326
198.161
198.933
199.644
102.195
106.568
110.898
115.16
119.335
123.412
127.382
131.242
134.991
138.629
142.157
145.577
148.892
152.104
155.215
158.227
161.141
163.96
166.682
169.309
171.84
174.275
176.613
178.851
180.989
183.023
184.952
186.772
188.481
190.076
191.554
192.912
194.148
195.263
196.258
197.137
197.909
198.591
199.196
199.734
102.299
106.876
111.397
115.83
120.155
124.361
128.44
132.393
136.22
139.923
143.506
146.971
150.324
153.567
156.704
159.736
162.666
165.495
168.225
170.856
173.387
175.819
178.149
180.377
182.499
184.514
186.418
188.208
189.88
191.43
192.853
194.146
195.305
196.326
197.21
197.959
198.58
199.089
199.502
199.841
102.424
107.243
111.984
116.609
121.097
125.439
129.631
133.678
137.581
141.348
144.983
148.493
151.881
155.154
158.314
161.365
164.309
167.149
169.886
172.52
175.052
177.48
179.804
182.022
184.13
186.127
188.008
189.77
191.407
192.915
194.287
195.516
196.598
197.525
198.295
198.905
199.36
199.675
199.866
199.969
102.578
107.689
112.687
117.526
122.187
126.669
130.974
135.111
139.088
142.915
146.599
150.149
153.57
156.869
160.051
163.119
166.077
168.926
171.669
174.307
176.839
179.264
181.583
183.791
185.888
187.869
189.73
191.467
193.073
194.542
195.867
197.038
198.046
198.882
199.537
200.003
200.278
200.377
200.306
200.126
102.776
108.252
113.547
118.617
123.457
128.076
132.489
136.71
140.754
144.634
148.361
151.946
155.396
158.719
161.919
165.002
167.972
170.83
173.579
176.219
178.752
181.176
183.49
185.692
187.779
189.747
191.591
193.307
194.887
196.324
197.608
198.728
199.671
200.424
200.969
201.293
201.379
201.235
200.849
200.32
103.049
108.995
114.626
119.933
124.945
129.69
134.197
138.49
142.59
146.515
150.278
153.892
157.366
160.708
163.924
167.02
169.999
172.865
175.619
178.263
180.796
183.22
185.531
187.728
189.808
191.767
193.599
195.299
196.859
198.271
199.523
200.602
201.493
202.177
202.63
202.825
202.727
202.321
201.555
200.581
103.509
110.035
116.001
121.529
126.689
131.538
136.119
140.467
144.611
148.569
152.36
155.996
159.488
162.845
166.073
169.178
172.165
175.037
177.796
180.443
182.979
185.402
187.713
189.907
191.983
193.936
195.761
197.451
198.998
200.393
201.623
202.675
203.53
204.166
204.553
204.652
204.406
203.758
202.568
201.021
104.357
111.619
117.861
123.538
128.789
133.695
138.316
142.694
146.86
150.836
154.641
158.289
161.791
165.155
168.39
171.501
174.493
177.368
180.13
182.779
185.315
187.739
190.049
192.243
194.317
196.267
198.087
199.772
201.312
202.698
203.917
204.954
205.788
206.398
206.746
206.794
206.464
205.681
204.198
202.071
)
;

boundaryField
{
    carasuperior
    {
        type            fixedGradient;
        gradient        uniform 100;
    }
    lateralizquierda
    {
        type            fixedValue;
        value           uniform 100;
    }
    lateralderecha
    {
        type            fixedValue;
        value           uniform 200;
    }
    carainferior
    {
        type            zeroGradient;
    }
    frontAndBack
    {
        type            empty;
    }
}


// ************************************************************************* //
