/*--------------------------------*- C++ -*----------------------------------*\
| =========                 |                                                 |
| \\      /  F ield         | OpenFOAM: The Open Source CFD Toolbox           |
|  \\    /   O peration     | Version:  2.4.0                                 |
|   \\  /    A nd           | Web:      www.OpenFOAM.org                      |
|    \\/     M anipulation  |                                                 |
\*---------------------------------------------------------------------------*/
FoamFile
{
    version     2.0;
    format      ascii;
    class       volScalarField;
    location    "0.305";
    object      T;
}
// * * * * * * * * * * * * * * * * * * * * * * * * * * * * * * * * * * * * * //

dimensions      [0 0 0 1 0 0 0];

internalField   nonuniform List<scalar> 
1600
(
101.014
103.043
105.077
107.118
109.171
111.238
113.322
115.425
117.55
119.7
121.876
124.081
126.316
128.582
130.882
133.215
135.583
137.986
140.424
142.899
145.408
147.953
150.532
153.145
155.792
158.471
161.181
163.921
166.69
169.486
172.308
175.154
178.022
180.91
183.816
186.737
189.671
192.615
195.566
198.522
101.015
103.045
105.081
107.124
109.179
111.248
113.333
115.438
117.565
119.716
121.894
124.1
126.336
128.604
130.904
133.239
135.607
138.011
140.45
142.925
145.435
147.979
150.558
153.171
155.817
158.495
161.204
163.943
166.711
169.506
172.326
175.171
178.037
180.923
183.827
186.746
189.678
192.62
195.569
198.523
101.016
103.05
105.089
107.136
109.194
111.266
113.355
115.463
117.593
119.747
121.928
124.137
126.375
128.646
130.948
133.285
135.655
138.061
140.501
142.976
145.487
148.032
150.61
153.223
155.868
158.544
161.252
163.988
166.754
169.545
172.363
175.204
178.066
180.949
183.849
186.764
189.692
192.63
195.575
198.525
101.019
103.058
105.102
107.154
109.217
111.294
113.388
115.5
117.635
119.794
121.979
124.191
126.434
128.708
131.014
133.353
135.726
138.134
140.576
143.053
145.564
148.109
150.687
153.299
155.943
158.617
161.322
164.056
166.817
169.605
172.417
175.253
178.111
180.987
183.882
186.791
189.713
192.645
195.584
198.528
101.022
103.068
105.119
107.178
109.247
111.331
113.431
115.55
117.69
119.855
122.045
124.264
126.511
128.79
131.1
133.443
135.819
138.23
140.674
143.153
145.665
148.21
150.789
153.399
156.041
158.713
161.415
164.144
166.901
169.683
172.49
175.319
178.17
181.039
183.926
186.827
189.741
192.665
195.596
198.532
101.026
103.081
105.14
107.207
109.285
111.377
113.484
115.611
117.759
119.931
122.128
124.353
126.607
128.891
131.206
133.554
135.934
138.348
140.795
143.276
145.79
148.336
150.914
153.523
156.163
158.832
161.53
164.255
167.006
169.781
172.581
175.402
178.244
181.104
183.981
186.873
189.777
192.691
195.611
198.537
101.031
103.096
105.165
107.242
109.33
111.431
113.549
115.684
117.841
120.022
122.227
124.459
126.72
129.011
131.332
133.685
136.071
138.489
140.939
143.422
145.938
148.484
151.062
153.671
156.308
158.974
161.667
164.386
167.13
169.898
172.689
175.501
178.332
181.182
184.047
186.927
189.82
192.721
195.63
198.543
101.037
103.113
105.195
107.283
109.383
111.495
113.623
115.77
117.937
120.127
122.341
124.582
126.851
129.15
131.478
133.837
136.228
138.651
141.105
143.591
146.108
148.656
151.234
153.84
156.475
159.137
161.825
164.538
167.275
170.034
172.815
175.616
178.435
181.272
184.125
186.991
189.869
192.757
195.651
198.55
101.044
103.134
105.228
107.33
109.442
111.568
113.708
115.867
118.046
120.247
122.472
124.723
127.001
129.307
131.643
134.01
136.406
138.834
141.292
143.781
146.3
148.849
151.427
154.032
156.664
159.322
162.005
164.711
167.439
170.189
172.958
175.747
178.553
181.376
184.213
187.064
189.926
192.798
195.676
198.558
101.052
103.156
105.266
107.383
109.51
111.65
113.804
115.976
118.168
120.381
122.618
124.88
127.168
129.484
131.828
134.202
136.605
139.038
141.501
143.993
146.514
149.064
151.641
154.245
156.874
159.527
162.204
164.903
167.622
170.361
173.119
175.894
178.686
181.492
184.313
187.146
189.991
192.844
195.704
198.567
101.06
103.182
105.309
107.442
109.586
111.741
113.911
116.098
118.304
120.531
122.78
125.054
127.353
129.679
132.032
134.414
136.824
139.262
141.73
144.225
146.748
149.299
151.876
154.477
157.103
159.752
162.423
165.113
167.823
170.551
173.296
176.057
178.832
181.621
184.424
187.238
190.062
192.895
195.734
198.578
101.07
103.21
105.356
107.508
109.669
111.843
114.03
116.233
118.454
120.696
122.959
125.245
127.556
129.893
132.256
134.645
137.062
139.507
141.979
144.478
147.003
149.554
152.13
154.73
157.352
159.996
162.659
165.342
168.042
170.758
173.489
176.234
178.993
181.763
184.546
187.339
190.141
192.952
195.769
198.589
101.08
103.242
105.408
107.58
109.762
111.954
114.16
116.381
118.619
120.877
123.155
125.455
127.778
130.126
132.499
134.897
137.322
139.772
142.249
144.751
147.278
149.829
152.404
155.001
157.619
160.257
162.914
165.588
168.277
170.981
173.698
176.427
179.167
181.918
184.678
187.449
190.227
193.014
195.806
198.601
101.092
103.276
105.465
107.66
109.863
112.077
114.303
116.543
118.8
121.075
123.369
125.684
128.02
130.38
132.763
135.171
137.602
140.059
142.54
145.044
147.573
150.124
152.697
155.291
157.905
160.537
163.186
165.85
168.528
171.219
173.921
176.633
179.354
182.084
184.822
187.568
190.321
193.081
195.846
198.615
101.105
103.314
105.528
107.748
109.975
112.211
114.459
116.721
118.998
121.291
123.602
125.932
128.283
130.655
133.049
135.466
137.905
140.368
142.853
145.36
147.889
150.44
153.011
155.601
158.21
160.835
163.476
166.13
168.796
171.473
174.16
176.854
179.556
182.263
184.977
187.697
190.423
193.154
195.891
198.629
101.118
103.356
105.597
107.843
110.096
112.358
114.631
116.915
119.213
121.526
123.856
126.203
128.569
130.954
133.359
135.786
138.233
140.701
143.19
145.7
148.23
150.779
153.348
155.934
158.536
161.154
163.785
166.428
169.081
171.744
174.414
177.09
179.77
182.455
185.144
187.836
190.532
193.233
195.938
198.645
101.134
103.401
105.673
107.948
110.23
112.519
114.818
117.127
119.448
121.783
124.132
126.497
128.879
131.278
133.695
136.131
138.586
141.061
143.554
146.066
148.596
151.145
153.71
156.29
158.886
161.495
164.115
166.746
169.386
172.032
174.684
177.34
179.999
182.66
185.322
187.985
190.65
193.318
195.99
198.662
101.15
103.451
105.756
108.063
110.376
112.695
115.022
117.358
119.705
122.062
124.433
126.817
129.216
131.63
134.06
136.506
138.97
141.45
143.947
146.462
148.992
151.539
154.1
156.675
159.263
161.862
164.471
167.088
169.712
172.342
174.974
177.608
180.244
182.878
185.512
188.145
190.777
193.409
196.045
198.681
101.169
103.506
105.847
108.189
110.536
112.888
115.246
117.612
119.985
122.368
124.761
127.166
129.583
132.012
134.456
136.913
139.386
141.873
144.374
146.891
149.421
151.965
154.522
157.091
159.67
162.258
164.855
167.457
170.064
172.674
175.285
177.896
180.506
183.113
185.716
188.316
190.913
193.508
196.105
198.7
101.189
103.567
105.947
108.328
110.712
113.1
115.492
117.889
120.292
122.702
125.12
127.547
129.983
132.43
134.887
137.357
139.838
142.332
144.839
147.357
149.887
152.429
154.981
157.542
160.112
162.689
165.271
167.857
170.445
173.034
175.621
178.207
180.788
183.365
185.936
188.501
191.06
193.615
196.17
198.722
101.211
103.634
106.057
108.481
110.906
113.333
115.762
118.194
120.629
123.068
125.513
127.963
130.42
132.885
135.358
137.841
140.332
142.833
145.344
147.865
150.395
152.934
155.481
158.034
160.593
163.157
165.723
168.291
170.859
173.424
175.986
178.543
181.094
183.637
186.173
188.7
191.219
193.731
196.24
198.745
101.236
103.707
106.178
108.649
111.119
113.589
116.059
118.528
120.998
123.47
125.943
128.419
130.899
133.384
135.873
138.369
140.871
143.38
145.897
148.42
150.949
153.485
156.026
158.57
161.118
163.668
166.217
168.765
171.31
173.851
176.384
178.91
181.427
183.934
186.43
188.916
191.391
193.856
196.317
198.77
101.263
103.788
106.313
108.835
111.355
113.872
116.386
118.897
121.405
123.911
126.416
128.92
131.424
133.93
136.437
138.947
141.461
143.978
146.5
149.025
151.554
154.087
156.621
159.156
161.692
164.226
166.757
169.284
171.804
174.317
176.82
179.312
181.791
184.258
186.711
189.152
191.579
193.993
196.401
198.798
101.293
103.879
106.462
109.041
111.616
114.185
116.747
119.303
121.853
124.397
126.936
129.47
132
134.528
137.054
139.58
142.106
144.632
147.159
149.687
152.216
154.744
157.272
159.797
162.319
164.837
167.348
169.852
172.346
174.828
177.298
179.752
182.191
184.614
187.02
189.41
191.784
194.143
196.493
198.829
101.327
103.979
106.627
109.27
111.905
114.531
117.147
119.752
122.347
124.932
127.507
130.074
132.632
135.184
137.731
140.273
142.812
145.348
147.881
150.411
152.939
155.463
157.983
160.498
163.006
165.506
167.996
170.475
172.94
175.39
177.823
180.237
182.632
185.006
187.36
189.694
192.01
194.308
196.594
198.862
101.364
104.09
106.811
109.524
112.225
114.914
117.589
120.249
122.893
125.522
128.137
130.738
133.327
135.905
138.473
141.032
143.584
146.13
148.669
151.202
153.729
156.249
158.762
161.265
163.758
166.239
168.707
171.158
173.593
176.008
178.401
180.772
183.118
185.439
187.736
190.009
192.26
194.49
196.706
198.899
101.406
104.215
107.016
109.807
112.582
115.341
118.08
120.798
123.496
126.173
128.83
131.468
134.089
136.694
139.285
141.863
144.43
146.985
149.531
152.067
154.593
157.108
159.612
162.103
164.58
167.042
169.485
171.909
174.31
176.688
179.039
181.362
183.656
185.919
188.153
190.359
192.537
194.692
196.83
198.941
101.452
104.354
107.246
110.123
112.981
115.816
118.625
121.408
124.163
126.892
129.594
132.272
134.927
137.561
140.175
142.772
145.353
147.919
150.472
153.01
155.535
158.045
160.541
163.019
165.48
167.92
170.338
172.732
175.099
177.436
179.742
182.014
184.251
186.452
188.617
190.748
192.847
194.918
196.968
198.987
101.505
104.511
107.504
110.478
113.426
116.345
119.232
122.084
124.902
127.685
130.436
133.155
135.846
138.509
141.149
143.766
146.362
148.939
151.498
154.039
156.562
159.067
161.553
164.019
166.462
168.881
171.273
173.636
175.966
178.261
180.518
182.736
184.912
187.044
189.134
191.183
193.193
195.171
197.123
199.039
101.564
104.687
107.794
110.876
113.926
116.937
119.908
122.835
125.719
128.561
131.363
134.126
136.853
139.548
142.213
144.85
147.461
150.049
152.615
155.158
157.68
160.18
162.657
165.109
167.534
169.931
172.296
174.626
176.918
179.169
181.376
183.535
185.645
187.704
189.712
191.67
193.582
195.456
197.297
199.097
101.632
104.888
108.124
111.327
114.488
117.601
120.663
123.671
126.625
129.529
132.383
135.191
137.957
140.683
143.374
146.031
148.658
151.257
153.829
156.375
158.896
161.39
163.857
166.295
168.703
171.077
173.414
175.711
177.964
180.169
182.323
184.421
186.461
188.441
190.359
192.218
194.022
195.778
197.494
199.163
101.709
105.118
108.499
111.838
115.123
118.347
121.507
124.601
127.63
130.597
133.505
136.36
139.164
141.922
144.638
147.316
149.959
152.568
155.147
157.695
160.214
162.702
165.16
167.584
169.974
172.325
174.635
176.898
179.112
181.27
183.369
185.404
187.371
189.266
191.088
192.838
194.52
196.145
197.719
199.239
101.799
105.382
108.93
112.422
115.844
119.189
122.453
125.637
128.743
131.775
134.739
137.639
140.482
143.272
146.013
148.711
151.369
153.989
156.573
159.124
161.64
164.123
166.571
168.982
171.354
173.683
175.965
178.196
180.37
182.482
184.526
186.495
188.386
190.192
191.911
193.542
195.09
196.565
197.976
199.327
101.904
105.692
109.431
113.095
116.668
120.142
123.516
126.793
129.977
133.075
136.093
139.039
141.919
144.739
147.505
150.222
152.893
155.523
158.113
160.666
163.181
165.658
168.097
170.495
172.85
175.157
177.413
179.612
181.748
183.814
185.803
187.708
189.52
191.234
192.844
194.348
195.747
197.053
198.276
199.431
102.029
106.06
110.02
113.877
117.613
121.225
124.712
128.083
131.344
134.506
137.577
140.566
143.481
146.33
149.119
151.853
154.538
157.177
159.772
162.326
164.839
167.312
169.742
172.128
174.467
176.755
178.986
181.155
183.255
185.278
187.215
189.056
190.791
192.412
193.909
195.277
196.513
197.629
198.633
199.557
102.183
106.507
110.726
114.797
118.708
122.46
126.061
129.523
132.858
136.08
139.2
142.228
145.176
148.05
150.86
153.61
156.307
158.953
161.554
164.109
166.621
169.089
171.512
173.887
176.212
178.482
180.692
182.834
184.902
186.885
188.773
190.555
192.218
193.748
195.131
196.356
197.416
198.319
199.066
199.712
102.382
107.072
111.589
115.893
119.984
123.874
127.583
131.13
134.532
137.807
140.97
144.034
147.009
149.906
152.733
155.497
158.204
160.858
163.462
166.019
168.53
170.994
173.411
175.777
178.091
180.346
182.537
184.657
186.697
188.646
190.493
192.224
193.821
195.268
196.543
197.628
198.501
199.165
199.602
199.904
102.656
107.817
112.672
117.215
121.479
125.496
129.3
132.919
136.378
139.698
142.897
145.989
148.987
151.902
154.744
157.519
160.235
162.894
165.502
168.061
170.571
173.033
175.445
177.805
180.11
182.354
184.531
186.634
188.652
190.575
192.39
194.079
195.624
197.002
198.185
199.142
199.834
200.24
200.3
200.162
103.117
108.861
114.053
118.819
123.232
127.354
131.233
134.908
138.41
141.763
144.988
148.101
151.117
154.046
156.899
159.683
162.404
165.069
167.68
170.241
172.751
175.212
177.622
179.978
182.277
184.514
186.682
188.774
190.778
192.683
194.475
196.136
197.645
198.975
200.092
200.955
201.499
201.665
201.306
200.599
103.966
110.45
115.919
120.835
125.34
129.52
133.439
137.143
140.666
144.037
147.276
150.4
153.425
156.361
159.22
162.009
164.734
167.402
170.015
172.576
175.087
177.547
179.955
182.309
184.606
186.839
189.002
191.087
193.084
194.98
196.76
198.405
199.893
201.196
202.275
203.086
203.549
203.579
202.93
201.646
)
;

boundaryField
{
    carasuperior
    {
        type            fixedGradient;
        gradient        uniform 100;
    }
    lateralizquierda
    {
        type            fixedValue;
        value           uniform 100;
    }
    lateralderecha
    {
        type            fixedValue;
        value           uniform 200;
    }
    carainferior
    {
        type            zeroGradient;
    }
    frontAndBack
    {
        type            empty;
    }
}


// ************************************************************************* //
