/*--------------------------------*- C++ -*----------------------------------*\
| =========                 |                                                 |
| \\      /  F ield         | OpenFOAM: The Open Source CFD Toolbox           |
|  \\    /   O peration     | Version:  2.4.0                                 |
|   \\  /    A nd           | Web:      www.OpenFOAM.org                      |
|    \\/     M anipulation  |                                                 |
\*---------------------------------------------------------------------------*/
FoamFile
{
    version     2.0;
    format      ascii;
    class       volScalarField;
    location    "0.345";
    object      T;
}
// * * * * * * * * * * * * * * * * * * * * * * * * * * * * * * * * * * * * * //

dimensions      [0 0 0 1 0 0 0];

internalField   nonuniform List<scalar> 
1600
(
101.144
103.432
105.722
108.016
110.316
112.623
114.938
117.262
119.596
121.943
124.301
126.674
129.059
131.46
133.875
136.306
138.752
141.213
143.69
146.183
148.69
151.212
153.749
156.301
158.866
161.445
164.036
166.641
169.258
171.887
174.526
177.177
179.837
182.506
185.183
187.867
190.557
193.251
195.949
198.65
101.144
103.434
105.726
108.023
110.324
112.632
114.949
117.275
119.611
121.959
124.319
126.693
129.08
131.482
133.898
136.33
138.777
141.239
143.716
146.209
148.716
151.239
153.775
156.326
158.891
161.469
164.06
166.663
169.279
171.906
174.544
177.193
179.851
182.518
185.194
187.876
190.564
193.257
195.953
198.651
101.146
103.439
105.735
108.035
110.34
112.651
114.971
117.3
119.64
121.991
124.354
126.73
129.12
131.524
133.943
136.376
138.825
141.289
143.767
146.261
148.769
151.291
153.827
156.378
158.941
161.518
164.107
166.708
169.321
171.945
174.58
177.225
179.88
182.544
185.215
187.894
190.578
193.266
195.958
198.653
101.149
103.447
105.748
108.053
110.363
112.68
115.004
117.338
119.682
122.038
124.405
126.786
129.179
131.587
134.009
136.445
138.896
141.362
143.842
146.337
148.846
151.368
153.904
156.454
159.016
161.59
164.176
166.774
169.384
172.004
174.634
177.274
179.924
182.582
185.248
187.92
190.599
193.281
195.967
198.656
101.152
103.457
105.765
108.077
110.394
112.717
115.048
117.388
119.739
122.1
124.473
126.859
129.257
131.67
134.096
136.536
138.99
141.459
143.941
146.437
148.947
151.47
154.006
156.554
159.114
161.686
164.269
166.863
169.467
172.082
174.706
177.34
179.982
182.633
185.291
187.956
190.627
193.301
195.979
198.66
101.157
103.47
105.786
108.107
110.432
112.763
115.103
117.451
119.809
122.177
124.557
126.949
129.354
131.772
134.203
136.648
139.106
141.578
144.063
146.561
149.072
151.595
154.131
156.677
159.235
161.804
164.383
166.972
169.571
172.179
174.796
177.422
180.056
182.697
185.346
188.001
190.662
193.327
195.995
198.665
101.162
103.485
105.812
108.142
110.477
112.819
115.168
117.525
119.892
122.269
124.657
127.057
129.469
131.893
134.33
136.781
139.244
141.719
144.208
146.708
149.221
151.744
154.279
156.825
159.38
161.945
164.519
167.103
169.695
172.295
174.903
177.52
180.143
182.774
185.412
188.055
190.704
193.357
196.013
198.671
101.168
103.503
105.842
108.184
110.53
112.883
115.243
117.611
119.988
122.375
124.773
127.181
129.601
132.033
134.477
136.934
139.402
141.882
144.374
146.877
149.392
151.916
154.45
156.994
159.547
162.108
164.677
167.254
169.838
172.43
175.028
177.634
180.246
182.864
185.489
188.119
190.753
193.392
196.034
198.678
101.174
103.524
105.876
108.231
110.591
112.957
115.329
117.709
120.098
122.496
124.904
127.322
129.752
132.192
134.644
137.107
139.581
142.067
144.563
147.069
149.585
152.11
154.644
157.186
159.735
162.292
164.856
167.426
170.002
172.583
175.171
177.764
180.363
182.967
185.576
188.191
190.81
193.433
196.058
198.686
101.182
103.547
105.914
108.284
110.659
113.039
115.426
117.82
120.221
122.632
125.051
127.481
129.92
132.37
134.83
137.301
139.781
142.272
144.772
147.281
149.799
152.325
154.858
157.398
159.945
162.497
165.055
167.617
170.184
172.755
175.33
177.91
180.494
183.082
185.675
188.273
190.874
193.479
196.086
198.695
101.191
103.573
105.957
108.344
110.735
113.132
115.534
117.942
120.358
122.782
125.215
127.656
130.107
132.566
135.036
137.514
140.001
142.497
145.002
147.514
150.034
152.561
155.093
157.632
160.175
162.722
165.273
167.827
170.384
172.944
175.507
178.072
180.64
183.211
185.785
188.363
190.945
193.529
196.117
198.705
101.2
103.601
106.004
108.41
110.82
113.234
115.653
118.078
120.51
122.949
125.395
127.849
130.311
132.782
135.26
137.747
140.242
142.744
145.253
147.768
150.29
152.817
155.348
157.884
160.424
162.966
165.51
168.055
170.602
173.15
175.699
178.249
180.799
183.352
185.906
188.463
191.023
193.586
196.151
198.717
101.211
103.633
106.057
108.483
110.913
113.346
115.784
118.227
120.676
123.131
125.592
128.06
130.535
133.017
135.505
138.001
140.502
143.01
145.524
148.042
150.565
153.093
155.623
158.156
160.691
163.228
165.765
168.301
170.838
173.373
175.907
178.44
180.973
183.506
186.039
188.573
191.109
193.647
196.188
198.729
101.222
103.667
106.114
108.563
111.014
113.469
115.928
118.39
120.857
123.33
125.807
128.29
130.778
133.272
135.771
138.275
140.784
143.298
145.816
148.337
150.862
153.389
155.918
158.448
160.978
163.508
166.037
168.564
171.089
173.612
176.131
178.647
181.161
183.672
186.182
188.692
191.203
193.715
196.228
198.742
101.235
103.705
106.177
108.651
111.126
113.604
116.085
118.568
121.055
123.546
126.041
128.539
131.042
133.548
136.058
138.572
141.089
143.608
146.131
148.655
151.18
153.707
156.234
158.76
161.285
163.808
166.328
168.845
171.358
173.866
176.37
178.868
181.362
183.851
186.337
188.821
191.304
193.788
196.272
198.757
101.249
103.747
106.246
108.747
111.248
113.751
116.256
118.763
121.271
123.782
126.295
128.811
131.328
133.848
136.369
138.893
141.417
143.943
146.469
148.996
151.523
154.048
156.572
159.094
161.613
164.128
166.639
169.145
171.645
174.138
176.625
179.105
181.577
184.043
186.504
188.96
191.414
193.866
196.32
198.773
101.264
103.793
106.322
108.852
111.382
113.912
116.443
118.975
121.507
124.039
126.572
129.105
131.639
134.172
136.706
139.239
141.772
144.304
146.835
149.364
151.891
154.415
156.936
159.453
161.965
164.472
166.973
169.466
171.952
174.429
176.897
179.357
181.807
184.249
186.683
189.11
191.532
193.952
196.372
198.79
101.281
103.843
106.405
108.967
111.528
114.088
116.648
119.206
121.764
124.319
126.873
129.426
131.976
134.525
137.071
139.615
142.157
144.695
147.23
149.762
152.289
154.812
157.329
159.841
162.345
164.842
167.331
169.811
172.281
174.741
177.189
179.627
182.053
184.469
186.874
189.271
191.659
194.044
196.427
198.808
101.299
103.898
106.496
109.093
111.688
114.281
116.872
119.46
122.044
124.625
127.202
129.775
132.344
134.908
137.468
140.024
142.574
145.119
147.659
150.193
152.721
155.241
157.755
160.26
162.756
165.242
167.718
170.183
172.636
175.076
177.504
179.917
182.318
184.705
187.08
189.443
191.797
194.143
196.488
198.828
101.32
103.958
106.596
109.231
111.864
114.493
117.117
119.737
122.351
124.959
127.561
130.156
132.744
135.326
137.901
140.468
143.028
145.581
148.125
150.662
153.19
155.708
158.217
160.715
163.202
165.676
168.138
170.587
173.021
175.44
177.843
180.231
182.603
184.959
187.301
189.629
191.945
194.251
196.553
198.85
101.342
104.024
106.706
109.384
112.057
114.725
117.387
120.041
122.687
125.325
127.953
130.572
133.182
135.782
138.372
140.953
143.523
146.083
148.633
151.172
153.7
156.216
158.72
161.21
163.687
166.149
168.596
171.026
173.439
175.835
178.213
180.572
182.912
185.235
187.541
189.831
192.105
194.368
196.624
198.873
101.366
104.098
106.827
109.552
112.27
114.981
117.683
120.375
123.056
125.726
128.383
131.028
133.661
136.281
138.888
141.482
144.063
146.632
149.187
151.729
154.257
156.77
159.269
161.751
164.217
166.665
169.094
171.505
173.896
176.266
178.615
180.943
183.249
185.535
187.801
190.049
192.279
194.495
196.701
198.899
101.393
104.179
106.961
109.737
112.505
115.263
118.01
120.743
123.462
126.167
128.856
131.529
134.186
136.827
139.452
142.061
144.654
147.231
149.793
152.337
154.865
157.376
159.868
162.341
164.795
167.228
169.64
172.029
174.395
176.738
179.056
181.349
183.618
185.863
188.086
190.287
192.469
194.633
196.786
198.927
101.424
104.269
107.11
109.943
112.765
115.575
118.37
121.149
123.91
126.652
129.375
132.078
134.761
137.425
140.069
142.694
145.3
147.887
150.454
153.002
155.53
158.037
160.523
162.987
165.428
167.844
170.237
172.603
174.943
177.255
179.539
181.795
184.023
186.224
188.398
190.548
192.676
194.784
196.879
198.958
101.457
104.369
107.275
110.171
113.054
115.921
118.769
121.597
124.403
127.186
129.946
132.681
135.393
138.081
140.746
143.388
146.007
148.604
151.178
153.728
156.256
158.76
161.239
163.692
166.12
168.519
170.89
173.232
175.543
177.823
180.071
182.286
184.469
186.621
188.742
190.836
192.905
194.951
196.981
198.991
101.494
104.48
107.458
110.424
113.374
116.304
119.211
122.093
124.948
127.775
130.574
133.345
136.087
138.801
141.488
144.148
146.781
149.388
151.968
154.522
157.05
159.55
162.021
164.464
166.877
169.258
171.607
173.922
176.202
178.447
180.655
182.826
184.961
187.059
189.123
191.155
193.158
195.135
197.094
199.029
101.536
104.604
107.663
110.707
113.73
116.729
119.701
122.641
125.55
128.425
131.267
134.075
136.849
139.591
142.301
144.979
147.627
150.245
152.832
155.389
157.916
160.412
162.876
165.307
167.704
170.066
172.391
174.678
176.926
179.133
181.299
183.423
185.504
187.544
189.544
191.508
193.438
195.34
197.22
199.071
101.582
104.743
107.892
111.023
114.128
117.203
120.245
123.25
126.216
129.143
132.03
134.877
137.686
140.457
143.191
145.889
148.552
151.18
153.775
156.335
158.862
161.353
163.809
166.228
168.609
170.951
173.251
175.508
177.721
179.889
182.009
184.081
186.106
188.082
190.013
191.901
193.751
195.568
197.36
199.117
101.635
104.9
108.15
111.377
114.573
117.732
120.851
123.925
126.953
129.935
132.87
135.76
138.604
141.405
144.164
146.882
149.561
152.201
154.803
157.366
159.892
162.379
164.826
167.233
169.597
171.918
174.192
176.418
178.595
180.72
182.792
184.81
186.772
188.68
190.535
192.341
194.101
195.823
197.516
199.17
101.694
105.076
108.44
111.775
115.072
118.324
121.526
124.675
127.77
130.81
133.796
136.729
139.611
142.443
145.228
147.967
150.661
153.313
155.922
158.489
161.013
163.496
165.934
168.328
170.675
172.973
175.221
177.416
179.554
181.636
183.657
185.616
187.513
189.346
191.118
192.833
194.494
196.11
197.692
199.228
101.762
105.277
108.769
112.225
115.633
118.986
122.279
125.509
128.675
131.776
134.815
137.794
140.714
143.578
146.389
149.149
151.859
154.522
157.138
159.708
162.232
164.709
167.138
169.519
171.849
174.125
176.345
178.507
180.607
182.643
184.611
186.509
188.335
190.089
191.772
193.386
194.937
196.436
197.89
199.295
101.839
105.506
109.144
112.735
116.267
119.732
123.123
126.438
129.678
132.843
135.937
138.961
141.92
144.816
147.653
150.434
153.16
155.834
158.457
161.03
163.553
166.025
168.445
170.813
173.125
175.379
177.572
179.701
181.762
183.751
185.665
187.499
189.252
190.921
192.506
194.01
195.44
196.805
198.116
199.372
101.928
105.771
109.575
113.319
116.988
120.572
124.068
127.473
130.79
134.02
137.169
140.24
143.237
146.165
149.028
151.828
154.57
157.255
159.885
162.46
164.982
167.449
169.861
172.215
174.51
176.743
178.909
181.006
183.027
184.97
186.828
188.598
190.274
191.853
193.335
194.72
196.014
197.229
198.376
199.46
102.033
106.08
110.075
113.991
117.81
121.524
125.129
128.627
132.022
135.318
138.521
141.637
144.672
147.631
150.518
153.338
156.095
158.79
161.426
164.004
166.524
168.987
171.39
173.732
176.011
178.223
180.364
182.428
184.412
186.309
188.113
189.817
191.416
192.903
194.275
195.531
196.675
197.72
198.678
199.565
102.158
106.447
110.664
114.772
118.755
122.605
126.324
129.916
133.387
136.747
140.003
143.163
146.233
149.221
152.131
154.969
157.739
160.444
163.086
165.666
168.185
170.643
173.039
175.37
177.633
179.826
181.942
183.978
185.926
187.78
189.532
191.173
192.694
194.087
195.346
196.466
197.446
198.299
199.037
199.692
102.313
106.894
111.368
115.691
119.848
123.839
127.671
131.354
134.899
138.319
141.624
144.823
147.926
150.94
153.871
156.725
159.508
162.221
164.868
167.45
169.969
172.423
174.811
177.132
179.383
181.558
183.653
185.663
187.579
189.394
191.098
192.679
194.128
195.43
196.575
197.551
198.354
198.993
199.472
199.847
102.511
107.458
112.231
116.786
121.122
125.251
129.19
132.958
136.57
140.044
143.392
146.626
149.757
152.794
155.743
158.612
161.404
164.125
166.777
169.361
171.879
174.33
176.713
179.026
181.265
183.426
185.504
187.492
189.381
191.162
192.825
194.355
195.738
196.957
197.994
198.829
199.444
199.843
200.011
200.04
102.785
108.203
113.312
118.106
122.614
126.87
130.904
134.744
138.413
141.932
145.315
148.578
151.732
154.788
157.752
160.632
163.434
166.161
168.817
171.404
173.921
176.371
178.75
181.057
183.288
185.438
187.503
189.473
191.342
193.097
194.727
196.217
197.547
198.698
199.642
200.349
200.782
200.922
200.712
200.3
103.245
109.245
114.691
119.707
124.365
128.725
132.834
136.729
140.441
143.993
147.403
150.688
153.86
156.929
159.905
162.794
165.603
168.335
170.995
173.584
176.102
178.551
180.928
183.232
185.458
187.602
189.657
191.617
193.471
195.21
196.818
198.279
199.573
200.676
201.554
202.167
202.452
202.351
201.719
200.737
104.094
110.833
116.555
121.72
126.47
130.888
135.037
138.962
142.696
146.265
149.689
152.985
156.166
159.243
162.225
165.119
167.932
170.667
173.329
175.919
178.438
180.887
183.263
185.564
187.788
189.928
191.979
193.933
195.78
197.509
199.105
200.551
201.825
202.901
203.74
204.301
204.504
204.268
203.345
201.785
)
;

boundaryField
{
    carasuperior
    {
        type            fixedGradient;
        gradient        uniform 100;
    }
    lateralizquierda
    {
        type            fixedValue;
        value           uniform 100;
    }
    lateralderecha
    {
        type            fixedValue;
        value           uniform 200;
    }
    carainferior
    {
        type            zeroGradient;
    }
    frontAndBack
    {
        type            empty;
    }
}


// ************************************************************************* //
