/*--------------------------------*- C++ -*----------------------------------*\
| =========                 |                                                 |
| \\      /  F ield         | OpenFOAM: The Open Source CFD Toolbox           |
|  \\    /   O peration     | Version:  2.4.0                                 |
|   \\  /    A nd           | Web:      www.OpenFOAM.org                      |
|    \\/     M anipulation  |                                                 |
\*---------------------------------------------------------------------------*/
FoamFile
{
    version     2.0;
    format      ascii;
    class       volScalarField;
    location    "2";
    object      p;
}
// * * * * * * * * * * * * * * * * * * * * * * * * * * * * * * * * * * * * * //

dimensions      [0 2 -2 0 0 0 0];

internalField   nonuniform List<scalar> 
4800
(
1.1505e-06
-0.00155857
-0.00316185
-0.00431603
-0.00470593
-0.00418566
-0.00271126
-0.000288994
0.00303414
0.00716095
0.00155958
-3.00699e-05
-0.00116321
-0.0018008
-0.00182371
-0.00112499
0.00034037
0.00258585
0.00559842
0.00932847
0.0031981
0.001057
-8.25962e-05
-0.0005697
-0.000470673
0.000272318
0.00168917
0.00380365
0.00663296
0.0101689
0.00427108
0.00150273
0.000196868
-0.000303744
-0.00021734
0.000472055
0.0017835
0.00375833
0.00645588
0.00992497
0.00425035
0.000988769
-0.000492165
-0.00107608
-0.00109048
-0.000543929
0.000588695
0.00238564
0.00497489
0.00850756
0.00279092
-0.000760494
-0.00238369
-0.00309807
-0.0032953
-0.00298972
-0.00212866
-0.00057103
0.00191982
0.00569816
-0.000269939
-0.00388124
-0.00559322
-0.00647159
-0.00693092
-0.00697689
-0.00650983
-0.00530057
-0.00295895
0.00128441
-0.00492951
-0.00837244
-0.0101121
-0.0111782
-0.0119753
-0.0124958
-0.0125839
-0.0119109
-0.00991671
-0.00501318
-0.0110271
-0.0141007
-0.0158066
-0.0170696
-0.0182617
-0.0193711
-0.0201917
-0.0202993
-0.0190369
-0.0132975
-0.0182615
-0.0208171
-0.0224303
-0.023873
-0.025477
-0.0272617
-0.0290377
-0.0303872
-0.0310774
-0.0264988
1.32625e-06
-0.00157919
-0.00319275
-0.00435561
-0.00475064
-0.00423243
-0.0027581
-0.000333909
0.00299343
0.007127
0.00157689
-3.44949e-05
-0.00114601
-0.00177379
-0.00179182
-0.00109002
0.000375406
0.00261841
0.00562698
0.0093531
0.00322791
0.0010315
-8.38005e-05
-0.000568695
-0.00047207
0.000271005
0.00168773
0.00380158
0.00663016
0.0101672
0.00431414
0.00146703
0.000196932
-0.000300733
-0.000218487
0.000470415
0.0017814
0.00375506
0.00645042
0.0099202
0.00430273
0.000946991
-0.000487493
-0.00106595
-0.00108448
-0.000538252
0.000593711
0.00238847
0.00497129
0.00850083
0.00284779
-0.000806595
-0.0023776
-0.00308523
-0.00328652
-0.00298102
-0.00212019
-0.000564293
0.00191374
0.00567972
-0.000213048
-0.00392842
-0.00558672
-0.00645755
-0.00692031
-0.00696589
-0.00649764
-0.00528592
-0.0029669
0.00123785
-0.00487711
-0.00841764
-0.0101061
-0.0111645
-0.0119641
-0.0124845
-0.0125711
-0.0118881
-0.00993985
-0.00517563
-0.0109834
-0.0141416
-0.0158025
-0.0170581
-0.0182511
-0.0193594
-0.0201759
-0.0202444
-0.0190211
-0.0136621
-0.0182297
-0.0208524
-0.0224297
-0.0238664
-0.0254699
-0.0272509
-0.0290145
-0.0302488
-0.0307556
-0.026605
1.73979e-06
-0.001579
-0.00319268
-0.00435559
-0.00475064
-0.00423244
-0.00275811
-0.00033392
0.00299342
0.00712699
0.00157707
-3.43965e-05
-0.00114598
-0.00177378
-0.00179183
-0.00109004
0.000375389
0.00261839
0.00562696
0.00935309
0.00322797
0.00103154
-8.37954e-05
-0.000568704
-0.000472087
0.000270984
0.00168771
0.00380156
0.00663014
0.0101672
0.00431414
0.00146702
0.000196916
-0.000300754
-0.000218511
0.000470389
0.00178137
0.00375504
0.0064504
0.00992018
0.0043027
0.000946966
-0.000487522
-0.00106598
-0.00108451
-0.000538281
0.000593684
0.00238845
0.00497127
0.00850081
0.00284776
-0.000806628
-0.00237763
-0.00308526
-0.00328655
-0.00298105
-0.00212022
-0.000564316
0.00191372
0.0056797
-0.00021309
-0.00392846
-0.00558676
-0.00645759
-0.00692034
-0.00696592
-0.00649766
-0.00528594
-0.00296692
0.00123784
-0.00487716
-0.00841767
-0.0101062
-0.0111646
-0.0119642
-0.0124845
-0.0125711
-0.0118881
-0.00993986
-0.00517565
-0.0109834
-0.0141416
-0.0158025
-0.0170582
-0.0182511
-0.0193594
-0.0201759
-0.0202444
-0.0190211
-0.0136622
-0.0182297
-0.0208525
-0.0224297
-0.0238665
-0.0254699
-0.0272509
-0.0290146
-0.0302488
-0.0307556
-0.026605
2.94479e-06
-0.00155801
-0.00316168
-0.00431599
-0.00470594
-0.00418568
-0.0027113
-0.000289026
0.00303411
0.00716092
0.00156011
-2.98162e-05
-0.00116312
-0.0018008
-0.00182374
-0.00112503
0.000340327
0.00258581
0.00559838
0.00932844
0.00319824
0.00105707
-8.25889e-05
-0.00056973
-0.000470719
0.000272266
0.00168912
0.00380361
0.00663292
0.0101689
0.00427107
0.00150271
0.000196826
-0.000303801
-0.000217401
0.000471993
0.00178344
0.00375828
0.00645583
0.00992493
0.00425028
0.000988702
-0.000492235
-0.00107616
-0.00109055
-0.000544001
0.000588627
0.00238558
0.00497484
0.00850752
0.00279083
-0.000760582
-0.00238377
-0.00309816
-0.00329538
-0.00298979
-0.00212873
-0.000571091
0.00191976
0.00569812
-0.000270042
-0.00388134
-0.00559331
-0.00647168
-0.006931
-0.00697697
-0.0065099
-0.00530063
-0.002959
0.00128437
-0.00492961
-0.00837253
-0.0101121
-0.0111783
-0.0119753
-0.0124959
-0.012584
-0.011911
-0.00991676
-0.00501322
-0.0110272
-0.0141008
-0.0158066
-0.0170697
-0.0182618
-0.0193711
-0.0201918
-0.0202994
-0.0190369
-0.0132975
-0.0182615
-0.0208172
-0.0224304
-0.0238731
-0.0254771
-0.0272617
-0.0290378
-0.0303873
-0.0310774
-0.0264989
0.0119385
0.017181
0.0227207
0.0284319
0.034231
0.04007
0.0459258
0.0517932
0.0576796
0.0636038
0.0695963
0.0756997
0.0819694
0.0884716
0.0952777
0.102452
0.11003
0.117993
0.126228
0.134507
0.0136776
0.0185077
0.0236895
0.0291166
0.0347075
0.0404058
0.0461762
0.0520006
0.0578753
0.0638086
0.0698205
0.075941
0.0822096
0.0886723
0.0953757
0.102358
0.109632
0.117167
0.124867
0.132547
0.0143431
0.0190163
0.0240659
0.0293898
0.0349057
0.0405532
0.0462918
0.0520978
0.0579613
0.0638844
0.0698795
0.0759679
0.082179
0.0885478
0.095111
0.101901
0.108935
0.1162
0.123631
0.131087
0.0141202
0.01884
0.0239396
0.0293099
0.034864
0.0405403
0.0462988
0.0521152
0.0579782
0.0638859
0.0698449
0.0758688
0.0819779
0.0881989
0.0945641
0.101111
0.107874
0.114881
0.122124
0.129531
0.0129742
0.0179813
0.023331
0.0289029
0.0346073
0.0403892
0.0462171
0.0520736
0.0579501
0.0638441
0.0697573
0.075695
0.0816677
0.0876921
0.0937956
0.100023
0.106433
0.113111
0.120141
0.127584
0.0108611
0.0164948
0.022329
0.0282592
0.0342119
0.0401578
0.0460889
0.0520038
0.0579025
0.0637843
0.0696467
0.0754863
0.081301
0.0870938
0.0928813
0.098708
0.104663
0.110891
0.117607
0.125133
0.00790707
0.0146367
0.0211922
0.0275926
0.0338351
0.039954
0.0459857
0.0519542
0.0578714
0.0637395
0.0695513
0.0752932
0.0809473
0.0864972
0.0919384
0.0972992
0.102688
0.108303
0.114518
0.122142
0.00450795
0.0129098
0.0203306
0.0271962
0.0336675
0.0398948
0.045978
0.0519685
0.0578881
0.0637385
0.0695061
0.0751649
0.0806783
0.0860046
0.0911062
0.0959789
0.100724
0.105558
0.110977
0.118576
0.00264919
0.0129363
0.0206464
0.0275288
0.0339342
0.0400888
0.0461211
0.0520818
0.057984
0.0638198
0.0695646
0.0751769
0.0805989
0.0857554
0.0905574
0.0949323
0.0989292
0.102573
0.106199
0.11263
0.00716213
0.0181412
0.0237292
0.0292368
0.0348848
0.0406331
0.0464605
0.0523296
0.0582042
0.0640488
0.06982
0.0754583
0.0808784
0.0859569
0.0905169
0.0943093
0.0969974
0.098292
0.0974353
0.0993714
0.0119131
0.0171632
0.022709
0.0284245
0.0342266
0.0400672
0.045924
0.0517916
0.0576779
0.0636017
0.0695935
0.075696
0.0819648
0.0884661
0.0952719
0.102446
0.110027
0.117994
0.126236
0.134525
0.0136994
0.0185258
0.0237038
0.0291275
0.0347156
0.0404119
0.0461809
0.0520047
0.0578791
0.0638127
0.069825
0.0759459
0.0822147
0.0886769
0.0953785
0.102357
0.109626
0.117154
0.124846
0.132518
0.0143458
0.019021
0.024071
0.0293947
0.0349099
0.0405565
0.0462944
0.0520997
0.0579628
0.0638856
0.0698805
0.0759687
0.0821796
0.088548
0.0951105
0.1019
0.108933
0.116196
0.123625
0.131082
0.0141245
0.0188468
0.0239464
0.0293159
0.0348688
0.0405439
0.0463013
0.052117
0.0579794
0.0638867
0.0698454
0.0758692
0.0819782
0.088199
0.0945639
0.10111
0.107873
0.114878
0.122118
0.129525
0.0129858
0.0179942
0.0233414
0.0289111
0.034613
0.040393
0.0462195
0.0520751
0.0579511
0.0638449
0.0697579
0.0756957
0.0816684
0.0876929
0.0937961
0.100023
0.106432
0.113108
0.120131
0.127569
0.010886
0.0165158
0.0223421
0.028268
0.0342171
0.0401605
0.0460902
0.0520044
0.0579028
0.0637844
0.0696468
0.0754866
0.0813015
0.0870946
0.0928823
0.0987085
0.104663
0.110889
0.11759
0.125097
0.0079734
0.0146802
0.0212121
0.027603
0.0338395
0.0399554
0.0459859
0.0519539
0.0578712
0.0637393
0.0695513
0.0752935
0.080948
0.0864985
0.0919401
0.0973003
0.102687
0.108298
0.114476
0.122042
0.00462082
0.0129552
0.0203396
0.0271997
0.0336671
0.039893
0.0459763
0.0519671
0.0578869
0.0637375
0.0695053
0.0751642
0.0806779
0.086005
0.0911078
0.0959796
0.100723
0.105563
0.11094
0.118417
0.0027905
0.0128739
0.020577
0.0274995
0.0339192
0.0400797
0.0461155
0.0520776
0.05798
0.0638153
0.0695591
0.0751704
0.0805916
0.0857485
0.0905537
0.0949338
0.0989484
0.102658
0.106314
0.112456
0.00798478
0.0182787
0.0237385
0.0292589
0.0348991
0.0406397
0.0464642
0.0523322
0.0582065
0.0640512
0.0698231
0.0754622
0.0808831
0.0859621
0.0905207
0.0943061
0.0969873
0.0983215
0.0973741
0.0983396
0.0119131
0.0171632
0.022709
0.0284245
0.0342266
0.0400672
0.045924
0.0517916
0.0576779
0.0636017
0.0695935
0.075696
0.0819648
0.0884662
0.0952719
0.102446
0.110027
0.117994
0.126236
0.134525
0.0136993
0.0185258
0.0237038
0.0291275
0.0347156
0.0404119
0.0461809
0.0520046
0.0578791
0.0638127
0.069825
0.0759459
0.0822147
0.0886769
0.0953785
0.102357
0.109626
0.117154
0.124846
0.132518
0.0143458
0.019021
0.024071
0.0293947
0.0349099
0.0405565
0.0462944
0.0520997
0.0579628
0.0638856
0.0698805
0.0759687
0.0821796
0.088548
0.0951105
0.1019
0.108933
0.116196
0.123625
0.131082
0.0141245
0.0188468
0.0239464
0.0293159
0.0348688
0.0405439
0.0463013
0.052117
0.0579794
0.0638867
0.0698454
0.0758692
0.0819782
0.088199
0.0945639
0.10111
0.107873
0.114878
0.122118
0.129525
0.0129858
0.0179942
0.0233414
0.028911
0.034613
0.040393
0.0462195
0.0520751
0.0579511
0.0638449
0.0697579
0.0756957
0.0816684
0.0876929
0.0937962
0.100023
0.106432
0.113108
0.120131
0.127569
0.0108859
0.0165158
0.0223421
0.028268
0.0342171
0.0401605
0.0460902
0.0520044
0.0579028
0.0637844
0.0696468
0.0754866
0.0813015
0.0870946
0.0928823
0.0987085
0.104663
0.110889
0.11759
0.125097
0.00797339
0.0146802
0.0212121
0.027603
0.0338395
0.0399554
0.0459859
0.0519539
0.0578712
0.0637393
0.0695513
0.0752935
0.080948
0.0864985
0.0919401
0.0973003
0.102687
0.108298
0.114476
0.122042
0.00462081
0.0129552
0.0203396
0.0271997
0.0336671
0.039893
0.0459763
0.0519671
0.0578869
0.0637375
0.0695053
0.0751642
0.0806779
0.086005
0.0911078
0.0959796
0.100723
0.105563
0.11094
0.118417
0.00279049
0.0128739
0.020577
0.0274995
0.0339192
0.0400797
0.0461155
0.0520776
0.05798
0.0638153
0.0695591
0.0751704
0.0805916
0.0857485
0.0905537
0.0949339
0.0989485
0.102658
0.106315
0.112456
0.00798477
0.0182787
0.0237385
0.0292589
0.0348991
0.0406397
0.0464642
0.0523322
0.0582065
0.0640512
0.0698231
0.0754622
0.0808831
0.0859621
0.0905207
0.0943061
0.0969874
0.0983215
0.0973741
0.0983397
0.0119385
0.017181
0.0227207
0.0284319
0.034231
0.04007
0.0459258
0.0517932
0.0576796
0.0636038
0.0695963
0.0756997
0.0819694
0.0884716
0.0952777
0.102452
0.11003
0.117993
0.126228
0.134507
0.0136776
0.0185077
0.0236895
0.0291166
0.0347075
0.0404058
0.0461762
0.0520006
0.0578753
0.0638086
0.0698205
0.075941
0.0822096
0.0886723
0.0953757
0.102357
0.109632
0.117167
0.124867
0.132547
0.0143431
0.0190163
0.0240659
0.0293898
0.0349057
0.0405532
0.0462918
0.0520978
0.0579613
0.0638844
0.0698795
0.0759679
0.082179
0.0885478
0.095111
0.101901
0.108935
0.1162
0.123631
0.131087
0.0141202
0.0188399
0.0239396
0.0293099
0.034864
0.0405403
0.0462988
0.0521152
0.0579782
0.0638859
0.0698449
0.0758688
0.0819779
0.0881989
0.0945641
0.101111
0.107874
0.114881
0.122124
0.129531
0.0129742
0.0179813
0.023331
0.0289029
0.0346073
0.0403892
0.0462171
0.0520736
0.0579501
0.0638441
0.0697573
0.075695
0.0816677
0.0876921
0.0937956
0.100023
0.106433
0.113111
0.120141
0.127584
0.0108611
0.0164948
0.022329
0.0282592
0.0342119
0.0401578
0.0460889
0.0520038
0.0579025
0.0637843
0.0696467
0.0754863
0.081301
0.0870938
0.0928813
0.098708
0.104663
0.110891
0.117607
0.125133
0.00790704
0.0146367
0.0211922
0.0275926
0.0338351
0.039954
0.0459857
0.0519542
0.0578714
0.0637395
0.0695513
0.0752932
0.0809473
0.0864973
0.0919384
0.0972992
0.102688
0.108303
0.114518
0.122142
0.00450793
0.0129098
0.0203306
0.0271962
0.0336675
0.0398948
0.045978
0.0519685
0.0578881
0.0637385
0.0695061
0.0751649
0.0806783
0.0860046
0.0911062
0.0959789
0.100724
0.105558
0.110978
0.118576
0.00264916
0.0129363
0.0206464
0.0275288
0.0339342
0.0400888
0.0461211
0.0520818
0.057984
0.0638198
0.0695646
0.075177
0.0805989
0.0857554
0.0905574
0.0949323
0.0989293
0.102573
0.106199
0.11263
0.00716211
0.0181412
0.0237292
0.0292368
0.0348848
0.0406331
0.0464605
0.0523296
0.0582042
0.0640488
0.06982
0.0754583
0.0808784
0.0859569
0.0905169
0.0943093
0.0969975
0.098292
0.0974354
0.0993716
0.142478
0.149713
0.155813
0.160476
0.163541
0.165003
0.165026
0.163954
0.162316
0.160757
0.139923
0.146641
0.152371
0.156865
0.159989
0.161741
0.162257
0.161812
0.160725
0.159195
0.13831
0.144935
0.150632
0.155153
0.158365
0.16026
0.160951
0.160672
0.159591
0.157591
0.136868
0.143672
0.149565
0.154274
0.157651
0.159676
0.160451
0.160186
0.158954
0.156436
0.135263
0.142479
0.148767
0.153814
0.157453
0.159662
0.160538
0.160286
0.158933
0.156048
0.133478
0.141367
0.148244
0.153767
0.157758
0.160209
0.16123
0.161032
0.159635
0.156571
0.1317
0.140544
0.148153
0.154231
0.158619
0.161343
0.162544
0.162454
0.161106
0.15805
0.130349
0.140433
0.148822
0.155438
0.160176
0.163142
0.164523
0.164575
0.163359
0.160481
0.129657
0.141689
0.15081
0.157775
0.162665
0.165734
0.167227
0.167414
0.166384
0.163818
0.13423
0.147417
0.155702
0.162011
0.166442
0.16927
0.170705
0.170963
0.170131
0.167965
0.142509
0.149757
0.155866
0.160533
0.163598
0.165056
0.165069
0.163984
0.162333
0.160756
0.139888
0.1466
0.152326
0.156818
0.159943
0.161699
0.162221
0.161786
0.16072
0.159174
0.138311
0.144939
0.150638
0.15516
0.158372
0.160264
0.160951
0.160671
0.159608
0.15756
0.136874
0.143683
0.149578
0.154288
0.157664
0.159686
0.160454
0.160187
0.158981
0.156397
0.13527
0.142489
0.148778
0.153825
0.157462
0.159668
0.160537
0.160285
0.158965
0.156003
0.133488
0.141379
0.148255
0.153778
0.157767
0.160215
0.161228
0.161031
0.15967
0.156524
0.131724
0.14056
0.148166
0.154244
0.158627
0.161348
0.162542
0.162452
0.161141
0.158003
0.130487
0.140488
0.148845
0.155452
0.160182
0.163145
0.16452
0.164573
0.163392
0.160436
0.129978
0.141705
0.150787
0.157767
0.162659
0.16573
0.167222
0.167411
0.166413
0.163777
0.134124
0.147052
0.15554
0.161965
0.166423
0.169263
0.1707
0.170961
0.170156
0.167931
0.142509
0.149757
0.155866
0.160533
0.163597
0.165056
0.165069
0.163984
0.162333
0.160756
0.139888
0.1466
0.152326
0.156818
0.159943
0.161699
0.162221
0.161786
0.16072
0.159174
0.138311
0.144939
0.150638
0.15516
0.158372
0.160264
0.160951
0.160671
0.159608
0.15756
0.136874
0.143683
0.149578
0.154288
0.157664
0.159686
0.160454
0.160187
0.158981
0.156397
0.13527
0.142489
0.148778
0.153825
0.157462
0.159668
0.160537
0.160285
0.158965
0.156003
0.133488
0.141379
0.148255
0.153777
0.157767
0.160215
0.161228
0.161031
0.15967
0.156524
0.131724
0.14056
0.148166
0.154244
0.158627
0.161348
0.162542
0.162452
0.161141
0.158003
0.130487
0.140488
0.148845
0.155452
0.160182
0.163145
0.16452
0.164573
0.163392
0.160436
0.129978
0.141705
0.150787
0.157767
0.162659
0.16573
0.167222
0.167411
0.166413
0.163777
0.134124
0.147052
0.15554
0.161965
0.166423
0.169263
0.1707
0.170961
0.170156
0.167931
0.142478
0.149713
0.155813
0.160476
0.163541
0.165003
0.165026
0.163954
0.162316
0.160757
0.139923
0.146641
0.152371
0.156865
0.159989
0.161741
0.162257
0.161812
0.160725
0.159195
0.13831
0.144935
0.150632
0.155153
0.158365
0.16026
0.160951
0.160672
0.159591
0.157591
0.136868
0.143672
0.149565
0.154274
0.157651
0.159676
0.160451
0.160186
0.158954
0.156436
0.135263
0.142479
0.148767
0.153814
0.157453
0.159662
0.160538
0.160286
0.158933
0.156048
0.133478
0.141367
0.148244
0.153766
0.157758
0.160209
0.16123
0.161032
0.159635
0.156571
0.1317
0.140544
0.148153
0.154231
0.158619
0.161343
0.162544
0.162454
0.161106
0.15805
0.130349
0.140433
0.148822
0.155438
0.160176
0.163142
0.164523
0.164575
0.163359
0.160481
0.129657
0.141689
0.15081
0.157775
0.162665
0.165734
0.167227
0.167414
0.166384
0.163818
0.13423
0.147417
0.155702
0.162011
0.166442
0.16927
0.170705
0.170963
0.170131
0.167965
0.167848
0.163335
0.165204
0.168623
0.171602
0.173741
0.174911
0.175154
0.174503
0.172771
0.178772
0.173585
0.173581
0.175338
0.177231
0.178753
0.179645
0.179849
0.179362
0.178054
0.184301
0.181254
0.180974
0.181877
0.18306
0.184109
0.184759
0.184923
0.184579
0.183645
0.189742
0.188095
0.187813
0.188263
0.188986
0.189686
0.190144
0.19027
0.190044
0.189418
0.19532
0.194465
0.194266
0.194496
0.194936
0.195393
0.195707
0.195804
0.195668
0.195284
0.201004
0.200601
0.200493
0.200619
0.200884
0.201173
0.20138
0.201452
0.201383
0.201186
0.206795
0.206651
0.206611
0.206678
0.206826
0.206992
0.207113
0.207158
0.207136
0.207079
0.212675
0.212703
0.212697
0.212714
0.212765
0.212824
0.212864
0.212873
0.212877
0.212931
0.218673
0.218807
0.218807
0.218762
0.21871
0.218654
0.2186
0.218556
0.218562
0.218696
0.224824
0.22502
0.22499
0.224852
0.224667
0.224469
0.22429
0.224163
0.224142
0.224327
0.231195
0.231403
0.231296
0.231014
0.230646
0.230254
0.229904
0.229651
0.229564
0.229759
0.237878
0.238023
0.23777
0.237274
0.236651
0.235998
0.235414
0.234978
0.234774
0.234917
0.244991
0.24495
0.244453
0.243653
0.242685
0.241686
0.240793
0.240108
0.239715
0.239714
0.252683
0.252246
0.25137
0.250153
0.248741
0.247309
0.246026
0.245016
0.244347
0.244065
0.261141
0.259922
0.258497
0.256746
0.254794
0.252855
0.251116
0.249706
0.248658
0.247896
0.270475
0.267961
0.265724
0.263323
0.260777
0.258307
0.256088
0.254226
0.252675
0.251189
0.280769
0.276029
0.27271
0.269623
0.266532
0.263621
0.260992
0.258685
0.256519
0.253984
0.291683
0.283361
0.27875
0.275126
0.271744
0.268686
0.265896
0.263268
0.260412
0.256448
0.303133
0.28897
0.282677
0.278893
0.275807
0.273241
0.270839
0.268237
0.264725
0.25892
0.314503
0.289435
0.281323
0.278758
0.277459
0.276715
0.275774
0.273929
0.270022
0.261997
0.16867
0.163476
0.165317
0.168689
0.171626
0.173753
0.174915
0.175157
0.174525
0.172746
0.178909
0.173522
0.173626
0.175381
0.177252
0.178766
0.179651
0.179853
0.17938
0.178036
0.18431
0.181185
0.180983
0.181897
0.183074
0.184119
0.184766
0.184928
0.184593
0.183633
0.189764
0.188067
0.187817
0.188273
0.188995
0.189694
0.19015
0.190275
0.190053
0.189411
0.195333
0.194452
0.194266
0.194501
0.194942
0.195399
0.195712
0.195807
0.195674
0.195281
0.20101
0.200595
0.200492
0.20062
0.200887
0.201177
0.201384
0.201454
0.201387
0.201184
0.206797
0.206649
0.20661
0.206678
0.206827
0.206994
0.207115
0.20716
0.207137
0.207079
0.212674
0.212704
0.212696
0.212714
0.212766
0.212825
0.212865
0.212875
0.212876
0.212932
0.218671
0.21881
0.218806
0.218761
0.21871
0.218655
0.218601
0.218556
0.218559
0.218699
0.224821
0.225024
0.22499
0.224851
0.224667
0.224469
0.224291
0.224163
0.224138
0.22433
0.23119
0.231408
0.231295
0.231013
0.230645
0.230254
0.229905
0.229651
0.22956
0.229764
0.237872
0.238027
0.237769
0.237273
0.23665
0.235997
0.235414
0.234979
0.23477
0.234922
0.244985
0.244952
0.244451
0.243651
0.242684
0.241685
0.240793
0.240108
0.239713
0.23972
0.252678
0.252241
0.251366
0.25015
0.248739
0.247308
0.246026
0.245017
0.244349
0.244069
0.26114
0.259903
0.258491
0.256742
0.254791
0.252853
0.251116
0.249709
0.248667
0.247897
0.270487
0.267923
0.265716
0.26332
0.260773
0.258305
0.256088
0.254231
0.252696
0.251185
0.280821
0.275961
0.272704
0.269622
0.266527
0.263619
0.260993
0.258694
0.256557
0.25397
0.291755
0.283189
0.278726
0.275124
0.271736
0.268685
0.265898
0.263281
0.260475
0.256419
0.303256
0.28864
0.282678
0.278934
0.27582
0.273254
0.270847
0.268258
0.264823
0.258872
0.315841
0.289531
0.281615
0.278942
0.277527
0.276749
0.27579
0.273959
0.270164
0.261921
0.16867
0.163476
0.165317
0.168689
0.171626
0.173753
0.174915
0.175157
0.174525
0.172746
0.178909
0.173522
0.173626
0.175381
0.177252
0.178766
0.179651
0.179853
0.17938
0.178036
0.18431
0.181185
0.180983
0.181897
0.183074
0.184119
0.184766
0.184928
0.184593
0.183633
0.189764
0.188067
0.187817
0.188273
0.188995
0.189694
0.19015
0.190275
0.190053
0.189411
0.195333
0.194452
0.194266
0.194501
0.194942
0.195399
0.195712
0.195807
0.195674
0.195281
0.20101
0.200595
0.200492
0.20062
0.200887
0.201177
0.201384
0.201454
0.201387
0.201184
0.206797
0.206649
0.20661
0.206678
0.206827
0.206994
0.207115
0.20716
0.207137
0.207079
0.212674
0.212704
0.212696
0.212714
0.212766
0.212825
0.212865
0.212875
0.212876
0.212932
0.218671
0.21881
0.218806
0.218761
0.21871
0.218655
0.218601
0.218556
0.218559
0.218699
0.224821
0.225024
0.22499
0.224851
0.224667
0.224469
0.224291
0.224163
0.224138
0.22433
0.23119
0.231408
0.231296
0.231013
0.230645
0.230254
0.229905
0.229651
0.22956
0.229764
0.237872
0.238027
0.237769
0.237273
0.23665
0.235997
0.235414
0.234979
0.23477
0.234922
0.244985
0.244952
0.244451
0.243651
0.242684
0.241685
0.240793
0.240108
0.239713
0.23972
0.252678
0.252241
0.251366
0.25015
0.248739
0.247308
0.246026
0.245017
0.244349
0.244069
0.26114
0.259903
0.258491
0.256742
0.254791
0.252853
0.251116
0.249709
0.248667
0.247897
0.270487
0.267923
0.265716
0.26332
0.260773
0.258305
0.256088
0.254231
0.252696
0.251185
0.280821
0.275961
0.272704
0.269622
0.266527
0.263619
0.260993
0.258694
0.256557
0.25397
0.291755
0.283189
0.278726
0.275124
0.271736
0.268685
0.265898
0.263281
0.260475
0.256419
0.303256
0.28864
0.282678
0.278934
0.27582
0.273254
0.270847
0.268258
0.264823
0.258872
0.315841
0.289531
0.281615
0.278942
0.277527
0.276749
0.27579
0.273959
0.270164
0.261921
0.167848
0.163335
0.165204
0.168623
0.171602
0.173741
0.174911
0.175154
0.174503
0.172771
0.178772
0.173585
0.173581
0.175338
0.177231
0.178753
0.179645
0.179849
0.179362
0.178054
0.184301
0.181254
0.180974
0.181877
0.18306
0.184109
0.184759
0.184923
0.184579
0.183645
0.189742
0.188095
0.187813
0.188263
0.188986
0.189686
0.190144
0.19027
0.190044
0.189418
0.19532
0.194465
0.194266
0.194496
0.194936
0.195393
0.195707
0.195804
0.195668
0.195284
0.201004
0.200601
0.200493
0.200619
0.200884
0.201173
0.20138
0.201452
0.201383
0.201186
0.206795
0.206651
0.206611
0.206678
0.206826
0.206992
0.207113
0.207158
0.207136
0.207079
0.212675
0.212703
0.212697
0.212714
0.212765
0.212824
0.212864
0.212873
0.212877
0.212931
0.218673
0.218807
0.218807
0.218762
0.21871
0.218654
0.2186
0.218556
0.218562
0.218696
0.224824
0.22502
0.22499
0.224852
0.224667
0.224469
0.22429
0.224163
0.224142
0.224327
0.231195
0.231403
0.231296
0.231014
0.230646
0.230254
0.229904
0.229651
0.229564
0.229759
0.237878
0.238023
0.23777
0.237274
0.236651
0.235998
0.235414
0.234978
0.234774
0.234917
0.244991
0.24495
0.244453
0.243653
0.242685
0.241686
0.240793
0.240108
0.239716
0.239714
0.252683
0.252246
0.25137
0.250153
0.248741
0.247309
0.246026
0.245016
0.244347
0.244065
0.261141
0.259922
0.258497
0.256746
0.254794
0.252855
0.251116
0.249706
0.248658
0.247896
0.270475
0.267961
0.265724
0.263323
0.260777
0.258307
0.256088
0.254226
0.252675
0.251189
0.280769
0.276029
0.27271
0.269623
0.266532
0.263621
0.260992
0.258685
0.256519
0.253984
0.291683
0.283362
0.27875
0.275126
0.271744
0.268686
0.265896
0.263268
0.260412
0.256448
0.303133
0.28897
0.282677
0.278893
0.275807
0.273241
0.270839
0.268237
0.264725
0.25892
0.314503
0.289435
0.281323
0.278758
0.277459
0.276715
0.275774
0.273929
0.270022
0.261997
0.253398
0.262048
0.267503
0.271669
0.275244
0.278488
0.280681
0.280825
0.277146
0.266658
0.224298
0.240295
0.251602
0.261182
0.270261
0.278888
0.285923
0.289701
0.287354
0.274463
0.206892
0.222322
0.235727
0.249227
0.26366
0.278588
0.292181
0.301691
0.302471
0.287862
0.193394
0.207253
0.221433
0.237812
0.257186
0.278948
0.300738
0.318541
0.325182
0.310795
0.18352
0.196118
0.210704
0.229355
0.253245
0.282114
0.313644
0.342818
0.359462
0.349736
0.177547
0.189762
0.205109
0.226016
0.254299
0.290559
0.333417
0.377838
0.410912
0.414821
0.17532
0.188227
0.205112
0.228778
0.261798
0.306073
0.362203
0.426864
0.486086
0.520415
0.175981
0.190342
0.209358
0.236227
0.274427
0.32763
0.399526
0.490191
0.590043
0.693742
0.177873
0.193386
0.213845
0.242758
0.28457
0.345202
0.43299
0.556181
0.724964
1.00477
0.179322
0.194314
0.213593
0.240536
0.27985
0.338916
0.431749
0.585892
0.872174
1.48924
0.253727
0.261549
0.26737
0.271656
0.275241
0.278496
0.280686
0.280859
0.277341
0.266546
0.224729
0.240256
0.251545
0.26115
0.270239
0.278883
0.285916
0.289738
0.287617
0.27431
0.207152
0.222346
0.235698
0.249188
0.263622
0.278561
0.292151
0.301726
0.302813
0.287666
0.193486
0.20724
0.221383
0.237745
0.257114
0.278882
0.300665
0.318558
0.325594
0.310556
0.183548
0.196087
0.210635
0.229259
0.253132
0.281992
0.313506
0.342795
0.359898
0.34948
0.177555
0.189725
0.205029
0.225897
0.254141
0.290359
0.333174
0.377721
0.41127
0.41477
0.175334
0.188205
0.205044
0.228656
0.261601
0.30576
0.36177
0.426534
0.48606
0.520899
0.176026
0.190376
0.209379
0.236227
0.274375
0.327429
0.399154
0.489872
0.588708
0.693415
0.177943
0.193499
0.214029
0.243048
0.285
0.345762
0.433734
0.556786
0.721721
1.00247
0.179372
0.194354
0.213613
0.24054
0.279865
0.338993
0.432108
0.586328
0.868485
1.49849
0.253727
0.26155
0.26737
0.271656
0.275241
0.278496
0.280686
0.280859
0.277341
0.266546
0.224729
0.240256
0.251545
0.26115
0.270239
0.278883
0.285916
0.289738
0.287617
0.274311
0.207152
0.222346
0.235698
0.249188
0.263622
0.278561
0.292151
0.301726
0.302813
0.287666
0.193486
0.20724
0.221383
0.237745
0.257114
0.278882
0.300665
0.318558
0.325594
0.310556
0.183548
0.196087
0.210635
0.229259
0.253132
0.281992
0.313506
0.342795
0.359898
0.34948
0.177555
0.189725
0.205029
0.225897
0.254141
0.290359
0.333174
0.377721
0.41127
0.41477
0.175334
0.188205
0.205044
0.228656
0.261601
0.30576
0.36177
0.426534
0.48606
0.520899
0.176026
0.190376
0.209379
0.236227
0.274375
0.327429
0.399154
0.489872
0.588708
0.693415
0.177943
0.193499
0.214029
0.243048
0.285
0.345762
0.433734
0.556786
0.721721
1.00247
0.179372
0.194354
0.213613
0.240541
0.279865
0.338993
0.432108
0.586328
0.868485
1.49849
0.253398
0.262049
0.267503
0.271669
0.275244
0.278488
0.280681
0.280825
0.277146
0.266658
0.224298
0.240296
0.251602
0.261182
0.270261
0.278888
0.285923
0.289701
0.287354
0.274463
0.206892
0.222322
0.235727
0.249227
0.26366
0.278588
0.292181
0.301691
0.302472
0.287862
0.193394
0.207253
0.221433
0.237812
0.257187
0.278948
0.300738
0.318541
0.325182
0.310795
0.18352
0.196118
0.210704
0.229355
0.253245
0.282114
0.313644
0.342818
0.359462
0.349736
0.177547
0.189762
0.205109
0.226016
0.254299
0.290559
0.333417
0.377838
0.410912
0.414821
0.17532
0.188227
0.205112
0.228778
0.261798
0.306073
0.362203
0.426864
0.486086
0.520415
0.175982
0.190342
0.209358
0.236227
0.274427
0.32763
0.399526
0.490191
0.590043
0.693742
0.177873
0.193387
0.213845
0.242758
0.28457
0.345202
0.43299
0.556181
0.724964
1.00477
0.179323
0.194314
0.213593
0.240536
0.27985
0.338916
0.431749
0.585892
0.872175
1.48924
-0.152496
-0.131917
-0.113998
-0.0974393
-0.0808774
-0.0641156
-0.0471519
-0.0300256
-0.0128
0.00445143
0.0216501
0.0387241
0.0555959
0.0722202
0.0886174
0.10497
0.121755
0.140004
0.163008
0.200681
-0.138799
-0.125329
-0.110845
-0.0956243
-0.0797219
-0.063347
-0.0466344
-0.0296817
-0.0125744
0.00461183
0.0218101
0.0389577
0.0560186
0.0729886
0.0899388
0.107075
0.124795
0.143727
0.165389
0.193317
-0.135716
-0.123701
-0.110003
-0.0951543
-0.0794739
-0.0632225
-0.046571
-0.0296408
-0.0125259
0.00469869
0.0219712
0.0392409
0.0564739
0.0736616
0.0908421
0.108133
0.12575
0.143995
0.163439
0.185025
-0.136988
-0.124646
-0.110753
-0.0957582
-0.0799656
-0.0636111
-0.0468614
-0.0298352
-0.0126195
0.00471925
0.0221279
0.0395605
0.0569761
0.0743383
0.0916197
0.108809
0.12591
0.142927
0.159926
0.177025
-0.139791
-0.126745
-0.112339
-0.0969489
-0.0808529
-0.0642614
-0.0473222
-0.0301372
-0.0127778
0.00470357
0.0222637
0.039859
0.0574366
0.0749252
0.0922264
0.109208
0.125697
0.14149
0.156412
0.170427
-0.142355
-0.128658
-0.113756
-0.0979842
-0.0815983
-0.0647869
-0.0476781
-0.0303569
-0.0128797
0.00471263
0.0223834
0.0400873
0.0577575
0.0752902
0.0925299
0.10926
0.125204
0.140071
0.153633
0.165952
-0.143005
-0.129035
-0.113971
-0.0980972
-0.081648
-0.0647955
-0.0476573
-0.0303113
-0.0128092
0.00481027
0.0225087
0.0402341
0.0579057
0.0753967
0.0925202
0.109023
0.124603
0.138969
0.151968
0.163811
-0.140843
-0.127205
-0.112499
-0.0969533
-0.0807795
-0.0641451
-0.0471734
-0.029951
-0.0125399
0.00501073
0.0226516
0.0403187
0.0579192
0.075315
0.0923116
0.10866
0.124083
0.13835
0.151417
0.163633
-0.135871
-0.123348
-0.109596
-0.0948208
-0.0792416
-0.0630516
-0.0464043
-0.0294161
-0.0121747
0.00524985
0.0227933
0.0403772
0.0578992
0.0752204
0.0921533
0.108468
0.123926
0.138353
0.151773
0.164602
-0.127746
-0.117493
-0.105472
-0.0919739
-0.07731
-0.0617608
-0.0455544
-0.0288662
-0.0118274
0.00546103
0.0229126
0.0404469
0.0579624
0.075323
0.0923519
0.108832
0.124529
0.139259
0.153
0.166067
-0.152858
-0.131796
-0.113982
-0.0974611
-0.0808899
-0.0641231
-0.0471572
-0.0300289
-0.0128017
0.00445112
0.0216507
0.0387249
0.0555959
0.0722175
0.0886078
0.104949
0.121732
0.139956
0.162676
0.200055
-0.138741
-0.125162
-0.110769
-0.095588
-0.0796957
-0.0633286
-0.0466218
-0.0296732
-0.0125689
0.00461513
0.0218124
0.0389604
0.0560238
0.0729993
0.0899581
0.107107
0.124856
0.143801
0.165292
0.193056
-0.135774
-0.123676
-0.109978
-0.095136
-0.0794592
-0.0632119
-0.0465636
-0.0296357
-0.0125223
0.00470105
0.0219727
0.0392419
0.0564746
0.0736619
0.0908407
0.108128
0.125744
0.143978
0.163348
0.184937
-0.137031
-0.124645
-0.110743
-0.0957486
-0.079957
-0.0636044
-0.0468566
-0.0298318
-0.0126172
0.00472088
0.022129
0.0395613
0.0569765
0.0743379
0.0916175
0.108803
0.125899
0.142905
0.159875
0.176994
-0.139816
-0.126752
-0.11234
-0.0969486
-0.0808518
-0.0642602
-0.0473213
-0.0301366
-0.0127775
0.00470381
0.022264
0.0398594
0.0574373
0.0749261
0.0922272
0.109208
0.125696
0.141484
0.156397
0.170422
-0.142392
-0.128682
-0.113773
-0.0979961
-0.0816065
-0.0647926
-0.0476823
-0.0303599
-0.0128819
0.00471106
0.0223823
0.0400868
0.0577577
0.075291
0.0925313
0.109262
0.125207
0.140073
0.153635
0.165959
-0.143047
-0.129067
-0.113994
-0.098114
-0.0816601
-0.064804
-0.0476635
-0.0303158
-0.0128125
0.00480778
0.0225068
0.0402327
0.057905
0.0753971
0.0925222
0.109028
0.124611
0.138981
0.151984
0.163831
-0.140879
-0.12723
-0.112515
-0.0969638
-0.080786
-0.0641492
-0.0471759
-0.0299527
-0.0125412
0.00500925
0.0226497
0.0403165
0.0579169
0.0753133
0.0923117
0.108664
0.124093
0.138369
0.151446
0.163673
-0.13597
-0.123409
-0.109633
-0.0948413
-0.0792524
-0.0630566
-0.0464063
-0.0294166
-0.0121749
0.00524908
0.0227915
0.0403737
0.0578941
0.0752137
0.0921458
0.108462
0.123925
0.138361
0.151796
0.164646
-0.127689
-0.117454
-0.105446
-0.0919559
-0.0772981
-0.0617531
-0.0455498
-0.0288639
-0.0118268
0.00546053
0.0229115
0.0404459
0.0579624
0.0753257
0.0923598
0.108848
0.124557
0.1393
0.153052
0.166123
-0.152858
-0.131796
-0.113982
-0.0974611
-0.0808899
-0.0641231
-0.0471572
-0.0300289
-0.0128017
0.00445112
0.0216507
0.0387249
0.0555959
0.0722175
0.0886078
0.104949
0.121732
0.139956
0.162676
0.200055
-0.138741
-0.125162
-0.110769
-0.095588
-0.0796957
-0.0633286
-0.0466218
-0.0296732
-0.0125689
0.00461513
0.0218124
0.0389604
0.0560238
0.0729993
0.0899581
0.107107
0.124856
0.143801
0.165292
0.193056
-0.135774
-0.123676
-0.109978
-0.095136
-0.0794592
-0.0632118
-0.0465636
-0.0296357
-0.0125223
0.00470105
0.0219727
0.0392419
0.0564746
0.0736619
0.0908407
0.108128
0.125744
0.143978
0.163348
0.184937
-0.137031
-0.124645
-0.110743
-0.0957486
-0.079957
-0.0636044
-0.0468566
-0.0298318
-0.0126172
0.00472088
0.022129
0.0395613
0.0569765
0.0743379
0.0916175
0.108803
0.125899
0.142905
0.159875
0.176994
-0.139816
-0.126752
-0.11234
-0.0969486
-0.0808518
-0.0642602
-0.0473213
-0.0301366
-0.0127775
0.00470381
0.022264
0.0398594
0.0574373
0.0749261
0.0922272
0.109208
0.125696
0.141484
0.156397
0.170422
-0.142392
-0.128682
-0.113773
-0.0979961
-0.0816065
-0.0647926
-0.0476823
-0.0303599
-0.0128819
0.00471105
0.0223823
0.0400868
0.0577577
0.075291
0.0925313
0.109262
0.125207
0.140073
0.153635
0.165959
-0.143047
-0.129067
-0.113994
-0.098114
-0.0816601
-0.064804
-0.0476635
-0.0303158
-0.0128125
0.00480778
0.0225068
0.0402327
0.057905
0.0753971
0.0925222
0.109028
0.124611
0.138981
0.151984
0.163831
-0.140879
-0.12723
-0.112515
-0.0969638
-0.080786
-0.0641492
-0.0471759
-0.0299527
-0.0125412
0.00500925
0.0226497
0.0403165
0.0579169
0.0753133
0.0923117
0.108664
0.124093
0.138369
0.151446
0.163673
-0.135969
-0.123409
-0.109633
-0.0948413
-0.0792524
-0.0630566
-0.0464063
-0.0294166
-0.0121749
0.00524908
0.0227915
0.0403737
0.0578941
0.0752137
0.0921458
0.108462
0.123925
0.138361
0.151796
0.164646
-0.127689
-0.117454
-0.105446
-0.0919559
-0.0772981
-0.0617531
-0.0455498
-0.0288639
-0.0118268
0.00546053
0.0229115
0.0404459
0.0579624
0.0753257
0.0923598
0.108848
0.124557
0.1393
0.153052
0.166123
-0.152496
-0.131917
-0.113998
-0.0974392
-0.0808774
-0.0641156
-0.0471519
-0.0300256
-0.0128
0.00445144
0.0216501
0.0387241
0.0555959
0.0722202
0.0886174
0.10497
0.121755
0.140004
0.163008
0.200681
-0.138799
-0.125329
-0.110845
-0.0956243
-0.0797219
-0.063347
-0.0466344
-0.0296817
-0.0125744
0.00461183
0.0218101
0.0389577
0.0560186
0.0729886
0.0899388
0.107075
0.124795
0.143727
0.165389
0.193317
-0.135716
-0.123701
-0.110003
-0.0951543
-0.0794739
-0.0632224
-0.0465709
-0.0296408
-0.0125259
0.00469869
0.0219712
0.0392409
0.0564739
0.0736616
0.0908421
0.108133
0.12575
0.143995
0.163439
0.185025
-0.136988
-0.124646
-0.110753
-0.0957582
-0.0799655
-0.063611
-0.0468614
-0.0298352
-0.0126195
0.00471925
0.0221279
0.0395605
0.0569761
0.0743383
0.0916197
0.108809
0.12591
0.142927
0.159926
0.177025
-0.139791
-0.126745
-0.112339
-0.0969489
-0.0808529
-0.0642614
-0.0473222
-0.0301372
-0.0127778
0.00470357
0.0222637
0.039859
0.0574366
0.0749252
0.0922264
0.109208
0.125697
0.14149
0.156412
0.170427
-0.142355
-0.128658
-0.113756
-0.0979842
-0.0815983
-0.0647869
-0.0476781
-0.0303569
-0.0128797
0.00471262
0.0223834
0.0400873
0.0577575
0.0752902
0.0925299
0.10926
0.125204
0.140071
0.153633
0.165953
-0.143005
-0.129035
-0.113971
-0.0980972
-0.081648
-0.0647955
-0.0476573
-0.0303113
-0.0128092
0.00481027
0.0225087
0.0402341
0.0579057
0.0753967
0.0925202
0.109023
0.124603
0.138969
0.151968
0.163811
-0.140843
-0.127205
-0.112499
-0.0969533
-0.0807795
-0.0641451
-0.0471734
-0.029951
-0.0125399
0.00501072
0.0226516
0.0403187
0.0579192
0.075315
0.0923116
0.10866
0.124083
0.13835
0.151417
0.163633
-0.135871
-0.123348
-0.109596
-0.0948209
-0.0792416
-0.0630516
-0.0464043
-0.0294161
-0.0121747
0.00524985
0.0227933
0.0403772
0.0578993
0.0752205
0.0921533
0.108468
0.123926
0.138353
0.151773
0.164602
-0.127746
-0.117493
-0.105472
-0.0919739
-0.07731
-0.0617608
-0.0455544
-0.0288662
-0.0118274
0.00546103
0.0229126
0.0404469
0.0579624
0.075323
0.0923519
0.108832
0.124529
0.139259
0.153
0.166067
-0.155918
-0.15874
-0.159255
-0.158239
-0.156226
-0.153681
-0.151159
-0.149225
-0.149557
-0.155625
-0.163308
-0.167244
-0.167711
-0.16605
-0.163104
-0.159387
-0.15537
-0.151362
-0.14791
-0.145567
-0.172505
-0.177715
-0.177869
-0.175249
-0.171195
-0.166341
-0.16112
-0.155701
-0.150154
-0.144241
-0.184858
-0.191281
-0.190493
-0.186291
-0.180753
-0.174653
-0.168347
-0.16182
-0.154839
-0.146934
-0.202687
-0.209563
-0.206407
-0.199413
-0.191607
-0.183828
-0.176257
-0.168606
-0.16037
-0.150973
-0.230404
-0.23489
-0.226265
-0.214311
-0.202887
-0.192631
-0.183374
-0.174431
-0.165031
-0.154486
-0.27686
-0.270476
-0.250178
-0.22975
-0.212738
-0.198954
-0.187596
-0.177249
-0.166881
-0.155618
-0.361062
-0.319003
-0.276824
-0.243279
-0.218385
-0.200297
-0.186682
-0.175324
-0.164556
-0.153255
-0.538182
-0.37538
-0.293669
-0.244413
-0.212082
-0.191325
-0.177458
-0.166843
-0.15717
-0.147077
-0.923132
-0.43018
-0.26329
-0.205728
-0.176431
-0.161101
-0.153161
-0.147848
-0.142575
-0.136067
-0.155887
-0.158802
-0.15927
-0.15824
-0.156225
-0.153678
-0.15117
-0.149219
-0.149377
-0.155761
-0.163261
-0.167332
-0.16772
-0.166038
-0.163085
-0.159358
-0.155335
-0.151291
-0.147712
-0.145436
-0.172439
-0.177838
-0.17787
-0.175218
-0.171162
-0.166305
-0.161085
-0.15566
-0.150096
-0.144264
-0.184775
-0.191447
-0.190474
-0.186233
-0.180704
-0.174609
-0.168313
-0.161793
-0.15482
-0.146962
-0.202597
-0.209766
-0.206347
-0.19932
-0.191544
-0.183782
-0.176229
-0.168592
-0.160369
-0.150993
-0.230364
-0.235066
-0.226113
-0.214174
-0.202816
-0.192597
-0.183365
-0.174444
-0.165058
-0.154524
-0.277099
-0.270414
-0.2498
-0.229516
-0.212631
-0.198915
-0.187587
-0.17727
-0.16692
-0.155663
-0.361392
-0.318264
-0.276403
-0.243171
-0.218381
-0.200336
-0.186736
-0.175381
-0.16461
-0.153301
-0.536067
-0.372926
-0.294426
-0.24553
-0.212851
-0.191893
-0.177887
-0.167151
-0.157386
-0.147225
-0.931049
-0.4259
-0.263061
-0.205924
-0.176074
-0.160739
-0.152921
-0.14768
-0.142454
-0.135983
-0.155887
-0.158802
-0.15927
-0.15824
-0.156225
-0.153678
-0.15117
-0.149219
-0.149377
-0.155761
-0.163261
-0.167332
-0.16772
-0.166038
-0.163085
-0.159358
-0.155335
-0.151291
-0.147712
-0.145436
-0.172439
-0.177838
-0.17787
-0.175218
-0.171162
-0.166305
-0.161085
-0.15566
-0.150096
-0.144264
-0.184775
-0.191447
-0.190474
-0.186233
-0.180704
-0.174609
-0.168313
-0.161793
-0.15482
-0.146962
-0.202597
-0.209766
-0.206347
-0.19932
-0.191544
-0.183782
-0.176229
-0.168592
-0.160369
-0.150993
-0.230364
-0.235066
-0.226113
-0.214174
-0.202816
-0.192597
-0.183365
-0.174444
-0.165058
-0.154524
-0.277099
-0.270414
-0.2498
-0.229516
-0.212631
-0.198915
-0.187587
-0.17727
-0.16692
-0.155663
-0.361392
-0.318264
-0.276403
-0.243171
-0.218381
-0.200336
-0.186736
-0.175381
-0.16461
-0.153301
-0.536067
-0.372926
-0.294426
-0.24553
-0.212851
-0.191893
-0.177887
-0.167151
-0.157386
-0.147225
-0.931049
-0.4259
-0.263061
-0.205924
-0.176074
-0.160739
-0.152921
-0.14768
-0.142454
-0.135983
-0.155918
-0.15874
-0.159255
-0.158239
-0.156226
-0.153681
-0.151159
-0.149225
-0.149557
-0.155625
-0.163308
-0.167244
-0.167711
-0.16605
-0.163104
-0.159387
-0.155369
-0.151362
-0.14791
-0.145567
-0.172505
-0.177715
-0.177869
-0.175249
-0.171195
-0.166341
-0.16112
-0.155701
-0.150154
-0.144241
-0.184857
-0.191281
-0.190493
-0.186291
-0.180753
-0.174653
-0.168347
-0.16182
-0.154839
-0.146934
-0.202687
-0.209563
-0.206407
-0.199413
-0.191607
-0.183828
-0.176257
-0.168606
-0.16037
-0.150973
-0.230404
-0.23489
-0.226265
-0.214311
-0.202887
-0.192631
-0.183374
-0.174431
-0.165031
-0.154486
-0.27686
-0.270476
-0.250178
-0.22975
-0.212738
-0.198954
-0.187596
-0.177249
-0.166881
-0.155618
-0.361061
-0.319003
-0.276823
-0.243279
-0.218385
-0.200297
-0.186682
-0.175324
-0.164556
-0.153255
-0.538182
-0.37538
-0.293669
-0.244413
-0.212082
-0.191325
-0.177458
-0.166843
-0.15717
-0.147077
-0.923132
-0.43018
-0.26329
-0.205728
-0.176431
-0.161101
-0.153161
-0.147848
-0.142575
-0.136067
-0.0262318
-0.0281926
-0.0296538
-0.0312102
-0.0331572
-0.0356078
-0.0385998
-0.042167
-0.0481185
-0.0613949
-0.0345109
-0.0358729
-0.0371096
-0.0386177
-0.0406008
-0.043135
-0.0462257
-0.0497681
-0.0545502
-0.0633234
-0.0427465
-0.043574
-0.0445413
-0.045861
-0.0476314
-0.0498516
-0.0524405
-0.0551876
-0.0581752
-0.0624603
-0.0507101
-0.0511102
-0.0518074
-0.0528686
-0.05431
-0.0560802
-0.0580551
-0.0600204
-0.061817
-0.0637515
-0.0582888
-0.0583854
-0.0588431
-0.0596335
-0.0607199
-0.0620347
-0.0634432
-0.0647639
-0.0658123
-0.0664378
-0.065463
-0.0653686
-0.0656352
-0.066182
-0.0669486
-0.0678604
-0.0688018
-0.0696343
-0.0701854
-0.0702294
-0.0722686
-0.0720739
-0.0722015
-0.0725499
-0.0730531
-0.0736466
-0.07424
-0.0747328
-0.0749854
-0.0747896
-0.0787692
-0.0785394
-0.0785752
-0.0787752
-0.0790789
-0.0794373
-0.0797853
-0.0800543
-0.0801393
-0.0798697
-0.0850354
-0.0848125
-0.0847944
-0.0848916
-0.0850542
-0.0852485
-0.0854317
-0.0855599
-0.0855576
-0.0852933
-0.0911324
-0.0909403
-0.0908965
-0.0909278
-0.0909964
-0.0910822
-0.0911606
-0.0912055
-0.0911641
-0.0909387
-0.0971139
-0.0969645
-0.0969146
-0.0969075
-0.096917
-0.0969346
-0.0969503
-0.0969508
-0.0968994
-0.0967234
-0.10302
-0.102919
-0.102877
-0.10285
-0.102824
-0.102799
-0.10278
-0.102763
-0.10272
-0.102594
-0.108877
-0.108831
-0.108806
-0.108772
-0.108722
-0.108669
-0.108632
-0.108615
-0.108595
-0.108519
-0.1147
-0.114722
-0.114724
-0.114686
-0.114614
-0.114535
-0.114487
-0.114485
-0.114508
-0.114489
-0.120496
-0.12061
-0.120649
-0.120607
-0.120502
-0.120387
-0.120325
-0.120354
-0.120454
-0.120523
-0.126266
-0.126516
-0.126606
-0.12655
-0.126387
-0.126205
-0.126116
-0.126196
-0.126431
-0.126691
-0.132011
-0.132471
-0.132631
-0.132538
-0.132268
-0.131962
-0.131811
-0.131957
-0.132423
-0.133143
-0.137747
-0.138529
-0.138778
-0.138607
-0.138148
-0.137619
-0.137325
-0.137515
-0.13834
-0.140311
-0.14353
-0.144788
-0.145142
-0.144822
-0.14405
-0.143142
-0.142555
-0.142717
-0.144301
-0.149916
-0.149494
-0.151424
-0.15188
-0.151297
-0.15003
-0.148499
-0.147307
-0.147161
-0.150179
-0.163017
-0.0262132
-0.0282221
-0.0296589
-0.0312153
-0.0331716
-0.0356442
-0.0386997
-0.042327
-0.0482931
-0.0624279
-0.034503
-0.0358944
-0.0371156
-0.0386235
-0.040611
-0.0431525
-0.0462675
-0.0498052
-0.0544349
-0.0633846
-0.0427458
-0.0435869
-0.0445457
-0.0458642
-0.0476345
-0.0498534
-0.0524459
-0.0551824
-0.0580893
-0.0624307
-0.0507134
-0.051116
-0.0518103
-0.0528704
-0.0543111
-0.05608
-0.0580561
-0.0600215
-0.0617978
-0.0637616
-0.0582942
-0.0583859
-0.0588447
-0.0596345
-0.0607205
-0.0620342
-0.063442
-0.0647631
-0.0658107
-0.066441
-0.0654689
-0.0653659
-0.0656358
-0.0661824
-0.0669481
-0.0678594
-0.0688
-0.0696327
-0.0701891
-0.0702256
-0.072274
-0.0720696
-0.0722015
-0.0725499
-0.0730523
-0.0736458
-0.0742387
-0.0747323
-0.0749922
-0.0747845
-0.0787738
-0.0785347
-0.0785749
-0.0787752
-0.0790783
-0.0794368
-0.0797845
-0.0800545
-0.0801465
-0.0798651
-0.0850391
-0.0848081
-0.0847941
-0.0848916
-0.0850538
-0.0852482
-0.0854312
-0.0855603
-0.0855638
-0.0852896
-0.0911352
-0.0909366
-0.0908962
-0.0909278
-0.0909962
-0.091082
-0.0911602
-0.0912059
-0.0911691
-0.0909358
-0.0971159
-0.0969618
-0.0969145
-0.0969077
-0.0969169
-0.0969345
-0.0969499
-0.0969511
-0.0969031
-0.0967213
-0.103021
-0.102918
-0.102877
-0.102851
-0.102824
-0.102799
-0.10278
-0.102762
-0.102722
-0.102592
-0.108878
-0.108831
-0.108807
-0.108772
-0.108722
-0.108669
-0.108631
-0.108614
-0.108597
-0.108518
-0.114701
-0.114723
-0.114725
-0.114687
-0.114615
-0.114534
-0.114485
-0.114484
-0.114508
-0.114489
-0.120496
-0.120614
-0.120652
-0.120609
-0.120503
-0.120386
-0.120323
-0.12035
-0.120451
-0.120523
-0.126265
-0.126523
-0.126611
-0.126553
-0.126389
-0.126204
-0.126113
-0.12619
-0.126425
-0.126695
-0.132009
-0.132482
-0.132637
-0.132543
-0.132271
-0.131962
-0.131807
-0.131951
-0.132412
-0.133154
-0.137743
-0.138547
-0.138787
-0.138614
-0.138154
-0.13762
-0.137322
-0.137506
-0.138292
-0.140272
-0.143521
-0.144816
-0.145154
-0.144831
-0.144058
-0.143147
-0.142563
-0.142714
-0.14417
-0.149769
-0.149477
-0.151467
-0.151895
-0.151308
-0.150042
-0.148518
-0.147361
-0.147254
-0.15019
-0.163482
-0.0262133
-0.0282221
-0.029659
-0.0312154
-0.0331717
-0.0356442
-0.0386997
-0.0423271
-0.0482931
-0.0624279
-0.034503
-0.0358945
-0.0371156
-0.0386236
-0.0406111
-0.0431525
-0.0462675
-0.0498052
-0.0544349
-0.0633846
-0.0427458
-0.043587
-0.0445457
-0.0458642
-0.0476345
-0.0498534
-0.052446
-0.0551825
-0.0580893
-0.0624308
-0.0507135
-0.051116
-0.0518103
-0.0528704
-0.0543111
-0.05608
-0.0580561
-0.0600215
-0.0617978
-0.0637616
-0.0582942
-0.0583859
-0.0588447
-0.0596346
-0.0607205
-0.0620342
-0.063442
-0.0647631
-0.0658107
-0.066441
-0.0654689
-0.0653659
-0.0656358
-0.0661824
-0.0669481
-0.0678594
-0.0688
-0.0696327
-0.0701891
-0.0702256
-0.072274
-0.0720696
-0.0722015
-0.0725499
-0.0730523
-0.0736458
-0.0742387
-0.0747323
-0.0749922
-0.0747845
-0.0787738
-0.0785347
-0.0785749
-0.0787752
-0.0790784
-0.0794368
-0.0797845
-0.0800545
-0.0801466
-0.0798651
-0.0850391
-0.0848081
-0.0847941
-0.0848916
-0.0850538
-0.0852482
-0.0854312
-0.0855603
-0.0855638
-0.0852896
-0.0911352
-0.0909366
-0.0908962
-0.0909279
-0.0909962
-0.091082
-0.0911602
-0.0912059
-0.0911691
-0.0909359
-0.0971159
-0.0969618
-0.0969145
-0.0969077
-0.0969169
-0.0969345
-0.0969499
-0.0969511
-0.0969031
-0.0967213
-0.103021
-0.102918
-0.102877
-0.10285
-0.102824
-0.102799
-0.10278
-0.102762
-0.102722
-0.102592
-0.108878
-0.108831
-0.108807
-0.108772
-0.108722
-0.108669
-0.108631
-0.108614
-0.108596
-0.108518
-0.114701
-0.114723
-0.114725
-0.114687
-0.114615
-0.114534
-0.114485
-0.114484
-0.114508
-0.114489
-0.120496
-0.120614
-0.120652
-0.120609
-0.120503
-0.120386
-0.120323
-0.12035
-0.120451
-0.120523
-0.126265
-0.126523
-0.126611
-0.126553
-0.126389
-0.126204
-0.126113
-0.12619
-0.126425
-0.126695
-0.132009
-0.132482
-0.132637
-0.132543
-0.132271
-0.131962
-0.131807
-0.131951
-0.132412
-0.133154
-0.137743
-0.138547
-0.138787
-0.138614
-0.138154
-0.13762
-0.137322
-0.137506
-0.138292
-0.140272
-0.143521
-0.144816
-0.145154
-0.144831
-0.144058
-0.143147
-0.142563
-0.142714
-0.14417
-0.149769
-0.149477
-0.151467
-0.151895
-0.151308
-0.150042
-0.148518
-0.147361
-0.147254
-0.15019
-0.163482
-0.0262319
-0.0281927
-0.0296539
-0.0312102
-0.0331572
-0.0356079
-0.0385998
-0.0421671
-0.0481186
-0.0613949
-0.034511
-0.035873
-0.0371096
-0.0386177
-0.0406009
-0.0431351
-0.0462258
-0.0497681
-0.0545503
-0.0633234
-0.0427466
-0.0435741
-0.0445413
-0.0458611
-0.0476314
-0.0498516
-0.0524406
-0.0551876
-0.0581752
-0.0624603
-0.0507102
-0.0511103
-0.0518074
-0.0528687
-0.05431
-0.0560802
-0.0580551
-0.0600204
-0.0618171
-0.0637516
-0.0582889
-0.0583854
-0.0588431
-0.0596335
-0.06072
-0.0620348
-0.0634432
-0.0647639
-0.0658124
-0.0664378
-0.065463
-0.0653687
-0.0656352
-0.0661821
-0.0669486
-0.0678605
-0.0688018
-0.0696343
-0.0701854
-0.0702294
-0.0722686
-0.0720739
-0.0722015
-0.0725499
-0.0730531
-0.0736467
-0.07424
-0.0747328
-0.0749854
-0.0747896
-0.0787692
-0.0785394
-0.0785752
-0.0787752
-0.0790789
-0.0794373
-0.0797854
-0.0800543
-0.0801394
-0.0798697
-0.0850354
-0.0848125
-0.0847945
-0.0848916
-0.0850542
-0.0852485
-0.0854317
-0.0855599
-0.0855576
-0.0852933
-0.0911325
-0.0909403
-0.0908965
-0.0909278
-0.0909964
-0.0910822
-0.0911606
-0.0912055
-0.0911642
-0.0909387
-0.0971139
-0.0969645
-0.0969146
-0.0969075
-0.096917
-0.0969346
-0.0969503
-0.0969508
-0.0968994
-0.0967234
-0.10302
-0.102919
-0.102877
-0.10285
-0.102824
-0.102799
-0.10278
-0.102763
-0.10272
-0.102594
-0.108877
-0.108831
-0.108806
-0.108772
-0.108722
-0.108669
-0.108632
-0.108615
-0.108595
-0.108519
-0.1147
-0.114722
-0.114724
-0.114686
-0.114614
-0.114535
-0.114487
-0.114485
-0.114508
-0.114489
-0.120496
-0.12061
-0.120649
-0.120607
-0.120502
-0.120387
-0.120325
-0.120354
-0.120454
-0.120523
-0.126266
-0.126516
-0.126606
-0.12655
-0.126387
-0.126205
-0.126116
-0.126196
-0.126431
-0.126691
-0.132011
-0.132471
-0.132631
-0.132537
-0.132268
-0.131962
-0.131811
-0.131957
-0.132423
-0.133143
-0.137747
-0.138529
-0.138778
-0.138607
-0.138148
-0.137619
-0.137325
-0.137515
-0.13834
-0.140311
-0.14353
-0.144788
-0.145142
-0.144822
-0.144049
-0.143142
-0.142555
-0.142717
-0.144301
-0.149916
-0.149494
-0.151424
-0.15188
-0.151297
-0.15003
-0.148499
-0.147307
-0.147161
-0.150179
-0.163017
)
;

boundaryField
{
    carasuperior
    {
        type            zeroGradient;
    }
    lateralizquierda
    {
        type            zeroGradient;
    }
    lateralderecha
    {
        type            zeroGradient;
    }
    carainferior
    {
        type            zeroGradient;
    }
    carainteriores
    {
        type            zeroGradient;
    }
    defaultFaces
    {
        type            empty;
    }
}


// ************************************************************************* //
