/*--------------------------------*- C++ -*----------------------------------*\
| =========                 |                                                 |
| \\      /  F ield         | OpenFOAM: The Open Source CFD Toolbox           |
|  \\    /   O peration     | Version:  2.4.0                                 |
|   \\  /    A nd           | Web:      www.OpenFOAM.org                      |
|    \\/     M anipulation  |                                                 |
\*---------------------------------------------------------------------------*/
FoamFile
{
    version     2.0;
    format      ascii;
    class       volScalarField;
    location    "0.58";
    object      T;
}
// * * * * * * * * * * * * * * * * * * * * * * * * * * * * * * * * * * * * * //

dimensions      [0 0 0 1 0 0 0];

internalField   nonuniform List<scalar> 
1600
(
101.387
104.161
106.932
109.7
112.463
115.219
117.967
120.705
123.433
126.148
128.849
131.534
134.204
136.855
139.488
142.101
144.693
147.264
149.813
152.339
154.842
157.323
159.78
162.215
164.628
167.019
169.389
171.74
174.071
176.386
178.684
180.967
183.238
185.496
187.745
189.985
192.217
194.445
196.668
198.89
101.388
104.164
106.937
109.707
112.471
115.229
117.979
120.719
123.448
126.164
128.867
131.554
134.225
136.877
139.511
142.125
144.718
147.29
149.839
152.365
154.869
157.349
159.806
162.241
164.653
167.043
169.412
171.761
174.092
176.404
178.701
180.983
183.252
185.509
187.755
189.993
192.224
194.45
196.671
198.891
101.39
104.169
106.946
109.719
112.487
115.248
118.002
120.745
123.477
126.197
128.902
131.592
134.266
136.921
139.557
142.173
144.767
147.34
149.89
152.417
154.921
157.401
159.858
162.292
164.702
167.091
169.458
171.805
174.133
176.443
178.737
181.015
183.28
185.533
187.776
190.011
192.238
194.46
196.677
198.893
101.393
104.177
106.959
109.737
112.511
115.277
118.036
120.784
123.521
126.245
128.955
131.649
134.326
136.985
139.624
142.242
144.84
147.414
149.966
152.494
154.998
157.478
159.935
162.367
164.776
167.162
169.527
171.871
174.195
176.5
178.789
181.063
183.323
185.571
187.808
190.037
192.258
194.474
196.686
198.896
101.396
104.187
106.976
109.762
112.542
115.316
118.08
120.835
123.579
126.309
129.024
131.724
134.405
137.069
139.712
142.334
144.934
147.512
150.065
152.595
155.1
157.58
160.035
162.466
164.873
167.257
169.618
171.957
174.276
176.577
178.86
181.127
183.38
185.621
187.851
190.072
192.286
194.494
196.698
198.9
101.4
104.2
106.998
109.792
112.581
115.363
118.136
120.899
123.65
126.387
129.11
131.816
134.504
137.173
139.821
142.448
145.052
147.632
150.188
152.719
155.225
157.705
160.16
162.589
164.994
167.374
169.731
172.065
174.378
176.672
178.948
181.207
183.452
185.683
187.904
190.116
192.32
194.518
196.713
198.905
101.406
104.216
107.024
109.829
112.628
115.419
118.202
120.975
123.735
126.481
129.211
131.925
134.62
137.296
139.95
142.582
145.19
147.774
150.333
152.867
155.373
157.854
160.308
162.735
165.137
167.513
169.865
172.194
174.5
176.786
179.053
181.303
183.538
185.759
187.969
190.169
192.361
194.548
196.73
198.91
101.412
104.234
107.055
109.871
112.682
115.485
118.279
121.062
123.833
126.589
129.329
132.051
134.755
137.438
140.099
142.737
145.35
147.939
150.501
153.037
155.545
158.026
160.479
162.904
165.303
167.675
170.021
172.343
174.642
176.919
179.176
181.415
183.638
185.847
188.044
190.231
192.41
194.583
196.751
198.917
101.419
104.255
107.089
109.919
112.743
115.56
118.367
121.162
123.944
126.712
129.462
132.195
134.907
137.599
140.267
142.912
145.531
148.124
150.69
153.229
155.738
158.219
160.672
163.095
165.49
167.858
170.198
172.513
174.803
177.07
179.316
181.543
183.753
185.948
188.13
190.302
192.465
194.622
196.775
198.925
101.426
104.278
107.128
109.973
112.813
115.644
118.465
121.274
124.069
126.849
129.612
132.355
135.078
137.779
140.455
143.107
145.733
148.331
150.901
153.442
155.953
158.435
160.886
163.307
165.699
168.061
170.395
172.702
174.983
177.239
179.473
181.687
183.882
186.061
188.227
190.382
192.528
194.667
196.802
198.934
101.435
104.304
107.171
110.034
112.89
115.737
118.574
121.398
124.208
127.002
129.777
132.533
135.266
137.977
140.663
143.323
145.955
148.558
151.133
153.676
156.189
158.671
161.122
163.54
165.928
168.285
170.612
172.911
175.182
177.427
179.647
181.846
184.026
186.188
188.336
190.472
192.598
194.718
196.833
198.944
101.445
104.333
107.219
110.1
112.975
115.84
118.694
121.535
124.361
127.169
129.959
132.727
135.473
138.194
140.89
143.558
146.197
148.806
151.385
153.932
156.446
158.928
161.377
163.793
166.177
168.529
170.849
173.138
175.398
177.631
179.838
182.021
184.184
186.327
188.455
190.57
192.676
194.773
196.866
198.956
101.455
104.365
107.272
110.174
113.068
115.953
118.826
121.685
124.528
127.353
130.157
132.94
135.698
138.431
141.136
143.813
146.459
149.075
151.658
154.207
156.723
159.205
161.653
164.066
166.445
168.791
171.103
173.383
175.633
177.853
180.045
182.212
184.356
186.48
188.586
190.679
192.761
194.834
196.903
198.968
101.467
104.399
107.33
110.254
113.17
116.077
118.97
121.849
124.711
127.553
130.373
133.171
135.943
138.688
141.404
144.089
146.743
149.364
151.952
154.504
157.022
159.503
161.949
164.359
166.733
169.072
171.377
173.647
175.885
178.091
180.268
182.418
184.543
186.645
188.729
190.797
192.854
194.901
196.943
198.981
101.48
104.438
107.393
110.342
113.282
116.212
119.128
122.028
124.909
127.77
130.608
133.422
136.208
138.965
141.692
144.388
147.049
149.677
152.268
154.824
157.342
159.823
162.267
164.673
167.042
169.374
171.669
173.929
176.155
178.347
180.508
182.639
184.744
186.824
188.884
190.926
192.955
194.974
196.987
198.996
101.494
104.479
107.462
110.438
113.405
116.359
119.3
122.222
125.126
128.007
130.863
133.694
136.495
139.266
142.005
144.71
147.379
150.013
152.609
155.167
157.687
160.167
162.609
165.01
167.373
169.697
171.983
174.232
176.444
178.621
180.764
182.876
184.96
187.017
189.05
191.065
193.064
195.053
197.035
199.011
101.509
104.525
107.537
110.543
113.538
116.52
119.487
122.435
125.361
128.264
131.14
133.989
136.806
139.591
142.343
145.058
147.736
150.376
152.977
155.538
158.058
160.538
162.976
165.373
167.729
170.045
172.32
174.556
176.754
178.914
181.039
183.131
185.191
187.223
189.23
191.215
193.183
195.138
197.086
199.029
101.526
104.575
107.62
110.658
113.684
116.696
119.691
122.666
125.618
128.544
131.442
134.309
137.144
139.944
142.709
145.435
148.122
150.769
153.375
155.939
158.46
160.938
163.373
165.765
168.114
170.42
172.683
174.906
177.087
179.23
181.335
183.404
185.44
187.445
189.423
191.377
193.311
195.231
197.142
199.047
101.544
104.63
107.711
110.783
113.844
116.888
119.914
122.918
125.897
128.849
131.77
134.658
137.511
140.328
143.106
145.844
148.541
151.195
153.806
156.373
158.895
161.372
163.803
166.189
168.53
170.826
173.077
175.284
177.448
179.571
181.654
183.699
185.708
187.685
189.631
191.552
193.45
195.331
197.203
199.067
101.564
104.69
107.81
110.921
114.019
117.099
120.159
123.195
126.203
129.182
132.128
135.038
137.912
140.746
143.539
146.289
148.996
151.658
154.275
156.845
159.368
161.843
164.271
166.65
168.982
171.266
173.504
175.694
177.84
179.941
182
184.018
185.998
187.943
189.856
191.74
193.6
195.44
197.269
199.089
101.586
104.756
107.92
111.073
114.211
117.331
120.427
123.498
126.538
129.546
132.519
135.454
138.349
141.201
144.011
146.775
149.493
152.163
154.785
157.359
159.883
162.356
164.779
167.152
169.474
171.746
173.968
176.141
178.266
180.344
182.376
184.365
186.314
188.224
190.1
191.945
193.763
195.559
197.341
199.113
101.611
104.829
108.041
111.24
114.423
117.585
120.722
123.83
126.906
129.946
132.948
135.909
138.827
141.7
144.526
147.305
150.034
152.714
155.342
157.919
160.444
162.916
165.334
167.7
170.011
172.27
174.476
176.629
178.732
180.784
182.787
184.744
186.658
188.53
190.365
192.167
193.94
195.688
197.42
199.139
101.638
104.91
108.174
111.425
114.657
117.866
121.047
124.197
127.31
130.385
133.419
136.408
139.35
142.245
145.09
147.884
150.626
153.315
155.951
158.531
161.057
163.527
165.94
168.297
170.598
172.842
175.03
177.163
179.24
181.265
183.237
185.159
187.034
188.865
190.656
192.41
194.133
195.829
197.506
199.167
101.667
104.999
108.322
111.629
114.916
118.176
121.406
124.601
127.756
130.868
133.936
136.955
139.925
142.843
145.707
148.518
151.274
153.973
156.615
159.2
161.726
164.194
166.602
168.95
171.239
173.467
175.636
177.746
179.798
181.792
183.73
185.615
187.448
189.233
190.974
192.677
194.345
195.983
197.601
199.199
101.701
105.099
108.486
111.856
115.203
118.52
121.803
125.047
128.247
131.401
134.505
137.557
140.555
143.498
146.384
149.212
151.982
154.692
157.342
159.93
162.458
164.923
167.325
169.664
171.94
174.152
176.3
178.386
180.409
182.37
184.272
186.115
187.903
189.638
191.326
192.971
194.578
196.153
197.705
199.233
101.738
105.209
108.669
112.108
115.521
118.901
122.243
125.54
128.79
131.988
135.131
138.219
141.248
144.217
147.125
149.972
152.756
155.478
158.135
160.728
163.256
165.719
168.115
170.444
172.706
174.9
177.027
179.086
181.079
183.006
184.867
186.666
188.405
190.086
191.714
193.296
194.836
196.341
197.821
199.272
101.779
105.333
108.873
112.39
115.876
119.325
122.73
126.087
129.389
132.635
135.822
138.946
142.008
145.005
147.937
150.804
153.603
156.336
159.002
161.599
164.128
166.588
168.977
171.296
173.543
175.719
177.823
179.854
181.815
183.704
185.523
187.274
188.958
190.58
192.144
193.656
195.122
196.549
197.948
199.314
101.826
105.472
109.101
112.704
116.272
119.797
123.273
126.693
130.053
133.35
136.582
139.747
142.843
145.87
148.827
151.713
154.529
157.274
159.948
162.55
165.079
167.535
169.917
172.225
174.457
176.614
178.693
180.696
182.622
184.471
186.245
187.944
189.571
191.129
192.622
194.057
195.44
196.781
198.091
199.362
101.878
105.627
109.358
113.057
116.716
120.324
123.876
127.365
130.788
134.14
137.42
140.627
143.759
146.817
149.799
152.707
155.539
158.297
160.978
163.585
166.114
168.567
170.942
173.238
175.455
177.591
179.645
181.618
183.508
185.315
187.04
188.684
190.249
191.737
193.153
194.504
195.797
197.041
198.25
199.415
101.937
105.804
109.647
113.454
117.213
120.914
124.549
128.113
131.602
135.013
138.344
141.594
144.764
147.853
150.862
153.791
156.64
159.41
162.1
164.711
167.241
169.69
172.057
174.342
176.542
178.657
180.686
182.627
184.48
186.243
187.917
189.503
191.001
192.414
193.746
195.004
196.196
197.333
198.428
199.474
102.004
106.003
109.975
113.902
117.773
121.575
125.301
128.945
132.504
135.976
139.36
142.656
145.865
148.986
152.022
154.972
157.839
160.621
163.319
165.934
168.464
170.909
173.269
175.541
177.725
179.819
181.822
183.731
185.545
187.263
188.885
190.409
191.836
193.168
194.41
195.566
196.646
197.664
198.63
199.542
102.081
106.232
110.349
114.412
118.405
122.318
126.141
129.871
133.504
137.04
140.479
143.821
147.069
150.223
153.285
156.257
159.14
161.934
164.64
167.259
169.789
172.231
174.583
176.843
179.011
181.084
183.06
184.937
186.712
188.385
189.951
191.412
192.765
194.012
195.155
196.2
197.156
198.039
198.859
199.62
102.171
106.496
110.779
114.994
119.124
123.156
127.084
130.903
134.613
138.214
141.708
145.097
148.383
151.569
154.658
157.651
160.55
163.356
166.07
168.692
171.223
173.661
176.005
178.254
180.406
182.458
184.408
186.253
187.99
189.616
191.128
192.523
193.8
194.956
195.995
196.919
197.738
198.468
199.122
199.71
102.275
106.804
111.278
115.664
119.944
124.105
128.142
132.054
135.842
139.508
143.057
146.491
149.816
153.033
156.147
159.16
162.074
164.892
167.613
170.239
172.77
175.204
177.541
179.779
181.915
183.948
185.873
187.688
189.388
190.969
192.427
193.757
194.955
196.018
196.946
197.741
198.408
198.966
199.428
199.816
102.4
107.171
111.865
116.444
120.886
125.184
129.334
133.339
137.204
140.934
144.535
148.013
151.373
154.62
157.757
160.789
163.718
166.546
169.274
171.904
174.434
176.865
179.195
181.423
183.546
185.56
187.463
189.249
190.914
192.453
193.859
195.126
196.247
197.216
198.029
198.686
199.188
199.551
199.791
199.944
102.554
107.617
112.568
117.36
121.977
126.414
130.677
134.773
138.711
142.501
146.151
149.669
153.062
156.336
159.495
162.544
165.486
168.323
171.057
173.69
176.221
178.649
180.973
183.192
185.303
187.301
189.184
190.945
192.579
194.079
195.438
196.646
197.694
198.572
199.27
199.783
200.105
200.252
200.231
200.101
102.753
108.18
113.429
118.452
123.247
127.822
132.192
136.372
140.377
144.221
147.914
151.468
154.889
158.186
161.364
164.427
167.381
170.227
172.967
175.602
178.134
180.56
182.88
185.092
187.193
189.178
191.044
192.784
194.392
195.86
197.177
198.334
199.317
200.112
200.702
201.071
201.205
201.11
200.774
200.295
103.026
108.923
114.508
119.769
124.735
129.436
133.9
138.153
142.214
146.103
149.832
153.414
156.86
160.176
163.369
166.445
169.408
172.262
175.007
177.646
180.178
182.604
184.921
187.128
189.222
191.198
193.051
194.775
196.363
197.805
199.091
200.208
201.139
201.864
202.361
202.602
202.552
202.196
201.479
200.556
103.485
109.964
115.883
121.365
126.48
131.284
135.823
140.131
144.236
148.158
151.914
155.519
158.982
162.312
165.518
168.604
171.575
174.434
177.184
179.826
182.36
184.786
187.102
189.307
191.396
193.367
195.212
196.926
198.501
199.927
201.191
202.28
203.175
203.853
204.283
204.429
204.23
203.632
202.491
200.995
104.333
111.549
117.743
123.374
128.58
133.443
138.021
142.358
146.485
150.425
154.196
157.812
161.285
164.623
167.836
170.927
173.903
176.766
179.518
182.162
184.697
187.123
189.439
191.642
193.729
195.697
197.538
199.247
200.815
202.231
203.484
204.558
205.432
206.083
206.476
206.57
206.288
205.554
204.121
202.045
)
;

boundaryField
{
    carasuperior
    {
        type            fixedGradient;
        gradient        uniform 100;
    }
    lateralizquierda
    {
        type            fixedValue;
        value           uniform 100;
    }
    lateralderecha
    {
        type            fixedValue;
        value           uniform 200;
    }
    carainferior
    {
        type            zeroGradient;
    }
    frontAndBack
    {
        type            empty;
    }
}


// ************************************************************************* //
