/*--------------------------------*- C++ -*----------------------------------*\
| =========                 |                                                 |
| \\      /  F ield         | OpenFOAM: The Open Source CFD Toolbox           |
|  \\    /   O peration     | Version:  2.4.0                                 |
|   \\  /    A nd           | Web:      www.OpenFOAM.org                      |
|    \\/     M anipulation  |                                                 |
\*---------------------------------------------------------------------------*/
FoamFile
{
    version     2.0;
    format      ascii;
    class       volScalarField;
    location    "0.83";
    object      T;
}
// * * * * * * * * * * * * * * * * * * * * * * * * * * * * * * * * * * * * * //

dimensions      [0 0 0 1 0 0 0];

internalField   nonuniform List<scalar> 
1600
(
101.412
104.235
107.055
109.871
112.681
115.483
118.275
121.056
123.823
126.575
129.311
132.029
134.727
137.404
140.059
142.691
145.298
147.88
150.436
152.965
155.468
157.945
160.394
162.817
165.214
167.586
169.934
172.258
174.561
176.844
179.107
181.353
183.584
185.8
188.005
190.2
192.386
194.566
196.742
198.914
101.413
104.238
107.06
109.878
112.689
115.493
118.287
121.069
123.838
126.592
129.33
132.049
134.748
137.426
140.082
142.715
145.323
147.905
150.462
152.992
155.495
157.971
160.42
162.842
165.239
167.61
169.956
172.28
174.581
176.862
179.124
181.369
183.598
185.813
188.016
190.209
192.393
194.571
196.745
198.915
101.415
104.243
107.069
109.89
112.705
115.513
118.31
121.095
123.868
126.625
129.365
132.087
134.789
137.47
140.128
142.762
145.372
147.956
150.513
153.044
155.547
158.023
160.472
162.893
165.288
167.658
170.003
172.324
174.623
176.901
179.159
181.401
183.626
185.838
188.037
190.226
192.407
194.581
196.75
198.917
101.417
104.251
107.082
109.909
112.729
115.542
118.344
121.134
123.911
126.673
129.418
132.144
134.85
137.534
140.195
142.832
145.444
148.03
150.589
153.12
155.624
158.1
160.548
162.969
165.362
167.729
170.071
172.389
174.684
176.958
179.212
181.448
183.669
185.875
188.069
190.252
192.427
194.596
196.759
198.92
101.421
104.261
107.1
109.933
112.761
115.58
118.389
121.186
123.969
126.737
129.487
132.218
134.929
137.618
140.283
142.924
145.539
148.128
150.688
153.221
155.726
158.201
160.649
163.068
165.459
167.824
170.162
172.476
174.766
177.034
179.282
181.512
183.726
185.925
188.111
190.287
192.454
194.615
196.771
198.924
101.425
104.275
107.122
109.964
112.8
115.627
118.445
121.25
124.041
126.816
129.573
132.311
135.028
137.722
140.392
143.038
145.656
148.248
150.811
153.346
155.851
158.327
160.773
163.191
165.58
167.941
170.275
172.583
174.868
177.129
179.37
181.592
183.797
185.987
188.165
190.331
192.489
194.64
196.786
198.929
101.43
104.29
107.148
110
112.847
115.684
118.511
121.325
124.125
126.909
129.675
132.42
135.144
137.845
140.522
143.172
145.795
148.39
150.957
153.493
155.999
158.475
160.921
163.337
165.723
168.08
170.409
172.712
174.989
177.243
179.475
181.688
183.883
186.062
188.229
190.384
192.53
194.669
196.803
198.935
101.437
104.308
107.178
110.043
112.901
115.75
118.588
121.413
124.224
127.017
129.792
132.547
135.279
137.988
140.671
143.327
145.956
148.555
151.124
153.663
156.171
158.647
161.092
163.505
165.888
168.241
170.565
172.861
175.131
177.376
179.598
181.8
183.983
186.15
188.304
190.446
192.578
194.704
196.824
198.942
101.443
104.329
107.213
110.091
112.962
115.825
118.676
121.513
124.336
127.14
129.926
132.691
135.432
138.149
140.84
143.503
146.137
148.741
151.314
153.855
156.364
158.841
161.285
163.696
166.076
168.424
170.742
173.03
175.291
177.527
179.738
181.927
184.098
186.251
188.39
190.517
192.634
194.744
196.848
198.95
101.451
104.353
107.251
110.145
113.032
115.909
118.774
121.625
124.461
127.278
130.076
132.851
135.603
138.329
141.028
143.698
146.338
148.948
151.525
154.069
156.579
159.056
161.499
163.909
166.284
168.627
170.939
173.22
175.471
177.696
179.895
182.071
184.227
186.364
188.487
190.597
192.696
194.788
196.875
198.959
101.46
104.379
107.295
110.206
113.109
116.002
118.883
121.75
124.6
127.431
130.241
133.029
135.791
138.527
141.235
143.913
146.56
149.175
151.756
154.303
156.816
159.293
161.735
164.141
166.513
168.851
171.156
173.428
175.67
177.883
180.069
182.23
184.37
186.491
188.595
190.686
192.766
194.839
196.905
198.969
101.47
104.407
107.343
110.272
113.194
116.105
119.003
121.887
124.752
127.599
130.423
133.223
135.998
138.745
141.462
144.149
146.803
149.423
152.008
154.559
157.072
159.55
161.99
164.394
166.762
169.094
171.392
173.655
175.886
178.087
180.259
182.405
184.528
186.63
188.715
190.785
192.844
194.894
196.939
198.98
101.48
104.439
107.395
110.346
113.287
116.218
119.135
122.037
124.92
127.782
130.622
133.436
136.223
138.982
141.709
144.404
147.065
149.691
152.281
154.834
157.35
159.827
162.266
164.667
167.031
169.357
171.646
173.9
176.121
178.308
180.466
182.596
184.7
186.782
188.845
190.893
192.929
194.955
196.976
198.992
101.492
104.474
107.453
110.426
113.39
116.342
119.28
122.201
125.102
127.982
130.838
133.667
136.468
139.238
141.976
144.681
147.349
149.981
152.576
155.132
157.648
160.125
162.563
164.96
167.319
169.638
171.92
174.164
176.372
178.547
180.689
182.801
184.887
186.948
188.988
191.011
193.021
195.022
197.016
199.005
101.505
104.512
107.516
110.514
113.502
116.477
119.437
122.38
125.301
128.2
131.073
133.918
136.733
139.516
142.265
144.979
147.655
150.294
152.892
155.451
157.969
160.445
162.881
165.275
167.628
169.94
172.213
174.446
176.642
178.802
180.928
183.023
185.088
187.126
189.143
191.14
193.122
195.094
197.06
199.02
101.519
104.554
107.585
110.61
113.624
116.625
119.609
122.574
125.518
128.436
131.328
134.19
137.02
139.817
142.578
145.301
147.986
150.63
153.234
155.795
158.314
160.79
163.222
165.612
167.959
170.264
172.526
174.749
176.931
179.076
181.185
183.26
185.304
187.319
189.309
191.279
193.232
195.173
197.107
199.036
101.534
104.599
107.661
110.715
113.757
116.785
119.796
122.786
125.753
128.693
131.605
134.485
137.332
140.142
142.916
145.649
148.342
150.994
153.602
156.166
158.685
161.16
163.59
165.975
168.315
170.611
172.864
175.074
177.242
179.37
181.46
183.514
185.535
187.526
189.489
191.429
193.351
195.259
197.159
199.053
101.55
104.649
107.744
110.829
113.903
116.961
120
123.018
126.009
128.973
131.906
134.806
137.669
140.495
143.282
146.027
148.729
151.387
153.999
156.566
159.087
161.561
163.988
166.367
168.7
170.987
173.228
175.424
177.576
179.686
181.756
183.788
185.784
187.748
189.682
191.591
193.479
195.351
197.215
199.071
101.569
104.704
107.834
110.955
114.063
117.153
120.224
123.27
126.289
129.278
132.234
135.154
138.037
140.879
143.679
146.436
149.147
151.813
154.431
157.001
159.522
161.995
164.418
166.792
169.117
171.393
173.621
175.802
177.937
180.028
182.076
184.083
186.053
187.987
189.891
191.766
193.618
195.452
197.276
199.092
101.589
104.764
107.934
111.093
114.238
117.364
120.468
123.546
126.595
129.611
132.592
135.535
138.437
141.297
144.112
146.881
149.603
152.276
154.9
157.473
159.996
162.467
164.886
167.254
169.57
171.834
174.049
176.214
178.33
180.399
182.422
184.403
186.343
188.246
190.116
191.955
193.768
195.561
197.342
199.113
101.611
104.83
108.043
111.245
114.43
117.595
120.736
123.849
126.93
129.975
132.983
135.95
138.874
141.752
144.584
147.366
150.099
152.781
155.411
157.987
160.511
162.98
165.395
167.756
170.062
172.315
174.514
176.661
178.757
180.802
182.8
184.751
186.659
188.528
190.36
192.16
193.931
195.68
197.414
199.137
101.635
104.903
108.164
111.412
114.642
117.85
121.031
124.181
127.297
130.375
133.412
136.405
139.352
142.25
145.099
147.896
150.641
153.332
155.968
158.548
161.073
163.54
165.951
168.304
170.6
172.839
175.022
177.15
179.223
181.243
183.211
185.131
187.004
188.834
190.626
192.382
194.108
195.809
197.493
199.163
101.662
104.984
108.297
111.596
114.876
118.13
121.356
124.547
127.701
130.814
133.882
136.903
139.875
142.795
145.663
148.476
151.233
153.933
156.576
159.161
161.686
164.152
166.557
168.902
171.187
173.412
175.578
177.684
179.733
181.725
183.662
185.546
187.381
189.17
190.917
192.626
194.302
195.95
197.579
199.192
101.692
105.073
108.445
111.801
115.134
118.441
121.714
124.951
128.146
131.297
134.399
137.451
140.449
143.393
146.28
149.11
151.88
154.591
157.241
159.83
162.356
164.819
167.219
169.556
171.829
174.039
176.185
178.269
180.291
182.253
184.156
186.003
187.796
189.539
191.236
192.893
194.514
196.105
197.674
199.223
101.725
105.173
108.609
112.027
115.421
118.784
122.111
125.397
128.637
131.829
134.968
138.052
141.079
144.048
146.956
149.804
152.588
155.31
157.968
160.56
163.088
165.549
167.943
170.271
172.531
174.724
176.85
178.909
180.903
182.832
184.699
186.504
188.252
189.945
191.588
193.187
194.748
196.275
197.779
199.258
101.763
105.283
108.792
112.279
115.74
119.165
122.55
125.89
129.18
132.415
135.594
138.714
141.772
144.767
147.698
150.563
153.363
156.096
158.761
161.359
163.887
166.345
168.733
171.051
173.298
175.473
177.577
179.611
181.574
183.468
185.295
187.056
188.754
190.393
191.977
193.513
195.006
196.463
197.894
199.296
101.804
105.407
108.996
112.561
116.094
119.589
123.038
126.436
129.779
133.063
136.284
139.441
142.532
145.555
148.51
151.395
154.21
156.955
159.628
162.23
164.759
167.215
169.596
171.904
174.136
176.293
178.374
180.38
182.311
184.168
185.952
187.665
189.309
190.889
192.408
193.874
195.293
196.672
198.022
199.339
101.85
105.546
109.224
112.875
116.49
120.061
123.58
127.042
130.443
133.778
137.044
140.241
143.367
146.419
149.399
152.304
155.136
157.893
160.574
163.18
165.71
168.163
170.537
172.834
175.051
177.188
179.246
181.223
183.119
184.936
186.675
188.336
189.923
191.438
192.887
194.276
195.612
196.905
198.165
199.386
101.903
105.701
109.48
113.228
116.933
120.587
124.183
127.715
131.177
134.567
137.882
141.121
144.283
147.366
150.371
153.298
156.146
158.915
161.605
164.216
166.746
169.195
171.563
173.848
176.049
178.167
180.199
182.146
184.006
185.782
187.471
189.078
190.602
192.047
193.419
194.723
195.969
197.165
198.324
199.44
101.962
105.877
109.769
113.624
117.43
121.177
124.856
128.462
131.991
135.439
138.805
142.088
145.287
148.402
151.434
154.382
157.247
160.029
162.727
165.342
167.873
170.319
172.679
174.952
177.137
179.234
181.24
183.156
184.979
186.711
188.35
189.897
191.355
192.725
194.013
195.224
196.369
197.458
198.503
199.499
102.029
106.077
110.097
114.073
117.99
121.837
125.607
129.293
132.893
136.402
139.821
143.15
146.387
149.535
152.594
155.563
158.445
161.239
163.946
166.565
169.096
171.538
173.891
176.152
178.321
180.397
182.377
184.261
186.046
187.732
189.318
190.804
192.191
193.481
194.677
195.787
196.82
197.788
198.705
199.567
102.106
106.306
110.471
114.582
118.622
122.58
126.448
130.219
133.892
137.466
140.94
144.314
147.591
150.771
153.856
156.848
159.746
162.553
165.268
167.891
170.422
172.861
175.205
177.455
179.608
181.663
183.617
185.468
187.215
188.855
190.386
191.809
193.121
194.325
195.423
196.422
197.331
198.164
198.935
199.645
102.195
106.57
110.901
115.164
119.34
123.418
127.39
131.251
135.001
138.639
142.168
145.589
148.905
152.118
155.229
158.242
161.156
163.975
166.698
169.325
171.856
174.291
176.628
178.866
181.003
183.037
184.966
186.785
188.494
190.088
191.564
192.922
194.157
195.271
196.264
197.142
197.913
198.594
199.198
199.735
102.3
106.878
111.4
115.834
120.16
124.367
128.448
132.402
136.229
139.933
143.517
146.984
150.337
153.581
156.718
159.75
162.681
165.511
168.241
170.871
173.403
175.834
178.164
180.392
182.514
184.528
186.432
188.221
189.892
191.441
192.864
194.156
195.314
196.334
197.217
197.965
198.584
199.092
199.504
199.841
102.425
107.244
111.987
116.613
121.103
125.445
129.639
133.686
137.591
141.358
144.995
148.505
151.894
155.167
158.328
161.379
164.324
167.165
169.902
172.536
175.068
177.496
179.82
182.037
184.145
186.141
188.022
189.783
191.42
192.927
194.297
195.526
196.607
197.533
198.301
198.911
199.364
199.678
199.868
199.97
102.579
107.691
112.69
117.53
122.193
126.675
130.982
135.119
139.098
142.925
146.61
150.161
153.583
156.883
160.065
163.134
166.092
168.942
171.685
174.322
176.854
179.28
181.598
183.807
185.903
187.884
189.744
191.48
193.086
194.554
195.878
197.048
198.055
198.89
199.544
200.009
200.283
200.38
200.308
200.126
102.777
108.253
113.55
118.621
123.463
128.083
132.496
136.718
140.763
144.644
148.373
151.958
155.409
158.732
161.934
165.017
167.987
170.845
173.594
176.235
178.768
181.191
183.505
185.707
187.793
189.761
191.605
193.321
194.9
196.336
197.619
198.738
199.68
200.432
200.976
201.298
201.383
201.238
200.851
200.321
103.05
108.996
114.629
119.938
124.95
129.696
134.204
138.498
142.6
146.525
150.29
153.905
157.379
160.722
163.938
167.035
170.014
172.88
175.634
178.278
180.812
183.235
185.547
187.743
189.823
191.781
193.613
195.312
196.872
198.283
199.534
200.612
201.502
202.185
202.637
202.83
202.732
202.325
201.557
200.582
103.51
110.036
116.004
121.533
126.695
131.544
136.126
140.476
144.62
148.58
152.372
156.008
159.501
162.858
166.087
169.193
172.18
175.053
177.812
180.459
182.994
185.418
187.728
189.923
191.998
193.951
195.775
197.464
199.011
200.405
201.634
202.685
203.54
204.175
204.56
204.658
204.41
203.762
202.57
201.022
104.357
111.621
117.864
123.542
128.794
133.702
138.324
142.703
146.869
150.847
154.653
158.301
161.803
165.169
168.404
171.516
174.508
177.384
180.145
182.794
185.331
187.755
190.065
192.258
194.332
196.281
198.101
199.785
201.325
202.71
203.928
204.964
205.798
206.406
206.753
206.8
206.469
205.684
204.199
202.071
)
;

boundaryField
{
    carasuperior
    {
        type            fixedGradient;
        gradient        uniform 100;
    }
    lateralizquierda
    {
        type            fixedValue;
        value           uniform 100;
    }
    lateralderecha
    {
        type            fixedValue;
        value           uniform 200;
    }
    carainferior
    {
        type            zeroGradient;
    }
    frontAndBack
    {
        type            empty;
    }
}


// ************************************************************************* //
