/*--------------------------------*- C++ -*----------------------------------*\
| =========                 |                                                 |
| \\      /  F ield         | OpenFOAM: The Open Source CFD Toolbox           |
|  \\    /   O peration     | Version:  2.4.0                                 |
|   \\  /    A nd           | Web:      www.OpenFOAM.org                      |
|    \\/     M anipulation  |                                                 |
\*---------------------------------------------------------------------------*/
FoamFile
{
    version     2.0;
    format      ascii;
    class       volScalarField;
    location    "0.38";
    object      T;
}
// * * * * * * * * * * * * * * * * * * * * * * * * * * * * * * * * * * * * * //

dimensions      [0 0 0 1 0 0 0];

internalField   nonuniform List<scalar> 
1600
(
101.222
103.667
106.113
108.56
111.009
113.461
115.916
118.374
120.835
123.3
125.77
128.243
130.72
133.202
135.687
138.177
140.67
143.167
145.667
148.17
150.676
153.185
155.696
158.21
160.726
163.244
165.765
168.287
170.812
173.339
175.868
178.4
180.935
183.471
186.01
188.55
191.093
193.637
196.182
198.727
101.223
103.67
106.117
108.566
111.017
113.471
115.927
118.387
120.85
123.317
125.787
128.262
130.741
133.224
135.71
138.201
140.695
143.192
145.693
148.196
150.703
153.211
155.722
158.236
160.751
163.268
165.787
168.309
170.832
173.358
175.886
178.416
180.949
183.484
186.02
188.559
191.1
193.642
196.185
198.728
101.225
103.675
106.126
108.579
111.033
113.49
115.95
118.413
120.879
123.349
125.822
128.3
130.781
133.266
135.755
138.248
140.743
143.242
145.744
148.248
150.755
153.264
155.774
158.287
160.801
163.317
165.834
168.353
170.874
173.397
175.922
178.449
180.978
183.509
186.042
188.577
191.114
193.652
196.19
198.73
101.228
103.683
106.139
108.597
111.056
113.518
115.983
118.451
120.922
123.396
125.874
128.356
130.841
133.33
135.822
138.317
140.815
143.316
145.819
148.325
150.832
153.341
155.851
158.363
160.875
163.389
165.904
168.42
170.937
173.455
175.975
178.497
181.021
183.547
186.074
188.604
191.134
193.666
196.199
198.733
101.231
103.693
106.156
108.621
111.087
113.556
116.027
118.501
120.978
123.459
125.942
128.429
130.919
133.413
135.909
138.408
140.909
143.413
145.918
148.425
150.933
153.442
155.952
158.462
160.973
163.484
165.995
168.507
171.02
173.533
176.047
178.562
181.079
183.598
186.118
188.639
191.162
193.686
196.211
198.737
101.235
103.706
106.178
108.651
111.126
113.603
116.082
118.564
121.048
123.536
126.027
128.52
131.016
133.515
136.016
138.52
141.025
143.532
146.04
148.549
151.058
153.568
156.077
158.586
161.094
163.602
166.109
168.616
171.123
173.629
176.136
178.643
181.152
183.661
186.172
188.684
191.197
193.711
196.226
198.742
101.24
103.721
106.203
108.687
111.171
113.658
116.147
118.638
121.132
123.628
126.127
128.628
131.132
133.637
136.144
138.653
141.163
143.674
146.185
148.696
151.207
153.716
156.225
158.732
161.238
163.742
166.245
168.746
171.246
173.745
176.243
178.741
181.239
183.738
186.237
188.738
191.239
193.741
196.244
198.748
101.246
103.739
106.233
108.728
111.225
113.723
116.223
118.725
121.229
123.735
126.243
128.753
131.265
133.778
136.292
138.807
141.322
143.837
146.352
148.866
151.378
153.888
156.396
158.902
161.405
163.905
166.402
168.897
171.389
173.879
176.367
178.854
181.341
183.827
186.313
188.8
191.288
193.776
196.266
198.755
101.253
103.76
106.267
108.776
111.286
113.797
116.31
118.824
121.34
123.857
126.375
128.895
131.416
133.937
136.459
138.981
141.502
144.022
146.541
149.057
151.571
154.082
156.589
159.093
161.593
164.089
166.58
169.068
171.551
174.032
176.509
178.984
181.457
183.929
186.401
188.872
191.344
193.817
196.29
198.763
101.261
103.783
106.306
108.83
111.354
113.88
116.407
118.935
121.463
123.993
126.523
129.054
131.585
134.116
136.646
139.175
141.702
144.228
146.75
149.27
151.786
154.297
156.804
159.306
161.802
164.293
166.779
169.258
171.733
174.203
176.668
179.129
181.588
184.044
186.499
188.953
191.408
193.862
196.317
198.772
101.27
103.809
106.349
108.889
111.431
113.973
116.515
119.058
121.601
124.144
126.688
129.23
131.772
134.313
136.852
139.389
141.923
144.454
146.981
149.503
152.021
154.533
157.039
159.539
162.032
164.518
166.997
169.468
171.933
174.391
176.843
179.29
181.733
184.172
186.609
189.044
191.478
193.913
196.348
198.782
101.279
103.837
106.396
108.956
111.515
114.075
116.635
119.194
121.753
124.311
126.868
129.424
131.978
134.529
137.078
139.623
142.164
144.701
147.232
149.758
152.277
154.789
157.295
159.792
162.281
164.761
167.233
169.696
172.151
174.597
177.035
179.466
181.892
184.312
186.729
189.144
191.557
193.969
196.382
198.794
101.29
103.869
106.449
109.029
111.608
114.188
116.766
119.343
121.919
124.494
127.066
129.635
132.202
134.764
137.323
139.877
142.425
144.968
147.504
150.032
152.553
155.066
157.57
160.064
162.549
165.024
167.488
169.942
172.386
174.819
177.243
179.658
182.065
184.466
186.861
189.253
191.642
194.031
196.419
198.806
101.301
103.904
106.506
109.109
111.71
114.311
116.91
119.507
122.101
124.693
127.281
129.865
132.445
135.02
137.589
140.152
142.708
145.256
147.797
150.328
152.851
155.363
157.865
160.356
162.836
165.305
167.761
170.205
172.637
175.058
177.466
179.864
182.252
184.632
187.005
189.372
191.736
194.098
196.459
198.819
101.314
103.942
106.57
109.197
111.822
114.446
117.067
119.685
122.3
124.91
127.515
130.116
132.71
135.297
137.877
140.449
143.013
145.567
148.112
150.646
153.17
155.682
158.181
160.669
163.144
165.605
168.053
170.487
172.907
175.313
177.706
180.086
182.454
184.811
187.159
189.501
191.837
194.17
196.503
198.834
101.328
103.983
106.639
109.293
111.944
114.593
117.239
119.88
122.516
125.146
127.77
130.387
132.996
135.597
138.189
140.771
143.342
145.903
148.452
150.989
153.513
156.024
158.521
161.004
163.473
165.926
168.365
170.787
173.194
175.586
177.961
180.322
182.669
185.003
187.326
189.64
191.947
194.249
196.551
198.85
101.343
104.029
106.714
109.398
112.078
114.754
117.426
120.092
122.751
125.403
128.047
130.682
133.307
135.922
138.526
141.118
143.698
146.265
148.818
151.358
153.882
156.392
158.887
161.365
163.827
166.271
168.699
171.109
173.502
175.877
178.235
180.575
182.9
185.209
187.505
189.79
192.065
194.335
196.602
198.867
101.36
104.079
106.797
109.513
112.224
114.93
117.631
120.323
123.008
125.683
128.348
131.003
133.645
136.275
138.892
141.494
144.083
146.656
149.214
151.756
154.282
156.79
159.281
161.754
164.208
166.643
169.059
171.456
173.833
176.19
178.528
180.847
183.147
185.43
187.697
189.951
192.193
194.427
196.658
198.885
101.378
104.134
106.888
109.639
112.384
115.123
117.854
120.576
123.288
125.989
128.677
131.352
134.012
136.658
139.289
141.903
144.501
147.081
149.644
152.189
154.715
157.221
159.708
162.175
164.62
167.045
169.449
171.83
174.19
176.528
178.844
181.138
183.413
185.667
187.904
190.124
192.331
194.527
196.719
198.905
101.398
104.194
106.988
109.777
112.56
115.334
118.1
120.854
123.595
126.323
129.035
131.733
134.413
137.076
139.721
142.348
144.955
147.543
150.111
152.659
155.185
157.689
160.172
162.632
165.069
167.482
169.871
172.236
174.577
176.894
179.186
181.454
183.699
185.923
188.126
190.311
192.479
194.635
196.784
198.927
101.421
104.261
107.098
109.929
112.753
115.567
118.369
121.157
123.931
126.688
129.428
132.149
134.851
137.532
140.193
142.833
145.451
148.047
150.62
153.17
155.697
158.199
160.677
163.129
165.556
167.957
170.331
172.678
174.998
177.291
179.557
181.797
184.011
186.2
188.367
190.513
192.641
194.752
196.856
198.951
101.445
104.334
107.219
110.097
112.966
115.822
118.665
121.491
124.3
127.089
129.858
132.605
135.329
138.031
140.709
143.363
145.992
148.596
151.175
153.729
156.255
158.755
161.228
163.672
166.088
168.475
170.833
173.16
175.458
177.725
179.963
182.171
184.35
186.502
188.629
190.733
192.816
194.88
196.933
198.976
101.472
104.415
107.353
110.282
113.2
116.104
118.991
121.859
124.705
127.529
130.329
133.105
135.854
138.577
141.273
143.942
146.583
149.197
151.782
154.338
156.865
159.363
161.829
164.265
166.669
169.042
171.381
173.687
175.961
178.2
180.407
182.58
184.722
186.833
188.916
190.973
193.006
195.019
197.019
199.004
101.502
104.505
107.501
110.488
113.46
116.416
119.351
122.264
125.152
128.014
130.848
133.653
136.429
139.175
141.891
144.576
147.23
149.853
152.444
155.004
157.532
160.026
162.487
164.913
167.305
169.661
171.981
174.264
176.511
178.721
180.893
183.029
185.13
187.196
189.23
191.236
193.215
195.172
197.112
199.035
101.536
104.605
107.666
110.715
113.748
116.76
119.749
122.711
125.645
128.548
131.418
134.256
137.061
139.831
142.568
145.27
147.937
150.571
153.169
155.732
158.26
160.751
163.205
165.622
168
170.339
172.638
174.897
177.115
179.292
181.428
183.523
185.578
187.596
189.577
191.526
193.445
195.339
197.215
199.07
101.573
104.716
107.849
110.968
114.068
117.143
120.19
123.206
126.189
129.136
132.047
134.919
137.754
140.551
143.309
146.03
148.712
151.355
153.961
156.527
159.055
161.543
163.99
166.396
168.76
171.081
173.358
175.59
177.778
179.92
182.016
184.067
186.073
188.037
189.96
191.846
193.7
195.525
197.329
199.107
101.614
104.84
108.054
111.251
114.424
117.568
120.68
123.755
126.791
129.786
132.739
135.649
138.516
141.34
144.122
146.861
149.558
152.213
154.826
157.396
159.923
162.408
164.847
167.242
169.591
171.893
174.146
176.351
178.506
180.61
182.664
184.667
186.62
188.525
190.385
192.202
193.982
195.731
197.455
199.15
101.661
104.979
108.283
111.566
114.821
118.042
121.223
124.362
127.456
130.502
133.501
136.451
139.352
142.206
145.012
147.771
150.483
153.149
155.77
158.343
160.871
163.351
165.783
168.166
170.499
172.781
175.01
177.185
179.305
181.37
183.378
185.33
187.226
189.067
190.856
192.598
194.297
195.96
197.596
199.196
101.713
105.135
108.54
111.92
115.265
118.57
121.828
125.037
128.193
131.294
134.341
137.333
140.27
143.154
145.985
148.765
151.493
154.171
156.799
159.376
161.903
164.379
166.803
169.174
171.49
173.751
175.954
178.099
180.183
182.205
184.165
186.062
187.896
189.668
191.381
193.04
194.649
196.217
197.753
199.249
101.773
105.311
108.83
112.318
115.764
119.161
122.503
125.786
129.008
132.168
135.266
138.302
141.277
144.192
147.049
149.849
152.594
155.283
157.919
160.5
163.026
165.498
167.913
170.272
172.571
174.81
176.987
179.1
181.146
183.125
185.034
186.872
188.64
190.338
191.968
193.534
195.044
196.506
197.93
199.308
101.84
105.512
109.159
112.767
116.325
119.823
123.256
126.62
129.913
133.134
136.284
139.365
142.379
145.326
148.21
151.031
153.792
156.493
159.136
161.72
164.246
166.713
169.12
171.466
173.748
175.966
178.116
180.196
182.204
184.136
185.992
187.77
189.467
191.085
192.624
194.09
195.49
196.833
198.13
199.375
101.917
105.741
109.533
113.277
116.959
120.568
124.098
127.548
130.915
134.2
137.405
140.532
143.584
146.564
149.474
152.316
155.093
157.806
160.456
163.044
165.569
168.031
170.429
172.762
175.028
177.223
179.346
181.394
183.363
185.249
187.051
188.764
190.387
191.92
193.362
194.718
195.995
197.204
198.357
199.452
102.007
106.005
109.964
113.86
117.678
121.407
125.043
128.582
132.026
135.376
138.636
141.81
144.901
147.912
150.848
153.711
156.503
159.227
161.884
164.475
167
169.457
171.847
174.168
176.416
178.591
180.687
182.702
184.632
186.472
188.219
189.867
191.414
192.857
194.195
195.431
196.571
197.63
198.617
199.541
102.111
106.314
110.464
114.532
118.5
122.358
126.103
129.735
133.257
136.673
139.988
143.207
146.335
149.378
152.338
155.221
158.028
160.763
163.427
166.02
168.544
170.997
173.379
175.688
177.92
180.074
182.145
184.129
186.021
187.816
189.508
191.091
192.56
193.91
195.139
196.246
197.236
198.123
198.921
199.646
102.237
106.681
111.052
115.313
119.444
123.439
127.297
131.023
134.621
138.101
141.469
144.731
147.895
150.967
153.95
156.851
159.673
162.417
165.087
167.683
170.206
172.655
175.03
177.327
179.545
181.68
183.728
185.683
187.539
189.291
190.931
192.451
193.843
195.099
196.214
197.184
198.009
198.704
199.281
199.774
102.391
107.128
111.756
116.231
120.536
124.672
128.643
132.459
136.132
139.672
143.088
146.39
149.587
152.685
155.69
158.607
161.441
164.194
166.87
169.468
171.991
174.437
176.804
179.092
181.297
183.416
185.442
187.371
189.196
190.909
192.501
193.962
195.281
196.446
197.447
198.273
198.92
199.4
199.718
199.929
102.589
107.692
112.618
117.325
121.809
126.083
130.161
134.062
137.802
141.395
144.855
148.192
151.417
154.538
157.561
160.493
163.337
166.099
168.779
171.38
173.902
176.345
178.708
180.988
183.183
185.287
187.296
189.204
191.002
192.682
194.233
195.642
196.896
197.978
198.87
199.554
200.014
200.253
200.258
200.123
102.863
108.436
113.699
118.644
123.3
127.7
131.873
135.847
139.643
143.281
146.776
150.143
153.391
156.53
159.569
162.513
165.367
168.135
170.819
173.423
175.946
178.387
180.746
183.021
185.208
187.302
189.298
191.189
192.966
194.62
196.139
197.508
198.709
199.723
200.522
201.078
201.355
201.334
200.96
200.383
103.323
109.478
115.077
120.243
125.049
129.553
133.801
137.83
141.669
145.34
148.862
152.25
155.516
158.67
161.72
164.673
167.535
170.308
172.997
175.603
178.127
180.568
182.926
185.197
187.379
189.467
191.454
193.335
195.099
196.736
198.233
199.574
200.739
201.704
202.437
202.899
203.027
202.766
201.969
200.821
104.171
111.064
116.939
122.255
127.153
131.715
136.002
140.06
143.921
147.61
151.147
154.546
157.822
160.983
164.04
166.998
169.863
172.64
175.331
177.939
180.463
182.904
185.261
187.531
189.71
191.794
193.777
195.652
197.409
199.037
200.522
201.847
202.992
203.93
204.625
205.035
205.081
204.684
203.596
201.869
)
;

boundaryField
{
    carasuperior
    {
        type            fixedGradient;
        gradient        uniform 100;
    }
    lateralizquierda
    {
        type            fixedValue;
        value           uniform 100;
    }
    lateralderecha
    {
        type            fixedValue;
        value           uniform 200;
    }
    carainferior
    {
        type            zeroGradient;
    }
    frontAndBack
    {
        type            empty;
    }
}


// ************************************************************************* //
