/*--------------------------------*- C++ -*----------------------------------*\
| =========                 |                                                 |
| \\      /  F ield         | OpenFOAM: The Open Source CFD Toolbox           |
|  \\    /   O peration     | Version:  2.4.0                                 |
|   \\  /    A nd           | Web:      www.OpenFOAM.org                      |
|    \\/     M anipulation  |                                                 |
\*---------------------------------------------------------------------------*/
FoamFile
{
    version     2.0;
    format      ascii;
    class       volScalarField;
    location    "0.79";
    object      T;
}
// * * * * * * * * * * * * * * * * * * * * * * * * * * * * * * * * * * * * * //

dimensions      [0 0 0 1 0 0 0];

internalField   nonuniform List<scalar> 
1600
(
101.411
104.232
107.05
109.864
112.672
115.472
118.262
121.04
123.806
126.557
129.291
132.007
134.704
137.38
140.034
142.665
145.271
147.853
150.408
152.938
155.441
157.917
160.367
162.791
165.188
167.561
169.91
172.236
174.54
176.823
179.088
181.336
183.568
185.787
187.994
190.191
192.379
194.561
196.738
198.913
101.412
104.234
107.055
109.87
112.68
115.482
118.273
121.054
123.821
126.573
129.309
132.027
134.725
137.402
140.057
142.689
145.296
147.878
150.435
152.964
155.467
157.944
160.393
162.816
165.213
167.585
169.933
172.257
174.56
176.842
179.106
181.352
183.582
185.799
188.004
190.199
192.386
194.566
196.741
198.914
101.414
104.24
107.063
109.883
112.696
115.501
118.296
121.08
123.851
126.606
129.345
132.065
134.766
137.446
140.103
142.736
145.345
147.929
150.486
153.016
155.52
157.996
160.445
162.867
165.263
167.633
169.979
172.301
174.601
176.881
179.141
181.384
183.611
185.824
188.025
190.217
192.399
194.576
196.747
198.916
101.416
104.248
107.077
109.901
112.72
115.53
118.33
121.119
123.894
126.654
129.397
132.122
134.827
137.51
140.17
142.806
145.418
148.003
150.562
153.093
155.597
158.073
160.521
162.942
165.336
167.704
170.047
172.366
174.663
176.938
179.194
181.432
183.654
185.862
188.057
190.243
192.42
194.59
196.756
198.919
101.42
104.258
107.094
109.926
112.751
115.568
118.375
121.171
123.952
126.718
129.467
132.197
134.906
137.594
140.258
142.898
145.513
148.101
150.661
153.194
155.698
158.174
160.622
163.041
165.433
167.799
170.138
172.453
174.744
177.014
179.264
181.495
183.711
185.911
188.1
190.278
192.447
194.61
196.768
198.923
101.424
104.271
107.116
109.956
112.79
115.616
118.431
121.234
124.023
126.797
129.553
132.289
135.005
137.698
140.367
143.012
145.63
148.221
150.784
153.318
155.823
158.3
160.746
163.164
165.554
167.916
170.251
172.561
174.846
177.109
179.352
181.575
183.782
185.974
188.153
190.322
192.481
194.634
196.782
198.928
101.429
104.287
107.142
109.993
112.837
115.672
118.498
121.31
124.108
126.89
129.654
132.399
135.121
137.821
140.497
143.146
145.769
148.363
150.929
153.466
155.972
158.448
160.894
163.31
165.697
168.055
170.385
172.689
174.968
177.223
179.457
181.671
183.868
186.049
188.217
190.374
192.523
194.664
196.8
198.934
101.435
104.305
107.173
110.035
112.891
115.738
118.574
121.398
124.207
126.999
129.772
132.525
135.256
137.964
140.646
143.301
145.929
148.528
151.097
153.636
156.143
158.62
161.065
163.479
165.863
168.216
170.541
172.838
175.109
177.356
179.58
181.783
183.968
186.137
188.292
190.436
192.571
194.698
196.821
198.941
101.442
104.326
107.207
110.083
112.953
115.813
118.662
121.498
124.318
127.122
129.906
132.669
135.409
138.125
140.814
143.477
146.11
148.714
151.287
153.828
156.337
158.814
161.258
163.67
166.05
168.399
170.718
173.008
175.27
177.507
179.719
181.911
184.083
186.238
188.378
190.507
192.626
194.738
196.845
198.949
101.45
104.349
107.246
110.138
113.022
115.897
118.76
121.61
124.444
127.259
130.055
132.829
135.58
138.305
141.003
143.672
146.312
148.921
151.497
154.041
156.552
159.029
161.472
163.882
166.259
168.603
170.915
173.197
175.45
177.676
179.876
182.054
184.212
186.351
188.475
190.587
192.689
194.783
196.872
198.958
101.459
104.375
107.289
110.198
113.099
115.99
118.869
121.734
124.582
127.412
130.221
133.007
135.768
138.503
141.21
143.888
146.534
149.148
151.729
154.276
156.788
159.266
161.708
164.115
166.488
168.826
171.132
173.405
175.648
177.863
180.05
182.213
184.355
186.477
188.584
190.677
192.759
194.833
196.902
198.968
101.469
104.404
107.337
110.265
113.184
116.093
118.99
121.871
124.735
127.58
130.403
133.202
135.975
138.721
141.437
144.123
146.776
149.396
151.981
154.531
157.045
159.523
161.964
164.368
166.737
169.07
171.368
173.632
175.865
178.067
180.241
182.388
184.513
186.617
188.703
190.775
192.836
194.889
196.936
198.979
101.479
104.436
107.39
110.338
113.278
116.207
119.122
122.021
124.903
127.763
130.601
133.414
136.2
138.957
141.684
144.378
147.039
149.664
152.254
154.807
157.322
159.8
162.239
164.641
167.005
169.332
171.622
173.878
176.099
178.288
180.447
182.579
184.685
186.769
188.834
190.884
192.921
194.95
196.972
198.991
101.491
104.471
107.448
110.418
113.38
116.33
119.266
122.185
125.085
127.963
130.818
133.645
136.445
139.214
141.951
144.655
147.323
149.954
152.548
155.104
157.621
160.098
162.536
164.934
167.293
169.614
171.896
174.141
176.351
178.527
180.671
182.785
184.871
186.934
188.977
191.002
193.014
195.017
197.013
199.004
101.504
104.509
107.511
110.506
113.492
116.465
119.424
122.364
125.284
128.181
131.053
133.896
136.71
139.492
142.24
144.953
147.629
150.267
152.865
155.424
157.941
160.418
162.854
165.248
167.602
169.915
172.189
174.424
176.621
178.783
180.91
183.006
185.073
187.113
189.131
191.131
193.115
195.089
197.057
199.019
101.517
104.55
107.58
110.602
113.614
116.613
119.595
122.559
125.5
128.418
131.308
134.168
136.997
139.793
142.553
145.275
147.959
150.603
153.206
155.767
158.286
160.762
163.195
165.586
167.933
170.239
172.503
174.726
176.91
179.056
181.167
183.243
185.288
187.306
189.298
191.27
193.225
195.168
197.104
199.035
101.533
104.596
107.656
110.707
113.748
116.774
119.783
122.771
125.736
128.675
131.585
134.463
137.309
140.118
142.891
145.624
148.316
150.966
153.574
156.138
158.658
161.133
163.563
165.949
168.29
170.587
172.84
175.051
177.22
179.35
181.442
183.498
185.52
187.512
189.478
191.42
193.343
195.254
197.156
199.052
101.549
104.646
107.738
110.822
113.894
116.95
119.987
123.002
125.992
128.954
131.886
134.784
137.646
140.471
143.257
146.001
148.702
151.36
153.972
156.539
159.06
161.534
163.961
166.341
168.675
170.962
173.204
175.401
177.555
179.666
181.738
183.771
185.769
187.735
189.671
191.582
193.472
195.346
197.212
199.07
101.568
104.701
107.829
110.948
114.053
117.142
120.21
123.255
126.272
129.259
132.214
135.133
138.014
140.855
143.654
146.41
149.121
151.786
154.404
156.974
159.495
161.968
164.391
166.766
169.091
171.368
173.597
175.78
177.916
180.008
182.057
184.066
186.038
187.974
189.879
191.757
193.611
195.447
197.273
199.09
101.588
104.761
107.928
111.085
114.228
117.352
120.455
123.531
126.578
129.592
132.572
135.513
138.414
141.272
144.087
146.855
149.576
152.249
154.873
157.446
159.968
162.439
164.859
167.227
169.544
171.81
174.025
176.191
178.308
180.379
182.404
184.386
186.328
188.233
190.104
191.946
193.761
195.556
197.339
199.112
101.61
104.827
108.038
111.237
114.42
117.584
120.723
123.834
126.913
129.957
132.963
135.928
138.851
141.728
144.559
147.34
150.073
152.754
155.383
157.96
160.483
162.953
165.368
167.73
170.037
172.29
174.491
176.639
178.735
180.782
182.781
184.734
186.644
188.514
190.348
192.15
193.924
195.674
197.411
199.136
101.634
104.9
108.158
111.404
114.632
117.838
121.018
124.166
127.28
130.356
133.391
136.383
139.329
142.226
145.074
147.87
150.614
153.305
155.94
158.521
161.045
163.513
165.924
168.278
170.574
172.815
174.999
177.127
179.201
181.223
183.193
185.114
186.989
188.821
190.614
192.373
194.101
195.804
197.49
199.162
101.661
104.981
108.292
111.589
114.866
118.119
121.342
124.532
127.684
130.795
133.862
136.882
139.852
142.771
145.638
148.45
151.206
153.906
156.549
159.133
161.658
164.124
166.53
168.876
171.162
173.387
175.554
177.661
179.711
181.705
183.643
185.53
187.366
189.157
190.905
192.616
194.295
195.945
197.576
199.191
101.691
105.07
108.44
111.793
115.125
118.429
121.701
124.936
128.129
131.278
134.379
137.429
140.426
143.369
146.255
149.084
151.854
154.564
157.214
159.802
162.328
164.792
167.192
169.53
171.803
174.014
176.161
178.246
180.269
182.233
184.137
185.986
187.78
189.525
191.225
192.884
194.507
196.1
197.671
199.222
101.724
105.169
108.604
112.02
115.411
118.773
122.098
125.382
128.62
131.81
134.948
138.03
141.056
144.024
146.931
149.778
152.562
155.283
157.94
160.533
163.06
165.521
167.916
170.244
172.505
174.699
176.826
178.886
180.881
182.812
184.68
186.487
188.236
189.931
191.577
193.178
194.74
196.27
197.776
199.257
101.761
105.28
108.786
112.272
115.73
119.154
122.537
125.875
129.163
132.397
135.574
138.692
141.749
144.743
147.673
150.538
153.337
156.069
158.734
161.331
163.859
166.318
168.706
171.025
173.272
175.448
177.553
179.588
181.553
183.448
185.276
187.039
188.739
190.38
191.966
193.503
194.999
196.458
197.891
199.295
101.803
105.404
108.99
112.553
116.085
119.577
123.025
126.421
129.762
133.044
136.264
139.419
142.509
145.531
148.485
151.369
154.184
156.928
159.601
162.202
164.731
167.187
169.569
171.877
174.11
176.267
178.35
180.357
182.289
184.147
185.933
187.648
189.294
190.875
192.397
193.864
195.285
196.667
198.019
199.338
101.849
105.542
109.218
112.868
116.481
120.049
123.567
127.027
130.425
133.759
137.024
140.22
143.344
146.395
149.374
152.278
155.109
157.866
160.547
163.153
165.682
168.135
170.51
172.807
175.025
177.163
179.221
181.2
183.098
184.916
186.656
188.319
189.907
191.424
192.875
194.266
195.604
196.899
198.162
199.385
101.902
105.698
109.475
113.22
116.924
120.576
124.17
127.699
131.16
134.548
137.862
141.1
144.26
147.342
150.346
153.272
156.119
158.888
161.578
164.188
166.718
169.168
171.536
173.821
176.023
178.141
180.175
182.122
183.985
185.761
187.453
189.06
190.586
192.034
193.407
194.714
195.961
197.159
198.321
199.438
101.961
105.874
109.764
113.617
117.421
121.165
124.842
128.447
131.974
135.42
138.785
142.066
145.264
148.378
151.409
154.356
157.221
160.002
162.7
165.314
167.845
170.291
172.651
174.925
177.111
179.209
181.216
183.133
184.957
186.69
188.331
189.88
191.339
192.712
194.001
195.215
196.361
197.452
198.5
199.498
102.028
106.074
110.092
114.065
117.98
121.826
125.594
129.278
132.876
136.384
139.801
143.128
146.365
149.511
152.569
155.538
158.419
161.212
163.919
166.538
169.068
171.511
173.864
176.125
178.295
180.372
182.353
184.237
186.024
187.712
189.299
190.787
192.176
193.467
194.666
195.778
196.812
197.783
198.702
199.566
102.105
106.303
110.466
114.574
118.613
122.569
126.434
130.204
133.875
137.447
140.919
144.293
147.568
150.747
153.831
156.822
159.72
162.526
165.24
167.863
170.394
172.833
175.178
177.428
179.582
181.637
183.592
185.445
187.193
188.834
190.367
191.791
193.106
194.311
195.412
196.412
197.323
198.158
198.931
199.644
102.194
106.566
110.896
115.156
119.331
123.407
127.376
131.236
134.984
138.621
142.148
145.568
148.882
152.094
155.204
158.216
161.13
163.948
166.67
169.297
171.828
174.263
176.601
178.839
180.977
183.012
184.941
186.762
188.472
190.067
191.545
192.904
194.142
195.257
196.253
197.133
197.906
198.588
199.195
199.734
102.299
106.875
111.395
115.827
120.151
124.356
128.435
132.387
136.212
139.915
143.497
146.962
150.314
153.557
156.693
159.725
162.654
165.483
168.213
170.844
173.375
175.807
178.137
180.365
182.488
184.503
186.407
188.198
189.87
191.421
192.845
194.139
195.298
196.32
197.205
197.955
198.576
199.086
199.501
199.84
102.424
107.241
111.982
116.606
121.093
125.434
129.626
133.671
137.574
141.34
144.974
148.483
151.871
155.143
158.303
161.354
164.298
167.138
169.874
172.508
175.04
177.468
179.792
182.01
184.119
186.116
187.998
189.76
191.398
192.906
194.278
195.509
196.591
197.519
198.29
198.901
199.356
199.673
199.864
199.968
102.578
107.687
112.685
117.522
122.183
126.664
130.968
135.104
139.081
142.907
146.59
150.139
153.56
156.859
160.04
163.108
166.065
168.914
171.657
174.295
176.827
179.252
181.571
183.78
185.877
187.858
189.72
191.457
193.064
194.533
195.858
197.03
198.039
198.876
199.532
199.999
200.275
200.374
200.304
200.125
102.776
108.25
113.545
118.614
123.453
128.071
132.483
136.703
140.746
144.626
148.353
151.937
155.386
158.708
161.908
164.991
167.96
170.818
173.567
176.207
178.74
181.164
183.478
185.68
187.767
189.735
191.581
193.297
194.878
196.315
197.599
198.72
199.664
200.418
200.964
201.288
201.375
201.232
200.848
200.32
103.049
108.993
114.624
119.93
124.941
129.685
134.191
138.483
142.583
146.507
150.27
153.883
157.356
160.698
163.913
167.009
169.987
172.853
175.607
178.25
180.784
183.208
185.519
187.716
189.797
191.756
193.588
195.289
196.849
198.262
199.514
200.595
201.486
202.171
202.625
202.82
202.724
202.319
201.554
200.581
103.509
110.033
115.998
121.526
126.685
131.533
136.113
140.461
144.603
148.561
152.351
155.987
159.478
162.834
166.062
169.167
172.154
175.025
177.784
180.431
182.966
185.39
187.701
189.896
191.972
193.925
195.75
197.44
198.988
200.384
201.615
202.668
203.523
204.16
204.547
204.648
204.402
203.756
202.566
201.02
104.356
111.618
117.858
123.534
128.785
133.691
138.31
142.687
146.852
150.828
154.632
158.279
161.781
165.145
168.379
171.49
174.481
177.356
180.118
182.767
185.303
187.727
190.037
192.231
194.305
196.255
198.076
199.761
201.302
202.689
203.908
204.946
205.781
206.391
206.741
206.789
206.461
205.678
204.196
202.07
)
;

boundaryField
{
    carasuperior
    {
        type            fixedGradient;
        gradient        uniform 100;
    }
    lateralizquierda
    {
        type            fixedValue;
        value           uniform 100;
    }
    lateralderecha
    {
        type            fixedValue;
        value           uniform 200;
    }
    carainferior
    {
        type            zeroGradient;
    }
    frontAndBack
    {
        type            empty;
    }
}


// ************************************************************************* //
