/*--------------------------------*- C++ -*----------------------------------*\
| =========                 |                                                 |
| \\      /  F ield         | OpenFOAM: The Open Source CFD Toolbox           |
|  \\    /   O peration     | Version:  2.4.0                                 |
|   \\  /    A nd           | Web:      www.OpenFOAM.org                      |
|    \\/     M anipulation  |                                                 |
\*---------------------------------------------------------------------------*/
FoamFile
{
    version     2.0;
    format      ascii;
    class       volScalarField;
    location    "1.025";
    object      T;
}
// * * * * * * * * * * * * * * * * * * * * * * * * * * * * * * * * * * * * * //

dimensions      [0 0 0 1 0 0 0];

internalField   nonuniform List<scalar> 
1600
(
101.414
104.24
107.064
109.884
112.697
115.502
118.297
121.081
123.851
126.606
129.344
132.064
134.764
137.443
140.099
142.732
145.341
147.923
150.48
153.01
155.513
157.989
160.437
162.86
165.256
167.626
169.972
172.295
174.596
176.876
179.137
181.38
183.608
185.822
188.024
190.215
192.398
194.575
196.747
198.916
101.415
104.243
107.069
109.89
112.705
115.512
118.309
121.094
123.866
126.622
129.362
132.084
134.785
137.465
140.123
142.757
145.366
147.949
150.506
153.036
155.539
158.015
160.463
162.885
165.28
167.65
169.995
172.317
174.616
176.895
179.154
181.396
183.622
185.834
188.034
190.224
192.405
194.58
196.75
198.917
101.416
104.248
107.078
109.902
112.721
115.531
118.332
121.12
123.895
126.655
129.398
132.122
134.826
137.509
140.168
142.804
145.415
147.999
150.557
153.088
155.591
158.067
160.515
162.936
165.33
167.698
170.041
172.361
174.657
176.933
179.189
181.428
183.651
185.859
188.055
190.241
192.419
194.59
196.755
198.919
101.419
104.256
107.091
109.921
112.745
115.56
118.366
121.159
123.939
126.703
129.451
132.179
134.887
137.573
140.236
142.874
145.487
148.074
150.633
153.165
155.668
158.144
160.591
163.011
165.403
167.769
170.11
172.426
174.719
176.99
179.242
181.476
183.693
185.896
188.087
190.267
192.439
194.604
196.764
198.922
101.423
104.267
107.108
109.946
112.776
115.599
118.411
121.211
123.997
126.767
129.52
132.253
134.966
137.657
140.324
142.966
145.582
148.171
150.732
153.266
155.77
158.245
160.692
163.11
165.501
167.864
170.2
172.512
174.8
177.067
179.312
181.54
183.75
185.946
188.13
190.302
192.466
194.624
196.776
198.926
101.427
104.28
107.13
109.976
112.815
115.646
118.467
121.275
124.068
126.846
129.606
132.346
135.065
137.761
140.433
143.079
145.699
148.291
150.855
153.39
155.895
158.371
160.817
163.233
165.621
167.981
170.313
172.62
174.902
177.162
179.4
181.619
183.822
186.009
188.183
190.346
192.501
194.648
196.791
198.931
101.432
104.295
107.156
110.013
112.862
115.703
118.533
121.35
124.153
126.939
129.707
132.455
135.181
137.884
140.562
143.214
145.838
148.434
151.001
153.537
156.044
158.519
160.965
163.379
165.764
168.12
170.448
172.748
175.024
177.276
179.505
181.715
183.907
186.084
188.247
190.399
192.542
194.678
196.809
198.937
101.438
104.314
107.187
110.055
112.916
115.768
118.61
121.438
124.252
127.048
129.825
132.582
135.316
138.027
140.711
143.369
145.998
148.599
151.168
153.708
156.215
158.691
161.135
163.548
165.93
168.281
170.603
172.898
175.165
177.408
179.628
181.827
184.008
186.172
188.322
190.461
192.59
194.712
196.829
198.943
101.445
104.334
107.221
110.103
112.978
115.843
118.697
121.538
124.363
127.171
129.959
132.726
135.469
138.188
140.88
143.544
146.18
148.784
151.358
153.9
156.409
158.885
161.328
163.739
166.117
168.464
170.78
173.067
175.326
177.559
179.768
181.955
184.122
186.272
188.408
190.532
192.646
194.752
196.853
198.951
101.453
104.358
107.26
110.157
113.047
115.927
118.796
121.65
124.488
127.309
130.108
132.886
135.64
138.368
141.068
143.74
146.381
148.991
151.569
154.113
156.624
159.1
161.543
163.951
166.326
168.668
170.977
173.256
175.506
177.728
179.925
182.098
184.251
186.386
188.505
190.612
192.708
194.797
196.88
198.96
101.462
104.384
107.303
110.218
113.124
116.021
118.905
121.775
124.627
127.461
130.274
133.064
135.828
138.566
141.276
143.955
146.603
149.219
151.8
154.348
156.86
159.337
161.778
164.184
166.555
168.891
171.194
173.465
175.704
177.915
180.098
182.257
184.394
186.512
188.613
190.701
192.778
194.847
196.911
198.97
101.471
104.413
107.351
110.284
113.209
116.124
119.025
121.912
124.78
127.629
130.456
133.259
136.035
138.784
141.503
144.19
146.845
149.467
152.053
154.603
157.117
159.594
162.034
164.437
166.804
169.134
171.43
173.692
175.921
178.119
180.289
182.432
184.552
186.651
188.733
190.8
192.856
194.903
196.944
198.982
101.482
104.444
107.404
110.358
113.303
116.237
119.157
122.062
124.948
127.813
130.655
133.471
136.26
139.021
141.75
144.446
147.108
149.735
152.326
154.879
157.394
159.871
162.31
164.71
167.072
169.397
171.685
173.937
176.155
178.341
180.496
182.623
184.724
186.804
188.864
190.908
192.941
194.964
196.981
198.994
101.494
104.479
107.462
110.438
113.405
116.361
119.302
122.226
125.13
128.013
130.871
133.702
136.505
139.277
142.017
144.722
147.392
150.025
152.62
155.176
157.693
160.169
162.606
165.003
167.36
169.678
171.958
174.201
176.407
178.579
180.719
182.828
184.911
186.969
189.006
191.027
193.033
195.03
197.021
199.007
101.506
104.517
107.525
110.526
113.517
116.496
119.459
122.405
125.329
128.23
131.106
133.953
136.77
139.555
142.306
145.021
147.698
150.337
152.937
155.495
158.013
160.489
162.924
165.317
167.669
169.98
172.251
174.483
176.677
178.835
180.958
183.05
185.112
187.148
189.161
191.155
193.134
195.103
197.065
199.022
101.52
104.559
107.594
110.622
113.639
116.643
119.631
122.599
125.545
128.467
131.361
134.225
137.058
139.856
142.618
145.343
148.029
150.674
153.278
155.839
158.358
160.834
163.266
165.655
168
170.304
172.565
174.785
176.966
179.109
181.215
183.287
185.328
187.34
189.328
191.294
193.244
195.182
197.113
199.037
101.536
104.605
107.67
110.727
113.773
116.804
119.818
122.811
125.781
128.724
131.638
134.52
137.369
140.181
142.956
145.691
148.385
151.037
153.646
156.21
158.73
161.204
163.634
166.018
168.357
170.651
172.902
175.11
177.276
179.402
181.49
183.542
185.56
187.547
189.507
191.444
193.363
195.267
197.164
199.055
101.552
104.655
107.752
110.842
113.919
116.98
120.022
123.042
126.037
129.004
131.939
134.841
137.707
140.534
143.322
146.068
148.771
151.43
154.044
156.611
159.132
161.605
164.031
166.41
168.742
171.027
173.266
175.46
177.611
179.719
181.786
183.815
185.809
187.769
189.701
191.606
193.491
195.36
197.22
199.073
101.571
104.709
107.843
110.967
114.078
117.172
120.246
123.295
126.317
129.308
132.267
135.189
138.074
140.918
143.72
146.478
149.19
151.856
154.475
157.045
159.567
162.039
164.462
166.835
169.158
171.433
173.66
175.839
177.972
180.06
182.106
184.11
186.077
188.009
189.909
191.781
193.63
195.461
197.281
199.093
101.591
104.769
107.942
111.105
114.253
117.383
120.49
123.571
126.623
129.641
132.625
135.57
138.474
141.336
144.152
146.923
149.646
152.32
154.944
157.518
160.04
162.511
164.929
167.296
169.611
171.875
174.087
176.25
178.364
180.431
182.452
184.43
186.368
188.268
190.134
191.97
193.78
195.57
197.347
199.115
101.613
104.836
108.052
111.257
114.446
117.614
120.758
123.874
126.957
130.006
133.016
135.985
138.911
141.791
144.624
147.408
150.142
152.825
155.455
158.032
160.555
163.024
165.439
167.799
170.104
172.355
174.553
176.698
178.791
180.835
182.829
184.778
186.684
188.549
190.378
192.175
193.943
195.688
197.419
199.139
101.637
104.909
108.173
111.424
114.657
117.869
121.053
124.206
127.325
130.405
133.445
136.44
139.389
142.289
145.14
147.938
150.684
153.375
156.012
158.593
161.117
163.584
165.994
168.347
170.642
172.88
175.061
177.187
179.258
181.275
183.241
185.158
187.028
188.856
190.644
192.398
194.12
195.818
197.498
199.165
101.664
104.989
108.306
111.608
114.891
118.149
121.378
124.572
127.729
130.844
133.915
136.938
139.912
142.834
145.703
148.518
151.276
153.977
156.621
159.205
161.73
164.196
166.601
168.945
171.229
173.453
175.616
177.721
179.767
181.757
183.692
185.574
187.406
189.191
190.935
192.641
194.314
195.959
197.585
199.194
101.694
105.079
108.454
111.813
115.15
118.459
121.736
124.976
128.174
131.327
134.432
137.486
140.486
143.432
146.321
149.151
151.923
154.635
157.285
159.874
162.4
164.864
167.263
169.599
171.871
174.079
176.224
178.306
180.326
182.285
184.186
186.03
187.82
189.56
191.255
192.908
194.526
196.114
197.679
199.225
101.727
105.178
108.618
112.039
115.436
118.803
122.133
125.422
128.665
131.859
135.001
138.087
141.117
144.087
146.997
149.846
152.631
155.354
158.012
160.605
163.132
165.593
167.987
170.313
172.573
174.764
176.889
178.946
180.938
182.865
184.729
186.532
188.276
189.966
191.607
193.203
194.76
196.284
197.784
199.26
101.764
105.289
108.8
112.292
115.755
119.184
122.572
125.915
129.207
132.446
135.627
138.749
141.809
144.806
147.738
150.605
153.406
156.14
158.806
161.403
163.931
166.39
168.777
171.094
173.34
175.514
177.616
179.648
181.609
183.501
185.325
187.084
188.779
190.415
191.996
193.528
195.018
196.472
197.9
199.298
101.806
105.412
109.004
112.573
116.11
119.608
123.06
126.461
129.807
133.093
136.317
139.476
142.569
145.594
148.55
151.437
154.253
156.999
159.673
162.275
164.804
167.259
169.64
171.947
174.178
176.333
178.413
180.417
182.346
184.201
185.982
187.692
189.334
190.91
192.427
193.889
195.305
196.681
198.028
199.341
101.852
105.551
109.232
112.887
116.506
120.079
123.602
127.067
130.47
133.808
137.077
140.276
143.404
146.458
149.439
152.346
155.179
157.937
160.619
163.225
165.755
168.207
170.581
172.877
175.093
177.229
179.285
181.26
183.155
184.969
186.705
188.364
189.947
191.46
192.905
194.291
195.624
196.913
198.17
199.388
101.904
105.707
109.489
113.24
116.949
120.606
124.205
127.739
131.205
134.597
137.915
141.156
144.32
147.405
150.412
153.34
156.189
158.959
161.65
164.26
166.791
169.24
171.607
173.891
176.092
178.207
180.238
182.183
184.042
185.815
187.502
189.105
190.627
192.069
193.438
194.739
195.981
197.174
198.33
199.441
101.963
105.883
109.778
113.637
117.446
121.195
124.878
128.487
132.018
135.469
138.838
142.123
145.324
148.441
151.475
154.424
157.29
160.073
162.772
165.387
167.917
170.363
172.723
174.995
177.18
179.275
181.28
183.193
185.015
186.744
188.38
189.925
191.38
192.747
194.032
195.24
196.381
197.466
198.508
199.501
102.031
106.082
110.106
114.085
118.005
121.856
125.629
129.318
132.92
136.433
139.854
143.185
146.425
149.574
152.634
155.605
158.488
161.283
163.991
166.61
169.141
171.583
173.935
176.196
178.364
180.438
182.417
184.298
186.082
187.765
189.349
190.832
192.216
193.503
194.696
195.803
196.832
197.797
198.71
199.569
102.108
106.311
110.48
114.594
118.638
122.599
126.469
130.244
133.92
137.496
140.972
144.349
147.628
150.81
153.897
156.89
159.789
162.597
165.312
167.936
170.467
172.905
175.25
177.498
179.65
181.704
183.656
185.506
187.25
188.888
190.417
191.837
193.146
194.347
195.442
196.438
197.343
198.173
198.94
199.647
102.197
106.575
110.91
115.176
119.356
123.437
127.411
131.276
135.028
138.67
142.201
145.624
148.942
152.157
155.27
158.284
161.2
164.019
166.742
169.369
171.901
174.336
176.672
178.91
181.046
183.079
185.005
186.823
188.529
190.121
191.595
192.95
194.183
195.293
196.284
197.158
197.926
198.603
199.203
199.737
102.301
106.883
111.409
115.846
120.176
124.386
128.47
132.426
136.257
139.964
143.55
147.019
150.374
153.62
156.758
159.792
162.724
165.554
168.285
170.916
173.448
175.879
178.209
180.435
182.556
184.569
186.471
188.259
189.928
191.475
192.895
194.185
195.339
196.357
197.236
197.981
198.597
199.101
199.51
199.843
102.427
107.25
111.996
116.625
121.118
125.464
129.661
133.711
137.618
141.389
145.027
148.54
151.931
155.206
158.369
161.421
164.367
167.209
169.946
172.581
175.113
177.541
179.864
182.08
184.188
186.183
188.062
189.821
191.456
192.96
194.329
195.555
196.632
197.556
198.321
198.927
199.377
199.687
199.873
199.971
102.58
107.696
112.699
117.542
122.208
126.694
131.003
135.144
139.125
142.955
146.643
150.196
153.62
156.922
160.105
163.175
166.135
168.985
171.729
174.367
176.899
179.325
181.642
183.85
185.946
187.925
189.784
191.518
193.122
194.588
195.909
197.076
198.081
198.913
199.563
200.025
200.295
200.389
200.313
200.128
102.779
108.259
113.559
118.633
123.478
128.101
132.518
136.743
140.791
144.674
148.405
151.993
155.446
158.771
161.974
165.059
168.03
170.889
173.639
176.28
178.813
181.236
183.55
185.751
187.836
189.803
191.645
193.359
194.936
196.37
197.65
198.766
199.706
200.454
200.995
201.314
201.396
201.247
200.857
200.323
103.052
109.002
114.638
119.95
124.966
129.715
134.226
138.523
142.627
146.555
150.322
153.939
157.416
160.761
163.979
167.076
170.057
172.924
175.679
178.323
180.857
183.28
185.591
187.787
189.866
191.823
193.653
195.351
196.908
198.316
199.565
200.641
201.528
202.208
202.656
202.847
202.744
202.334
201.563
200.584
103.511
110.042
116.012
121.545
126.71
131.562
136.148
140.5
144.648
148.61
152.404
156.043
159.538
162.897
166.127
169.235
172.223
175.096
177.856
180.504
183.039
185.463
187.773
189.967
192.041
193.992
195.815
197.502
199.047
200.439
201.666
202.714
203.565
204.197
204.579
204.674
204.423
203.771
202.575
201.023
104.359
111.626
117.872
123.554
128.81
133.72
138.345
142.727
146.897
150.877
154.685
158.336
161.84
165.208
168.445
171.558
174.551
177.428
180.19
182.839
185.376
187.8
190.109
192.302
194.374
196.323
198.141
199.823
201.361
202.744
203.96
204.993
205.824
206.429
206.773
206.816
206.482
205.693
204.205
202.073
)
;

boundaryField
{
    carasuperior
    {
        type            fixedGradient;
        gradient        uniform 100;
    }
    lateralizquierda
    {
        type            fixedValue;
        value           uniform 100;
    }
    lateralderecha
    {
        type            fixedValue;
        value           uniform 200;
    }
    carainferior
    {
        type            zeroGradient;
    }
    frontAndBack
    {
        type            empty;
    }
}


// ************************************************************************* //
